# Event 2426
# Params: dx_requested=3.341038 dx_event(vote)=3.341038 rline(inlier)=3.341038 minvotes=4 nstart=2 cover=0.800 nlines=4
# HoughMemory: requested_MB=80.062 allocated_MB=80.062 num_x=128 directions=1281 coarsened=0 maxmem_MB=0.000
# N0=61 assigned=61 remaining_after_force=0
# Line 1: n=54 a=(-0.097,-68.055,56.190) b=(0.052,0.048,-0.997) start=(-2.320,-70.136,99.104) end=(2.353,-65.762,8.902)
# x y z globalTime peakAmplitude integratedCharge
0.992458 -66.357560 54.645346 0.000000 0.000000 0.000000
2.151469 -66.231488 52.423445 0.000000 0.000000 0.000000
2.840643 -66.348140 47.746063 0.000000 0.000000 0.000000
0.483778 -66.365520 45.890957 0.000000 0.000000 0.000000
2.982153 -66.404376 43.599838 0.000000 0.000000 0.000000
1.190706 -66.407180 41.826542 0.000000 0.000000 0.000000
1.725568 -66.482104 40.322114 0.000000 0.000000 0.000000
1.701061 -66.493372 37.792293 0.000000 0.000000 0.000000
0.747480 -66.529040 36.610775 0.000000 0.000000 0.000000
2.456369 -66.591088 34.528725 0.000000 0.000000 0.000000
2.922425 -66.605756 33.953595 0.000000 0.000000 0.000000
0.151756 -66.666520 31.187836 0.000000 0.000000 0.000000
1.741905 -66.727966 29.816169 0.000000 0.000000 0.000000
0.291315 -66.795904 27.940329 0.000000 0.000000 0.000000
-1.599816 -72.351856 99.034263 0.000000 0.000000 0.000000
-1.936859 -71.633654 98.108350 0.000000 0.000000 0.000000
-0.119794 -71.096850 95.624117 0.000000 0.000000 0.000000
-1.247258 -70.818600 94.890804 0.000000 0.000000 0.000000
-0.485769 -70.604150 92.464685 0.000000 0.000000 0.000000
-3.078359 -70.486700 91.380983 0.000000 0.000000 0.000000
-0.738950 -70.364606 88.892947 0.000000 0.000000 0.000000
-2.731804 -70.179584 87.020899 0.000000 0.000000 0.000000
-0.790915 -70.013836 86.042185 0.000000 0.000000 0.000000
-0.876640 -69.848004 83.782658 0.000000 0.000000 0.000000
0.577559 -67.047956 26.924406 0.000000 0.000000 0.000000
2.552373 -67.107050 24.722866 0.000000 0.000000 0.000000
1.775845 -67.282856 20.720538 0.000000 0.000000 0.000000
2.273068 -67.286932 18.845395 0.000000 0.000000 0.000000
2.227841 -67.385020 16.879809 0.000000 0.000000 0.000000
0.225894 -67.480950 15.725786 0.000000 0.000000 0.000000
0.130987 -67.534936 13.595902 0.000000 0.000000 0.000000
0.909185 -67.622016 12.151341 0.000000 0.000000 0.000000
3.372255 -67.720368 9.758633 0.000000 0.000000 0.000000
-3.250678 -69.762268 81.504694 0.000000 0.000000 0.000000
-2.277816 -69.531880 80.818754 0.000000 0.000000 0.000000
-0.282801 -69.279000 79.281979 0.000000 0.000000 0.000000
-2.778744 -69.078290 77.619067 0.000000 0.000000 0.000000
-3.284385 -68.895850 74.710367 0.000000 0.000000 0.000000
-2.268911 -68.670780 73.968733 0.000000 0.000000 0.000000
-3.365974 -68.479828 72.421414 0.000000 0.000000 0.000000
-0.875424 -68.251374 70.521858 0.000000 0.000000 0.000000
-0.840529 -68.092004 68.483088 0.000000 0.000000 0.000000
-0.202012 -67.847846 67.088673 0.000000 0.000000 0.000000
-1.306194 -67.700312 64.643974 0.000000 0.000000 0.000000
-3.182701 -67.557026 62.713911 0.000000 0.000000 0.000000
1.281568 -67.427410 62.694669 0.000000 0.000000 0.000000
-3.173476 -67.333808 60.765985 0.000000 0.000000 0.000000
-1.718440 -67.199372 59.580243 0.000000 0.000000 0.000000
0.922749 -67.062340 59.765565 0.000000 0.000000 0.000000
-2.639880 -67.016780 58.362725 0.000000 0.000000 0.000000
1.477328 -66.734520 55.896383 0.000000 0.000000 0.000000
0.582551 -67.827630 8.710397 0.000000 0.000000 0.000000
3.271507 -67.244000 60.687294 0.000000 0.000000 0.000000
3.363173 -66.922626 58.249413 0.000000 0.000000 0.000000
# Line 2: n=7 a=(22.625,-42.278,183.500) b=(0.179,0.175,0.968) start=(14.591,-50.127,140.075) end=(28.819,-36.227,216.978)
# x y z globalTime peakAmplitude integratedCharge
14.875000 -50.003786 140.000000 0.000000 0.000000 0.000000
16.625000 -48.339798 150.500000 0.000000 0.000000 0.000000
20.125000 -44.504384 171.500000 0.000000 0.000000 0.000000
21.875000 -42.578599 182.000000 0.000000 0.000000 0.000000
27.125000 -37.785655 210.000000 0.000000 0.000000 0.000000
28.875000 -36.328178 213.500000 0.000000 0.000000 0.000000
28.875000 -36.405623 217.000000 0.000000 0.000000 0.000000
