# Event 506
# Params: dx_requested=3.375733 dx_event(vote)=3.375733 rline(inlier)=3.375733 minvotes=4 nstart=2 cover=0.800 nlines=4
# HoughMemory: requested_MB=80.062 allocated_MB=80.062 num_x=128 directions=1281 coarsened=0 maxmem_MB=0.000
# N0=54 assigned=54 remaining_after_force=0
# Line 1: n=35 a=(0.402,-82.020,105.264) b=(0.077,0.096,-0.992) start=(-1.960,-84.998,135.891) end=(3.341,-78.314,67.151)
# x y z globalTime peakAmplitude integratedCharge
0.220119 -81.717072 110.946310 0.000000 0.000000 0.000000
3.256685 -81.404664 108.278265 0.000000 0.000000 0.000000
0.581478 -81.044574 106.105718 0.000000 0.000000 0.000000
1.217465 -80.367510 102.714364 0.000000 0.000000 0.000000
0.791672 -80.089972 101.646378 0.000000 0.000000 0.000000
1.213197 -79.934052 99.552602 0.000000 0.000000 0.000000
0.296424 -79.899768 97.838959 0.000000 0.000000 0.000000
1.195119 -79.891860 95.976189 0.000000 0.000000 0.000000
2.007125 -79.849146 89.386456 0.000000 0.000000 0.000000
0.710302 -79.854896 87.442314 0.000000 0.000000 0.000000
2.344065 -79.822780 85.002260 0.000000 0.000000 0.000000
3.429956 -80.016730 82.814997 0.000000 0.000000 0.000000
2.255925 -80.017864 79.993591 0.000000 0.000000 0.000000
1.399003 -79.966680 78.004018 0.000000 0.000000 0.000000
2.695319 -79.989794 76.956884 0.000000 0.000000 0.000000
3.332624 -79.992740 74.858469 0.000000 0.000000 0.000000
0.945440 -79.906800 71.653943 0.000000 0.000000 0.000000
2.110993 -79.892020 66.902929 0.000000 0.000000 0.000000
-2.783880 -84.894550 135.837694 0.000000 0.000000 0.000000
-3.333957 -85.310280 135.017030 0.000000 0.000000 0.000000
-3.298550 -85.240740 133.160654 0.000000 0.000000 0.000000
-0.618735 -85.202120 130.858594 0.000000 0.000000 0.000000
-2.831310 -85.050306 129.707613 0.000000 0.000000 0.000000
-2.057478 -84.963812 128.235060 0.000000 0.000000 0.000000
-0.836123 -84.813910 126.261071 0.000000 0.000000 0.000000
-2.096985 -84.556756 123.841892 0.000000 0.000000 0.000000
-2.255909 -84.278704 122.063898 0.000000 0.000000 0.000000
1.885203 -83.902660 120.176699 0.000000 0.000000 0.000000
-2.980110 -83.967626 120.341991 0.000000 0.000000 0.000000
1.459917 -83.272724 116.870819 0.000000 0.000000 0.000000
0.698332 -82.923688 115.552985 0.000000 0.000000 0.000000
1.899605 -82.589910 114.454531 0.000000 0.000000 0.000000
3.369368 -80.690760 105.717417 0.000000 0.000000 0.000000
2.899788 -83.575006 119.490794 0.000000 0.000000 0.000000
3.267123 -82.238294 111.725250 0.000000 0.000000 0.000000
# Line 2: n=19 a=(1.733,-80.377,19.959) b=(0.081,0.038,0.996) start=(0.864,-80.785,9.316) end=(18.242,-72.620,222.107)
# x y z globalTime peakAmplitude integratedCharge
3.332446 -79.870568 34.403530 0.000000 0.000000 0.000000
3.022188 -79.914740 33.675491 0.000000 0.000000 0.000000
0.391609 -79.975452 27.856261 0.000000 0.000000 0.000000
2.523294 -80.284570 23.370408 0.000000 0.000000 0.000000
3.232494 -80.313904 20.698015 0.000000 0.000000 0.000000
1.648839 -80.382696 19.581036 0.000000 0.000000 0.000000
2.018500 -80.372900 18.173834 0.000000 0.000000 0.000000
0.697902 -80.523052 15.213134 0.000000 0.000000 0.000000
1.128918 -80.591108 14.187806 0.000000 0.000000 0.000000
1.204505 -80.612260 12.559838 0.000000 0.000000 0.000000
0.078062 -80.748880 10.524106 0.000000 0.000000 0.000000
1.518717 -80.930590 9.267928 0.000000 0.000000 0.000000
16.625000 -64.403997 168.000000 0.000000 0.000000 0.000000
18.375000 -62.254798 178.500000 0.000000 0.000000 0.000000
20.125000 -60.495539 185.500000 0.000000 0.000000 0.000000
23.625000 -56.970175 203.000000 0.000000 0.000000 0.000000
27.125000 -54.062916 217.000000 0.000000 0.000000 0.000000
28.875000 -53.375070 220.500000 0.000000 0.000000 0.000000
0.094089 -79.852796 42.691790 0.000000 0.000000 0.000000
