# Event 311
# Params: dx_requested=3.672079 dx_event(vote)=3.672079 rline(inlier)=3.672079 minvotes=4 nstart=2 cover=0.800 nlines=4
# HoughMemory: requested_MB=80.062 allocated_MB=80.062 num_x=128 directions=1281 coarsened=0 maxmem_MB=0.000
# N0=151 assigned=151 remaining_after_force=0
# Line 1: n=98 a=(-1.900,-67.357,50.018) b=(0.075,-0.058,-0.996) start=(-6.215,-64.032,107.425) end=(1.154,-69.711,9.381)
# x y z globalTime peakAmplitude integratedCharge
-0.209414 -67.580372 54.554467 0.000000 0.000000 0.000000
1.287360 -67.522576 52.824102 0.000000 0.000000 0.000000
-1.694389 -67.596076 52.541124 0.000000 0.000000 0.000000
-1.530684 -67.664276 51.116830 0.000000 0.000000 0.000000
1.320254 -67.656372 48.808118 0.000000 0.000000 0.000000
-3.263346 -67.659448 48.466771 0.000000 0.000000 0.000000
-0.413091 -67.688372 47.598799 0.000000 0.000000 0.000000
1.560866 -67.799054 45.288710 0.000000 0.000000 0.000000
-3.409097 -67.818072 44.963638 0.000000 0.000000 0.000000
0.221622 -67.846600 44.206159 0.000000 0.000000 0.000000
-0.612048 -67.873180 44.009695 0.000000 0.000000 0.000000
1.194707 -67.892680 42.087944 0.000000 0.000000 0.000000
-0.215065 -67.963880 42.493074 0.000000 0.000000 0.000000
2.052387 -67.984936 39.761372 0.000000 0.000000 0.000000
-2.325564 -67.963720 40.854578 0.000000 0.000000 0.000000
0.108692 -68.029820 38.258525 0.000000 0.000000 0.000000
-1.172877 -68.001716 38.310618 0.000000 0.000000 0.000000
-3.289530 -68.049244 36.606384 0.000000 0.000000 0.000000
2.439846 -68.126880 34.350300 0.000000 0.000000 0.000000
-2.263868 -68.112848 35.553491 0.000000 0.000000 0.000000
2.168430 -68.157580 33.426824 0.000000 0.000000 0.000000
-3.057022 -68.137786 32.649437 0.000000 0.000000 0.000000
-1.415756 -68.243536 32.238570 0.000000 0.000000 0.000000
1.972596 -68.312530 29.058326 0.000000 0.000000 0.000000
-2.814992 -68.331890 29.113735 0.000000 0.000000 0.000000
2.375534 -68.351892 27.488648 0.000000 0.000000 0.000000
-1.013818 -68.364080 28.521012 0.000000 0.000000 0.000000
-6.615276 -64.066456 94.434638 0.000000 0.000000 0.000000
-6.189029 -64.248768 93.275144 0.000000 0.000000 0.000000
-5.008303 -64.430616 90.875204 0.000000 0.000000 0.000000
-5.970466 -64.566064 89.757158 0.000000 0.000000 0.000000
-4.157696 -64.721576 87.782885 0.000000 0.000000 0.000000
-5.440634 -64.923310 85.125248 0.000000 0.000000 0.000000
-6.301379 -65.106628 84.739584 0.000000 0.000000 0.000000
-3.426786 -68.609594 26.547717 0.000000 0.000000 0.000000
0.680811 -68.617652 26.476012 0.000000 0.000000 0.000000
-1.367692 -68.676904 24.791235 0.000000 0.000000 0.000000
1.848567 -68.691240 24.268565 0.000000 0.000000 0.000000
-2.027390 -68.771650 22.526469 0.000000 0.000000 0.000000
1.629586 -68.806300 23.011307 0.000000 0.000000 0.000000
-1.378147 -68.861646 20.611364 0.000000 0.000000 0.000000
3.316193 -68.890644 20.265601 0.000000 0.000000 0.000000
-1.048258 -68.975524 19.856899 0.000000 0.000000 0.000000
2.576935 -68.985800 18.511762 0.000000 0.000000 0.000000
-1.180584 -69.023816 17.826141 0.000000 0.000000 0.000000
0.084160 -69.067388 17.349433 0.000000 0.000000 0.000000
-1.846174 -69.125020 16.016632 0.000000 0.000000 0.000000
2.950383 -69.122204 15.458086 0.000000 0.000000 0.000000
-1.760068 -69.221644 14.673299 0.000000 0.000000 0.000000
1.456152 -69.256574 14.626423 0.000000 0.000000 0.000000
-3.192176 -69.271460 11.791119 0.000000 0.000000 0.000000
2.418862 -69.297564 12.092218 0.000000 0.000000 0.000000
-3.172493 -69.381066 11.236224 0.000000 0.000000 0.000000
0.088829 -69.429316 10.773439 0.000000 0.000000 0.000000
-2.894554 -69.556428 9.099789 0.000000 0.000000 0.000000
0.483802 -69.558716 9.321416 0.000000 0.000000 0.000000
-6.714734 -65.462240 82.124841 0.000000 0.000000 0.000000
-1.952688 -65.452860 81.626698 0.000000 0.000000 0.000000
-6.338779 -65.667334 79.848070 0.000000 0.000000 0.000000
-0.852762 -65.725726 80.434380 0.000000 0.000000 0.000000
-5.580218 -65.843928 78.198402 0.000000 0.000000 0.000000
-4.563745 -66.053210 77.479972 0.000000 0.000000 0.000000
-1.876712 -66.065580 76.979186 0.000000 0.000000 0.000000
-4.528794 -66.205488 75.797833 0.000000 0.000000 0.000000
-3.378815 -66.224830 75.467358 0.000000 0.000000 0.000000
-4.566928 -66.291380 74.204157 0.000000 0.000000 0.000000
-0.762786 -66.400274 73.641598 0.000000 0.000000 0.000000
-2.830082 -66.558172 71.274519 0.000000 0.000000 0.000000
-1.428221 -66.754534 69.522251 0.000000 0.000000 0.000000
-2.274674 -66.898004 67.605273 0.000000 0.000000 0.000000
-2.124054 -67.045196 66.323076 0.000000 0.000000 0.000000
-0.617294 -67.243164 65.469223 0.000000 0.000000 0.000000
-1.032707 -67.426368 62.342036 0.000000 0.000000 0.000000
0.620708 -67.407080 62.713260 0.000000 0.000000 0.000000
-2.948286 -67.517676 61.560954 0.000000 0.000000 0.000000
-1.988972 -67.572596 59.331082 0.000000 0.000000 0.000000
-2.237684 -67.666740 57.239449 0.000000 0.000000 0.000000
-2.845539 -67.690826 56.136628 0.000000 0.000000 0.000000
-7.436603 -63.151190 105.388711 0.000000 0.000000 0.000000
-8.678514 -63.314044 103.599445 0.000000 0.000000 0.000000
-7.730945 -63.725800 99.503729 0.000000 0.000000 0.000000
-8.078100 -64.470200 92.604572 0.000000 0.000000 0.000000
-7.544594 -64.812030 86.819715 0.000000 0.000000 0.000000
2.354338 -67.482600 54.959219 0.000000 0.000000 0.000000
3.222666 -67.627826 51.048447 0.000000 0.000000 0.000000
3.369704 -67.697864 47.768142 0.000000 0.000000 0.000000
3.384586 -68.063610 37.411667 0.000000 0.000000 0.000000
3.286989 -68.235754 31.782753 0.000000 0.000000 0.000000
-0.128271 -65.920526 78.930840 0.000000 0.000000 0.000000
2.035824 -67.611506 57.158160 0.000000 0.000000 0.000000
3.019279 -67.684440 55.977210 0.000000 0.000000 0.000000
-9.087773 -62.992960 107.149202 0.000000 0.000000 0.000000
-9.933535 -63.535680 101.381686 0.000000 0.000000 0.000000
-9.913723 -63.889306 97.755307 0.000000 0.000000 0.000000
-10.395165 -64.091320 96.229725 0.000000 0.000000 0.000000
-10.302127 -64.262340 94.223090 0.000000 0.000000 0.000000
-10.329517 -64.540754 90.277493 0.000000 0.000000 0.000000
-8.711318 -64.735546 89.518540 0.000000 0.000000 0.000000
# Line 2: n=53 a=(44.599,-74.708,140.599) b=(0.497,-0.090,0.863) start=(-1.049,-66.458,61.413) end=(90.564,-83.016,220.338)
# x y z globalTime peakAmplitude integratedCharge
16.625000 -69.861510 91.000000 0.000000 0.000000 0.000000
18.375000 -70.184760 94.500000 0.000000 0.000000 0.000000
20.125000 -70.563513 98.000000 0.000000 0.000000 0.000000
21.875000 -70.925088 101.500000 0.000000 0.000000 0.000000
23.625000 -70.994085 101.500000 0.000000 0.000000 0.000000
23.625000 -71.093439 105.000000 0.000000 0.000000 0.000000
25.375000 -71.214724 105.000000 0.000000 0.000000 0.000000
25.375000 -71.383030 108.500000 0.000000 0.000000 0.000000
27.125000 -71.795398 112.000000 0.000000 0.000000 0.000000
28.875000 -71.943006 112.000000 0.000000 0.000000 0.000000
28.875000 -72.042163 115.500000 0.000000 0.000000 0.000000
30.625000 -72.161805 115.500000 0.000000 0.000000 0.000000
30.625000 -72.290715 119.000000 0.000000 0.000000 0.000000
32.375000 -72.415360 119.000000 0.000000 0.000000 0.000000
34.125000 -72.713449 122.500000 0.000000 0.000000 0.000000
35.875000 -73.129806 126.000000 0.000000 0.000000 0.000000
37.625000 -73.195330 126.000000 0.000000 0.000000 0.000000
37.625000 -73.291727 129.500000 0.000000 0.000000 0.000000
39.375000 -73.646950 133.000000 0.000000 0.000000 0.000000
41.125000 -73.797142 133.000000 0.000000 0.000000 0.000000
41.125000 -73.856494 136.500000 0.000000 0.000000 0.000000
42.875000 -74.199940 140.000000 0.000000 0.000000 0.000000
44.625000 -74.193515 140.000000 0.000000 0.000000 0.000000
46.375000 -74.746895 143.500000 0.000000 0.000000 0.000000
48.125000 -75.110187 147.000000 0.000000 0.000000 0.000000
49.875000 -75.509684 150.500000 0.000000 0.000000 0.000000
51.625000 -75.737510 154.000000 0.000000 0.000000 0.000000
53.375000 -76.179293 157.500000 0.000000 0.000000 0.000000
55.125000 -76.227527 157.500000 0.000000 0.000000 0.000000
56.875000 -76.637472 161.000000 0.000000 0.000000 0.000000
58.625000 -76.971707 164.500000 0.000000 0.000000 0.000000
60.375000 -77.396647 168.000000 0.000000 0.000000 0.000000
62.125000 -77.720506 171.500000 0.000000 0.000000 0.000000
63.875000 -78.130124 175.000000 0.000000 0.000000 0.000000
65.625000 -78.537708 178.500000 0.000000 0.000000 0.000000
67.375000 -78.661020 178.500000 0.000000 0.000000 0.000000
69.125000 -79.007360 182.000000 0.000000 0.000000 0.000000
70.875000 -79.463498 185.500000 0.000000 0.000000 0.000000
72.625000 -79.940384 189.000000 0.000000 0.000000 0.000000
74.375000 -80.264456 192.500000 0.000000 0.000000 0.000000
76.125000 -80.690142 196.000000 0.000000 0.000000 0.000000
77.875000 -81.123524 199.500000 0.000000 0.000000 0.000000
79.625000 -81.273454 199.500000 0.000000 0.000000 0.000000
81.375000 -81.723681 203.000000 0.000000 0.000000 0.000000
84.875000 -82.585938 210.000000 0.000000 0.000000 0.000000
3.084914 -67.057696 68.042640 0.000000 0.000000 0.000000
2.833237 -67.162280 66.954903 0.000000 0.000000 0.000000
0.693990 -67.244860 65.261759 0.000000 0.000000 0.000000
81.375000 -81.882123 206.500000 0.000000 0.000000 0.000000
86.625000 -83.004647 213.500000 0.000000 0.000000 0.000000
90.125000 -83.892331 220.500000 0.000000 0.000000 0.000000
0.777040 -67.540264 61.843915 0.000000 0.000000 0.000000
3.126753 -67.582856 58.888549 0.000000 0.000000 0.000000
