# Event 5052
# Params: dx_requested=3.590986 dx_event(vote)=3.590986 rline(inlier)=3.590986 minvotes=4 nstart=2 cover=0.800 nlines=4
# HoughMemory: requested_MB=80.062 allocated_MB=80.062 num_x=128 directions=1281 coarsened=0 maxmem_MB=0.000
# N0=160 assigned=160 remaining_after_force=0
# Line 1: n=84 a=(-39.628,-80.450,158.972) b=(0.531,0.029,-0.847) start=(-78.135,-82.559,220.376) end=(5.983,-77.952,86.239)
# x y z globalTime peakAmplitude integratedCharge
-76.125000 -83.559980 217.000000 0.000000 0.000000 0.000000
-74.375000 -83.216565 213.500000 0.000000 0.000000 0.000000
-72.625000 -83.029758 210.000000 0.000000 0.000000 0.000000
-72.625000 -83.122443 213.500000 0.000000 0.000000 0.000000
-70.875000 -82.733572 206.500000 0.000000 0.000000 0.000000
-70.875000 -82.863791 210.000000 0.000000 0.000000 0.000000
-69.125000 -82.662164 206.500000 0.000000 0.000000 0.000000
-65.625000 -82.173407 199.500000 0.000000 0.000000 0.000000
-65.625000 -82.239370 203.000000 0.000000 0.000000 0.000000
-63.875000 -81.942750 196.000000 0.000000 0.000000 0.000000
-63.875000 -82.093160 199.500000 0.000000 0.000000 0.000000
-62.125000 -81.713562 192.500000 0.000000 0.000000 0.000000
-62.125000 -81.834496 196.000000 0.000000 0.000000 0.000000
-60.375000 -81.554581 189.000000 0.000000 0.000000 0.000000
-60.375000 -81.624024 192.500000 0.000000 0.000000 0.000000
-58.625000 -81.300882 185.500000 0.000000 0.000000 0.000000
-58.625000 -81.443958 189.000000 0.000000 0.000000 0.000000
-56.875000 -81.228758 182.000000 0.000000 0.000000 0.000000
-56.875000 -81.273095 185.500000 0.000000 0.000000 0.000000
-56.875000 -81.416171 189.000000 0.000000 0.000000 0.000000
-55.125000 -80.959939 178.500000 0.000000 0.000000 0.000000
-55.125000 -81.085127 182.000000 0.000000 0.000000 0.000000
-55.125000 -81.129464 185.500000 0.000000 0.000000 0.000000
-53.375000 -81.128110 182.000000 0.000000 0.000000 0.000000
-53.375000 -81.172447 185.500000 0.000000 0.000000 0.000000
-51.625000 -80.767062 175.000000 0.000000 0.000000 0.000000
-51.625000 -80.845712 178.500000 0.000000 0.000000 0.000000
-49.875000 -80.602499 171.500000 0.000000 0.000000 0.000000
-49.875000 -80.679919 175.000000 0.000000 0.000000 0.000000
-48.125000 -80.580389 171.500000 0.000000 0.000000 0.000000
-48.125000 -80.657809 175.000000 0.000000 0.000000 0.000000
-46.375000 -80.347675 164.500000 0.000000 0.000000 0.000000
-46.375000 -80.403217 168.000000 0.000000 0.000000 0.000000
-46.375000 -80.503482 171.500000 0.000000 0.000000 0.000000
-44.625000 -80.306092 164.500000 0.000000 0.000000 0.000000
-44.625000 -80.361634 168.000000 0.000000 0.000000 0.000000
-42.875000 -80.139392 157.500000 0.000000 0.000000 0.000000
-42.875000 -80.171042 161.000000 0.000000 0.000000 0.000000
-42.875000 -80.243802 164.500000 0.000000 0.000000 0.000000
-42.875000 -80.299344 168.000000 0.000000 0.000000 0.000000
-41.125000 -80.086823 157.500000 0.000000 0.000000 0.000000
-41.125000 -80.118473 161.000000 0.000000 0.000000 0.000000
-41.125000 -80.191233 164.500000 0.000000 0.000000 0.000000
-39.375000 -80.044989 154.000000 0.000000 0.000000 0.000000
-39.375000 -80.072171 157.500000 0.000000 0.000000 0.000000
-39.375000 -80.103821 161.000000 0.000000 0.000000 0.000000
-39.375000 -80.176581 164.500000 0.000000 0.000000 0.000000
-37.625000 -79.996432 150.500000 0.000000 0.000000 0.000000
-37.625000 -80.032175 154.000000 0.000000 0.000000 0.000000
-37.625000 -80.059357 157.500000 0.000000 0.000000 0.000000
-37.625000 -80.091007 161.000000 0.000000 0.000000 0.000000
-34.125000 -79.861954 147.000000 0.000000 0.000000 0.000000
-34.125000 -79.902490 150.500000 0.000000 0.000000 0.000000
-34.125000 -79.938233 154.000000 0.000000 0.000000 0.000000
-32.375000 -79.842038 147.000000 0.000000 0.000000 0.000000
-32.375000 -79.882574 150.500000 0.000000 0.000000 0.000000
-30.625000 -79.794559 143.500000 0.000000 0.000000 0.000000
-30.625000 -79.856360 147.000000 0.000000 0.000000 0.000000
-28.875000 -79.822840 140.000000 0.000000 0.000000 0.000000
-28.875000 -79.742249 143.500000 0.000000 0.000000 0.000000
-28.875000 -79.804050 147.000000 0.000000 0.000000 0.000000
-27.125000 -79.860384 140.000000 0.000000 0.000000 0.000000
-27.125000 -79.779793 143.500000 0.000000 0.000000 0.000000
-25.375000 -79.689732 136.500000 0.000000 0.000000 0.000000
-25.375000 -79.779344 140.000000 0.000000 0.000000 0.000000
-23.625000 -79.693377 133.000000 0.000000 0.000000 0.000000
-23.625000 -79.679156 136.500000 0.000000 0.000000 0.000000
-21.875000 -79.725775 133.000000 0.000000 0.000000 0.000000
-20.125000 -79.685633 129.500000 0.000000 0.000000 0.000000
-20.125000 -79.696856 133.000000 0.000000 0.000000 0.000000
-18.375000 -79.718928 129.500000 0.000000 0.000000 0.000000
-16.625000 -79.611623 126.000000 0.000000 0.000000 0.000000
0.477917 -78.473194 99.225141 0.000000 0.000000 0.000000
1.121658 -78.517712 98.102954 0.000000 0.000000 0.000000
2.078930 -78.527332 96.260605 0.000000 0.000000 0.000000
1.811658 -78.558808 94.173102 0.000000 0.000000 0.000000
0.721352 -78.571752 92.013084 0.000000 0.000000 0.000000
0.903522 -78.514068 91.436685 0.000000 0.000000 0.000000
0.599540 -78.537300 89.938023 0.000000 0.000000 0.000000
2.923136 -78.523248 87.820081 0.000000 0.000000 0.000000
2.667893 -78.482672 85.567641 0.000000 0.000000 0.000000
2.685226 -78.448156 84.153819 0.000000 0.000000 0.000000
-77.875000 -83.607500 217.000000 0.000000 0.000000 0.000000
-77.875000 -83.699768 220.500000 0.000000 0.000000 0.000000
# Line 2: n=59 a=(1.777,-78.317,51.555) b=(0.010,0.002,-1.000) start=(0.924,-78.519,132.780) end=(2.231,-78.210,8.294)
# x y z globalTime peakAmplitude integratedCharge
1.072981 -78.109600 53.857267 0.000000 0.000000 0.000000
2.948849 -78.058936 52.536774 0.000000 0.000000 0.000000
0.418798 -78.062354 50.126806 0.000000 0.000000 0.000000
0.600623 -78.057392 48.269477 0.000000 0.000000 0.000000
0.089929 -78.051180 46.778536 0.000000 0.000000 0.000000
2.654125 -78.072284 45.887034 0.000000 0.000000 0.000000
1.961462 -78.078350 44.368278 0.000000 0.000000 0.000000
1.971904 -78.040800 41.783074 0.000000 0.000000 0.000000
1.625061 -78.019764 39.862689 0.000000 0.000000 0.000000
1.710423 -77.998900 38.082725 0.000000 0.000000 0.000000
2.630626 -77.999920 36.198204 0.000000 0.000000 0.000000
3.036122 -78.050152 35.587067 0.000000 0.000000 0.000000
0.482188 -77.994220 33.219602 0.000000 0.000000 0.000000
2.870756 -78.025840 32.127118 0.000000 0.000000 0.000000
1.591482 -78.042828 29.621777 0.000000 0.000000 0.000000
2.416362 -78.081260 27.440148 0.000000 0.000000 0.000000
0.807390 -78.481788 105.485473 0.000000 0.000000 0.000000
0.983914 -78.455628 103.671544 0.000000 0.000000 0.000000
0.572310 -78.482734 101.327245 0.000000 0.000000 0.000000
3.086190 -78.280634 25.928028 0.000000 0.000000 0.000000
1.676136 -78.307700 25.198805 0.000000 0.000000 0.000000
2.352932 -78.349592 22.212127 0.000000 0.000000 0.000000
0.882141 -78.387072 21.580015 0.000000 0.000000 0.000000
2.835314 -78.479296 18.075539 0.000000 0.000000 0.000000
3.362488 -78.647888 12.481575 0.000000 0.000000 0.000000
1.745765 -78.738006 10.775488 0.000000 0.000000 0.000000
1.774168 -78.822180 8.287962 0.000000 0.000000 0.000000
3.031040 -78.635328 82.694963 0.000000 0.000000 0.000000
2.790689 -78.605010 80.819777 0.000000 0.000000 0.000000
0.541134 -78.564966 79.273322 0.000000 0.000000 0.000000
2.243921 -78.554720 76.375215 0.000000 0.000000 0.000000
1.407598 -78.496728 74.900136 0.000000 0.000000 0.000000
2.552735 -78.509220 73.772152 0.000000 0.000000 0.000000
0.360262 -78.467596 71.299917 0.000000 0.000000 0.000000
2.267511 -78.437780 70.172196 0.000000 0.000000 0.000000
2.819844 -78.443520 67.924255 0.000000 0.000000 0.000000
1.881195 -78.376886 66.155702 0.000000 0.000000 0.000000
1.832533 -78.395844 64.868169 0.000000 0.000000 0.000000
1.381153 -78.437768 63.098440 0.000000 0.000000 0.000000
0.116608 -78.400506 61.689776 0.000000 0.000000 0.000000
0.922400 -78.401740 59.469326 0.000000 0.000000 0.000000
2.237003 -78.369550 57.537926 0.000000 0.000000 0.000000
1.850224 -78.376840 56.039158 0.000000 0.000000 0.000000
0.177998 -78.402606 19.667124 0.000000 0.000000 0.000000
0.317121 -78.527234 16.181027 0.000000 0.000000 0.000000
1.144832 -78.551586 14.240572 0.000000 0.000000 0.000000
5.619786 -78.519910 112.014802 0.000000 0.000000 0.000000
7.358887 -78.966510 132.846659 0.000000 0.000000 0.000000
9.532898 -79.110328 131.208214 0.000000 0.000000 0.000000
8.100811 -78.931292 129.841752 0.000000 0.000000 0.000000
10.171390 -78.857400 128.478536 0.000000 0.000000 0.000000
9.802467 -78.683056 125.639098 0.000000 0.000000 0.000000
7.914528 -78.541960 124.856121 0.000000 0.000000 0.000000
9.658209 -78.477796 122.451279 0.000000 0.000000 0.000000
8.287538 -78.430256 120.213566 0.000000 0.000000 0.000000
8.519480 -78.359000 118.826499 0.000000 0.000000 0.000000
8.728908 -78.363904 116.997762 0.000000 0.000000 0.000000
9.569836 -78.331054 114.972235 0.000000 0.000000 0.000000
7.104792 -78.345068 113.680912 0.000000 0.000000 0.000000
# Line 3: n=17 a=(-20.086,-79.593,137.283) b=(0.601,0.025,-0.799) start=(-32.550,-80.119,153.862) end=(2.852,-78.626,106.770)
# x y z globalTime peakAmplitude integratedCharge
-32.375000 -79.918317 154.000000 0.000000 0.000000 0.000000
-30.625000 -79.896896 150.500000 0.000000 0.000000 0.000000
-28.875000 -79.844586 150.500000 0.000000 0.000000 0.000000
-27.125000 -79.841594 147.000000 0.000000 0.000000 0.000000
-25.375000 -79.698753 143.500000 0.000000 0.000000 0.000000
-25.375000 -79.760554 147.000000 0.000000 0.000000 0.000000
-23.625000 -79.688177 143.500000 0.000000 0.000000 0.000000
-21.875000 -79.711554 136.500000 0.000000 0.000000 0.000000
-21.875000 -79.801166 140.000000 0.000000 0.000000 0.000000
-20.125000 -79.682635 136.500000 0.000000 0.000000 0.000000
-18.375000 -79.730151 133.000000 0.000000 0.000000 0.000000
-18.375000 -79.715930 136.500000 0.000000 0.000000 0.000000
-16.625000 -79.671193 129.500000 0.000000 0.000000 0.000000
-16.625000 -79.682416 133.000000 0.000000 0.000000 0.000000
4.795616 -78.374970 108.238619 0.000000 0.000000 0.000000
1.074113 -78.473748 107.292795 0.000000 0.000000 0.000000
6.235302 -78.364074 109.660175 0.000000 0.000000 0.000000
