# Event 5746
# Params: dx_requested=3.469108 dx_event(vote)=3.469108 rline(inlier)=3.469108 minvotes=4 nstart=2 cover=0.800 nlines=4
# HoughMemory: requested_MB=80.062 allocated_MB=80.062 num_x=128 directions=1281 coarsened=0 maxmem_MB=0.000
# N0=109 assigned=109 remaining_after_force=0
# Line 1: n=73 a=(-6.546,-75.267,62.182) b=(0.040,0.051,-0.998) start=(-8.484,-77.723,110.043) end=(-4.383,-72.525,8.747)
# x y z globalTime peakAmplitude integratedCharge
-5.507141 -73.630760 54.638468 0.000000 0.000000 0.000000
-5.994552 -73.621210 53.164245 0.000000 0.000000 0.000000
-5.141911 -73.625134 50.565491 0.000000 0.000000 0.000000
-3.770167 -73.671490 48.363456 0.000000 0.000000 0.000000
-3.970374 -73.648240 47.796971 0.000000 0.000000 0.000000
-5.667495 -73.663964 45.598880 0.000000 0.000000 0.000000
-6.413369 -73.625000 43.703571 0.000000 0.000000 0.000000
-4.733345 -73.590760 41.573225 0.000000 0.000000 0.000000
-3.909989 -73.584156 39.973353 0.000000 0.000000 0.000000
-5.421051 -73.648572 38.574609 0.000000 0.000000 0.000000
-4.866884 -73.666820 36.761121 0.000000 0.000000 0.000000
-5.945093 -73.700770 35.180431 0.000000 0.000000 0.000000
-3.922632 -73.705250 33.440567 0.000000 0.000000 0.000000
-3.982612 -73.668600 30.990938 0.000000 0.000000 0.000000
-6.171381 -73.699230 30.338744 0.000000 0.000000 0.000000
-6.032049 -73.725690 28.575135 0.000000 0.000000 0.000000
-5.117885 -76.876624 87.389594 0.000000 0.000000 0.000000
-6.269900 -76.686444 85.588166 0.000000 0.000000 0.000000
-6.214293 -76.436548 84.307603 0.000000 0.000000 0.000000
-3.933249 -73.897614 25.793774 0.000000 0.000000 0.000000
-5.465515 -73.927112 24.058932 0.000000 0.000000 0.000000
-4.885444 -73.924080 22.309047 0.000000 0.000000 0.000000
-4.332731 -73.978644 21.457881 0.000000 0.000000 0.000000
-5.334806 -73.976074 19.085883 0.000000 0.000000 0.000000
-6.172735 -74.009748 16.853303 0.000000 0.000000 0.000000
-5.674183 -74.072784 15.756858 0.000000 0.000000 0.000000
-6.713611 -74.089140 13.641583 0.000000 0.000000 0.000000
-6.833905 -74.152856 11.754166 0.000000 0.000000 0.000000
-4.411762 -74.212020 10.147346 0.000000 0.000000 0.000000
-5.086397 -74.335740 8.626050 0.000000 0.000000 0.000000
-4.182120 -76.427930 82.871138 0.000000 0.000000 0.000000
-4.598456 -76.214332 80.481776 0.000000 0.000000 0.000000
-5.785539 -75.999952 79.185092 0.000000 0.000000 0.000000
-3.731292 -75.825372 76.527262 0.000000 0.000000 0.000000
-6.383765 -75.605652 75.545767 0.000000 0.000000 0.000000
-6.334119 -75.348010 73.736821 0.000000 0.000000 0.000000
-6.765105 -75.082404 71.251735 0.000000 0.000000 0.000000
-6.540685 -74.850740 69.452507 0.000000 0.000000 0.000000
-4.672282 -74.593286 67.671136 0.000000 0.000000 0.000000
-6.295440 -74.401690 66.502512 0.000000 0.000000 0.000000
-4.266486 -74.221534 65.047102 0.000000 0.000000 0.000000
-6.224252 -74.030188 62.385423 0.000000 0.000000 0.000000
-4.971988 -73.880950 61.798676 0.000000 0.000000 0.000000
-4.776352 -73.809968 60.001992 0.000000 0.000000 0.000000
-6.517113 -73.840246 57.811400 0.000000 0.000000 0.000000
-5.657483 -73.807180 55.570030 0.000000 0.000000 0.000000
-7.848044 -78.338500 110.036648 0.000000 0.000000 0.000000
-7.663584 -78.878070 108.806346 0.000000 0.000000 0.000000
-10.313865 -78.871264 106.612001 0.000000 0.000000 0.000000
-7.105777 -78.657600 104.679397 0.000000 0.000000 0.000000
-7.702703 -78.426136 103.345636 0.000000 0.000000 0.000000
-9.125065 -78.318860 101.868065 0.000000 0.000000 0.000000
-9.525138 -78.172632 99.263757 0.000000 0.000000 0.000000
-9.286558 -78.033560 98.021789 0.000000 0.000000 0.000000
-10.281048 -77.910650 96.611664 0.000000 0.000000 0.000000
-9.200064 -77.625800 92.735862 0.000000 0.000000 0.000000
-9.944205 -77.478406 91.204156 0.000000 0.000000 0.000000
-7.743042 -77.330280 88.753665 0.000000 0.000000 0.000000
-8.062531 -77.084560 87.218195 0.000000 0.000000 0.000000
-7.845522 -76.897388 85.853016 0.000000 0.000000 0.000000
-8.118874 -76.685492 83.764803 0.000000 0.000000 0.000000
-9.853622 -76.490186 81.739367 0.000000 0.000000 0.000000
-7.113992 -76.280810 79.776582 0.000000 0.000000 0.000000
-10.172429 -76.081620 78.506379 0.000000 0.000000 0.000000
-8.025383 -75.893140 76.359946 0.000000 0.000000 0.000000
-8.891683 -75.625568 75.517834 0.000000 0.000000 0.000000
-8.879978 -75.413928 74.061854 0.000000 0.000000 0.000000
-8.461825 -75.193756 71.858205 0.000000 0.000000 0.000000
-7.389957 -74.909300 70.110150 0.000000 0.000000 0.000000
-8.154354 -74.808326 67.963884 0.000000 0.000000 0.000000
-9.074687 -74.514234 65.773956 0.000000 0.000000 0.000000
-9.939981 -74.299652 64.827877 0.000000 0.000000 0.000000
-10.410457 -77.782630 93.841512 0.000000 0.000000 0.000000
# Line 2: n=36 a=(9.134,-66.169,106.320) b=(0.288,0.161,0.944) start=(-3.434,-73.206,65.141) end=(44.283,-46.489,221.480)
# x y z globalTime peakAmplitude integratedCharge
14.875000 -62.278613 129.500000 0.000000 0.000000 0.000000
16.625000 -61.573962 133.000000 0.000000 0.000000 0.000000
18.375000 -60.454193 140.000000 0.000000 0.000000 0.000000
20.125000 -59.638950 143.500000 0.000000 0.000000 0.000000
23.625000 -57.899073 154.000000 0.000000 0.000000 0.000000
27.125000 -56.175697 164.500000 0.000000 0.000000 0.000000
30.625000 -54.579486 175.000000 0.000000 0.000000 0.000000
32.375000 -53.779037 178.500000 0.000000 0.000000 0.000000
34.125000 -52.919071 185.500000 0.000000 0.000000 0.000000
1.853028 -68.482880 89.005521 0.000000 0.000000 0.000000
3.253395 -69.653846 86.124054 0.000000 0.000000 0.000000
2.947073 -69.633404 83.374251 0.000000 0.000000 0.000000
1.623593 -70.725708 82.253623 0.000000 0.000000 0.000000
-1.149650 -70.181366 80.993952 0.000000 0.000000 0.000000
2.656535 -70.565454 80.213676 0.000000 0.000000 0.000000
-0.872655 -70.737128 78.863972 0.000000 0.000000 0.000000
-0.053137 -71.222686 77.090844 0.000000 0.000000 0.000000
-1.616961 -71.261664 75.084002 0.000000 0.000000 0.000000
-3.348854 -71.917176 73.206271 0.000000 0.000000 0.000000
-0.845268 -72.150714 72.265286 0.000000 0.000000 0.000000
-0.535517 -72.539368 70.687512 0.000000 0.000000 0.000000
-1.254069 -72.793134 67.573007 0.000000 0.000000 0.000000
-0.238014 -73.458040 66.970977 0.000000 0.000000 0.000000
-1.078796 -73.436030 64.461122 0.000000 0.000000 0.000000
34.125000 -53.110214 182.000000 0.000000 0.000000 0.000000
35.875000 -52.183740 189.000000 0.000000 0.000000 0.000000
37.625000 -51.455353 192.500000 0.000000 0.000000 0.000000
39.375000 -50.571613 199.500000 0.000000 0.000000 0.000000
42.875000 -49.131711 210.000000 0.000000 0.000000 0.000000
46.375000 -47.682543 220.500000 0.000000 0.000000 0.000000
48.125000 -47.617650 220.500000 0.000000 0.000000 0.000000
0.592333 -66.476844 96.944464 0.000000 0.000000 0.000000
1.235982 -66.937194 95.104981 0.000000 0.000000 0.000000
1.458361 -67.556470 92.681981 0.000000 0.000000 0.000000
1.246217 -68.371076 90.281108 0.000000 0.000000 0.000000
0.564665 -69.188560 88.121791 0.000000 0.000000 0.000000
