# Event 3129
# Params: dx_requested=3.685748 dx_event(vote)=3.685748 rline(inlier)=3.685748 minvotes=4 nstart=2 cover=0.800 nlines=4
# HoughMemory: requested_MB=80.062 allocated_MB=80.062 num_x=128 directions=1281 coarsened=0 maxmem_MB=0.000
# N0=119 assigned=119 remaining_after_force=0
# Line 1: n=51 a=(0.408,-69.638,52.648) b=(0.070,-0.047,-0.996) start=(-2.676,-67.558,96.368) end=(3.462,-71.698,9.332)
# x y z globalTime peakAmplitude integratedCharge
1.118916 -69.867560 53.658922 0.000000 0.000000 0.000000
1.722988 -69.847504 53.225647 0.000000 0.000000 0.000000
2.445388 -69.905450 50.787528 0.000000 0.000000 0.000000
3.319648 -69.985560 49.598600 0.000000 0.000000 0.000000
3.398632 -70.031240 47.890342 0.000000 0.000000 0.000000
0.295273 -70.070264 44.833249 0.000000 0.000000 0.000000
0.770431 -70.106700 43.943759 0.000000 0.000000 0.000000
2.555764 -70.147736 42.479250 0.000000 0.000000 0.000000
3.350431 -70.185248 39.700625 0.000000 0.000000 0.000000
3.194281 -70.179600 38.384358 0.000000 0.000000 0.000000
3.299966 -70.260430 36.561139 0.000000 0.000000 0.000000
3.202101 -70.347590 34.297038 0.000000 0.000000 0.000000
1.757106 -70.339948 33.515233 0.000000 0.000000 0.000000
0.556431 -70.408326 31.907179 0.000000 0.000000 0.000000
2.604806 -70.455890 29.555720 0.000000 0.000000 0.000000
0.471714 -70.515466 28.020032 0.000000 0.000000 0.000000
-4.408908 -66.771860 96.208541 0.000000 0.000000 0.000000
-4.811119 -66.908294 94.290239 0.000000 0.000000 0.000000
-3.981538 -67.020086 92.913149 0.000000 0.000000 0.000000
-4.079243 -67.502630 86.015168 0.000000 0.000000 0.000000
-0.992979 -67.649740 83.561537 0.000000 0.000000 0.000000
0.719589 -70.763320 25.917626 0.000000 0.000000 0.000000
2.590056 -70.834960 24.257039 0.000000 0.000000 0.000000
0.844731 -70.918548 22.737787 0.000000 0.000000 0.000000
0.230541 -71.001200 20.416399 0.000000 0.000000 0.000000
3.302323 -71.087854 19.144745 0.000000 0.000000 0.000000
2.047541 -71.217768 16.195951 0.000000 0.000000 0.000000
1.263168 -71.280866 13.734605 0.000000 0.000000 0.000000
1.344495 -71.367370 12.817178 0.000000 0.000000 0.000000
3.148685 -71.466230 9.846610 0.000000 0.000000 0.000000
1.368040 -71.544116 9.176723 0.000000 0.000000 0.000000
-4.006506 -67.975836 82.140540 0.000000 0.000000 0.000000
-1.311611 -68.032972 81.584223 0.000000 0.000000 0.000000
-0.050325 -68.187180 80.949402 0.000000 0.000000 0.000000
-3.622575 -68.296000 78.691921 0.000000 0.000000 0.000000
-2.092406 -68.354248 79.362050 0.000000 0.000000 0.000000
-0.688580 -68.499554 77.398420 0.000000 0.000000 0.000000
-2.181514 -68.641632 74.827232 0.000000 0.000000 0.000000
-1.551461 -68.757476 73.771813 0.000000 0.000000 0.000000
-2.181683 -68.904540 72.092877 0.000000 0.000000 0.000000
-1.322920 -69.066406 70.005179 0.000000 0.000000 0.000000
-0.409726 -69.226180 68.923871 0.000000 0.000000 0.000000
-2.477810 -69.387372 65.772467 0.000000 0.000000 0.000000
1.361346 -69.441900 66.125394 0.000000 0.000000 0.000000
-2.163304 -69.482620 64.999909 0.000000 0.000000 0.000000
2.786717 -69.553860 64.855846 0.000000 0.000000 0.000000
0.266736 -69.739948 62.960265 0.000000 0.000000 0.000000
1.711856 -69.870966 61.520680 0.000000 0.000000 0.000000
1.055144 -69.982460 59.431457 0.000000 0.000000 0.000000
3.427447 -70.044680 58.190915 0.000000 0.000000 0.000000
1.586673 -70.094684 55.836849 0.000000 0.000000 0.000000
# Line 2: n=49 a=(55.431,-80.541,157.237) b=(0.492,-0.104,0.864) start=(14.059,-71.753,84.539) end=(91.569,-88.217,220.737)
# x y z globalTime peakAmplitude integratedCharge
14.875000 -72.409787 87.500000 0.000000 0.000000 0.000000
21.875000 -73.753457 98.000000 0.000000 0.000000 0.000000
25.375000 -74.506201 105.000000 0.000000 0.000000 0.000000
27.125000 -74.753034 108.500000 0.000000 0.000000 0.000000
30.625000 -75.310367 112.000000 0.000000 0.000000 0.000000
32.375000 -75.719940 115.500000 0.000000 0.000000 0.000000
34.125000 -76.030090 119.000000 0.000000 0.000000 0.000000
34.125000 -76.138699 122.500000 0.000000 0.000000 0.000000
35.875000 -76.255746 122.500000 0.000000 0.000000 0.000000
37.625000 -76.536464 126.000000 0.000000 0.000000 0.000000
41.125000 -77.250485 129.500000 0.000000 0.000000 0.000000
42.875000 -77.908997 136.500000 0.000000 0.000000 0.000000
44.625000 -78.327655 140.000000 0.000000 0.000000 0.000000
46.375000 -78.462778 140.000000 0.000000 0.000000 0.000000
46.375000 -78.595463 143.500000 0.000000 0.000000 0.000000
48.125000 -78.711537 143.500000 0.000000 0.000000 0.000000
49.875000 -79.202066 147.000000 0.000000 0.000000 0.000000
51.625000 -79.609570 150.500000 0.000000 0.000000 0.000000
53.375000 -79.951193 154.000000 0.000000 0.000000 0.000000
55.125000 -80.351840 157.500000 0.000000 0.000000 0.000000
56.875000 -80.506377 157.500000 0.000000 0.000000 0.000000
58.625000 -80.976700 161.000000 0.000000 0.000000 0.000000
60.375000 -81.387073 164.500000 0.000000 0.000000 0.000000
60.375000 -81.550357 168.000000 0.000000 0.000000 0.000000
62.125000 -81.703010 168.000000 0.000000 0.000000 0.000000
63.875000 -82.111907 171.500000 0.000000 0.000000 0.000000
65.625000 -82.627121 175.000000 0.000000 0.000000 0.000000
67.375000 -83.001581 178.500000 0.000000 0.000000 0.000000
69.125000 -83.392221 182.000000 0.000000 0.000000 0.000000
70.875000 -83.771252 185.500000 0.000000 0.000000 0.000000
72.625000 -84.285064 189.000000 0.000000 0.000000 0.000000
74.375000 -84.390835 189.000000 0.000000 0.000000 0.000000
76.125000 -84.731830 192.500000 0.000000 0.000000 0.000000
77.875000 -85.316106 196.000000 0.000000 0.000000 0.000000
79.625000 -85.735080 199.500000 0.000000 0.000000 0.000000
81.375000 -86.228933 203.000000 0.000000 0.000000 0.000000
83.125000 -86.755030 206.500000 0.000000 0.000000 0.000000
84.875000 -87.089510 210.000000 0.000000 0.000000 0.000000
86.625000 -87.544244 213.500000 0.000000 0.000000 0.000000
91.875000 -88.737082 220.500000 0.000000 0.000000 0.000000
14.875000 -72.371499 84.000000 0.000000 0.000000 0.000000
16.625000 -72.447672 84.000000 0.000000 0.000000 0.000000
16.625000 -72.485960 87.500000 0.000000 0.000000 0.000000
18.375000 -73.051035 91.000000 0.000000 0.000000 0.000000
20.125000 -73.403186 94.500000 0.000000 0.000000 0.000000
23.625000 -73.877834 98.000000 0.000000 0.000000 0.000000
25.375000 -74.366931 101.500000 0.000000 0.000000 0.000000
27.125000 -74.607648 105.000000 0.000000 0.000000 0.000000
88.375000 -88.005580 217.000000 0.000000 0.000000 0.000000
# Line 3: n=19 a=(-7.691,-67.097,94.173) b=(0.118,-0.068,-0.991) start=(-9.342,-66.145,107.983) end=(1.486,-72.386,17.388)
# x y z globalTime peakAmplitude integratedCharge
-6.858590 -67.152340 91.672851 0.000000 0.000000 0.000000
-5.518513 -67.238720 89.128312 0.000000 0.000000 0.000000
-4.701413 -67.352424 88.232242 0.000000 0.000000 0.000000
-5.315060 -67.662768 84.610321 0.000000 0.000000 0.000000
-5.805256 -68.149024 80.919524 0.000000 0.000000 0.000000
-6.390006 -68.457624 76.376289 0.000000 0.000000 0.000000
-7.740678 -66.003986 108.164424 0.000000 0.000000 0.000000
-10.442011 -66.261596 106.759099 0.000000 0.000000 0.000000
-8.765967 -66.366560 104.341767 0.000000 0.000000 0.000000
-9.147601 -66.543408 102.891149 0.000000 0.000000 0.000000
-7.592784 -66.710060 101.570508 0.000000 0.000000 0.000000
-8.069393 -66.811750 99.166152 0.000000 0.000000 0.000000
-8.219700 -66.918232 97.636392 0.000000 0.000000 0.000000
-8.831099 -67.048760 96.857899 0.000000 0.000000 0.000000
-7.627108 -67.144354 93.896762 0.000000 0.000000 0.000000
-10.165124 -67.254108 93.257867 0.000000 0.000000 0.000000
-7.809292 -67.291694 90.669711 0.000000 0.000000 0.000000
-9.445451 -67.370776 88.966003 0.000000 0.000000 0.000000
0.081163 -71.125354 17.133537 0.000000 0.000000 0.000000
