# Event 4265
# Params: dx_requested=3.560370 dx_event(vote)=3.560370 rline(inlier)=3.560370 minvotes=4 nstart=2 cover=0.800 nlines=4
# HoughMemory: requested_MB=80.062 allocated_MB=80.062 num_x=128 directions=1281 coarsened=0 maxmem_MB=0.000
# N0=148 assigned=148 remaining_after_force=0
# Line 1: n=96 a=(1.317,-83.414,57.942) b=(0.012,-0.021,1.000) start=(0.741,-82.380,8.260) end=(2.071,-84.767,122.980)
# x y z globalTime peakAmplitude integratedCharge
0.359052 -82.909844 53.839960 0.000000 0.000000 0.000000
1.072966 -82.824220 52.491418 0.000000 0.000000 0.000000
2.880200 -82.822326 50.392214 0.000000 0.000000 0.000000
1.556442 -82.809674 48.305516 0.000000 0.000000 0.000000
1.023543 -82.822620 46.768891 0.000000 0.000000 0.000000
2.196589 -82.810450 45.696885 0.000000 0.000000 0.000000
2.989977 -82.792432 43.694362 0.000000 0.000000 0.000000
-0.686265 -82.737414 44.139090 0.000000 0.000000 0.000000
1.243360 -82.747640 41.430881 0.000000 0.000000 0.000000
-0.058546 -82.816210 42.359527 0.000000 0.000000 0.000000
2.110376 -82.736834 40.945440 0.000000 0.000000 0.000000
0.178759 -82.721980 38.044725 0.000000 0.000000 0.000000
3.171836 -82.691680 37.371602 0.000000 0.000000 0.000000
-0.700416 -82.687286 37.074919 0.000000 0.000000 0.000000
0.284024 -82.738460 34.934412 0.000000 0.000000 0.000000
1.172178 -82.713226 33.603124 0.000000 0.000000 0.000000
3.085676 -82.633484 31.242640 0.000000 0.000000 0.000000
-1.346613 -82.623280 31.297995 0.000000 0.000000 0.000000
2.529264 -82.648694 29.947132 0.000000 0.000000 0.000000
1.775218 -82.732100 28.132038 0.000000 0.000000 0.000000
3.572786 -86.152826 110.551045 0.000000 0.000000 0.000000
3.670526 -85.781690 106.037752 0.000000 0.000000 0.000000
3.618228 -85.229052 101.731546 0.000000 0.000000 0.000000
0.667048 -85.015594 99.578528 0.000000 0.000000 0.000000
5.207841 -84.899760 97.362390 0.000000 0.000000 0.000000
3.290037 -84.877990 97.661988 0.000000 0.000000 0.000000
4.636496 -84.711380 96.913354 0.000000 0.000000 0.000000
1.805975 -84.728940 96.863049 0.000000 0.000000 0.000000
0.462079 -84.513764 93.962812 0.000000 0.000000 0.000000
3.875457 -84.334864 92.152280 0.000000 0.000000 0.000000
3.411977 -84.376092 93.388862 0.000000 0.000000 0.000000
4.254210 -84.157672 91.505757 0.000000 0.000000 0.000000
1.030491 -84.173426 90.282355 0.000000 0.000000 0.000000
3.211954 -83.962908 89.181682 0.000000 0.000000 0.000000
2.545394 -83.842730 87.130139 0.000000 0.000000 0.000000
3.350414 -83.658580 85.585057 0.000000 0.000000 0.000000
-1.089982 -83.596894 86.124115 0.000000 0.000000 0.000000
0.391101 -83.554968 83.802488 0.000000 0.000000 0.000000
-1.038501 -82.875532 26.927895 0.000000 0.000000 0.000000
2.172516 -82.862432 25.924455 0.000000 0.000000 0.000000
2.343277 -82.856020 25.028444 0.000000 0.000000 0.000000
1.214821 -82.921552 23.259186 0.000000 0.000000 0.000000
2.522611 -82.960960 20.742348 0.000000 0.000000 0.000000
2.328885 -82.981280 18.553345 0.000000 0.000000 0.000000
-1.041839 -82.970770 17.577551 0.000000 0.000000 0.000000
3.284574 -83.019526 17.689024 0.000000 0.000000 0.000000
-0.969711 -83.076116 15.988660 0.000000 0.000000 0.000000
1.890383 -83.044488 16.288373 0.000000 0.000000 0.000000
0.958831 -83.131480 13.306993 0.000000 0.000000 0.000000
1.395146 -83.077392 11.884240 0.000000 0.000000 0.000000
3.296993 -83.258734 10.321501 0.000000 0.000000 0.000000
-0.578994 -83.241552 8.368126 0.000000 0.000000 0.000000
2.327708 -83.268494 8.222869 0.000000 0.000000 0.000000
-0.758341 -83.704792 82.404570 0.000000 0.000000 0.000000
0.831119 -83.619690 82.388160 0.000000 0.000000 0.000000
-0.855193 -83.593714 80.342148 0.000000 0.000000 0.000000
0.578697 -83.598980 80.017612 0.000000 0.000000 0.000000
-0.404192 -83.500660 78.032533 0.000000 0.000000 0.000000
1.166275 -83.535192 79.241512 0.000000 0.000000 0.000000
-0.428200 -83.487524 77.560846 0.000000 0.000000 0.000000
3.250053 -83.490374 76.585907 0.000000 0.000000 0.000000
1.179583 -83.462146 75.080721 0.000000 0.000000 0.000000
-0.477300 -83.439860 72.958361 0.000000 0.000000 0.000000
0.305791 -83.421420 73.117309 0.000000 0.000000 0.000000
2.842611 -83.382574 71.227200 0.000000 0.000000 0.000000
0.278056 -83.357260 69.883098 0.000000 0.000000 0.000000
2.293892 -83.264074 68.186549 0.000000 0.000000 0.000000
-1.296827 -83.293470 66.724049 0.000000 0.000000 0.000000
1.904948 -83.268440 66.026420 0.000000 0.000000 0.000000
-1.172687 -83.266926 64.802740 0.000000 0.000000 0.000000
0.067455 -83.223236 65.378503 0.000000 0.000000 0.000000
-0.357226 -83.276734 63.374742 0.000000 0.000000 0.000000
0.780549 -83.240740 62.418603 0.000000 0.000000 0.000000
0.270582 -83.243890 61.082790 0.000000 0.000000 0.000000
-0.448166 -83.180286 60.231970 0.000000 0.000000 0.000000
0.329512 -83.218476 58.882188 0.000000 0.000000 0.000000
1.295591 -83.185552 57.799672 0.000000 0.000000 0.000000
-1.001236 -83.161054 56.644817 0.000000 0.000000 0.000000
0.975856 -83.153656 55.380605 0.000000 0.000000 0.000000
5.867071 -85.942220 109.216105 0.000000 0.000000 0.000000
5.473211 -85.557068 104.527574 0.000000 0.000000 0.000000
6.108849 -85.399908 103.337656 0.000000 0.000000 0.000000
6.429360 -85.021500 100.425542 0.000000 0.000000 0.000000
6.641659 -84.519848 93.845676 0.000000 0.000000 0.000000
3.985572 -86.689666 114.312837 0.000000 0.000000 0.000000
5.034416 -86.503124 112.067657 0.000000 0.000000 0.000000
8.177820 -86.263654 110.066113 0.000000 0.000000 0.000000
8.558881 -86.063812 108.639541 0.000000 0.000000 0.000000
9.364796 -85.868934 107.175541 0.000000 0.000000 0.000000
9.328740 -86.988568 122.849980 0.000000 0.000000 0.000000
10.286619 -87.027886 121.423458 0.000000 0.000000 0.000000
7.254171 -86.911706 119.291464 0.000000 0.000000 0.000000
8.198740 -86.730180 116.999960 0.000000 0.000000 0.000000
9.902247 -86.649300 115.151227 0.000000 0.000000 0.000000
8.965921 -86.496912 114.167836 0.000000 0.000000 0.000000
8.269579 -86.374000 111.528323 0.000000 0.000000 0.000000
# Line 2: n=26 a=(-2.468,-82.993,42.980) b=(0.003,0.007,-1.000) start=(-2.579,-83.268,84.059) end=(-2.382,-82.777,10.767)
# x y z globalTime peakAmplitude integratedCharge
-2.276020 -82.959424 54.522002 0.000000 0.000000 0.000000
-1.423264 -82.841132 53.002566 0.000000 0.000000 0.000000
-2.763303 -82.841880 50.483349 0.000000 0.000000 0.000000
-2.871614 -82.826874 48.702499 0.000000 0.000000 0.000000
-2.744663 -82.842034 46.633868 0.000000 0.000000 0.000000
-2.576212 -82.835352 46.215593 0.000000 0.000000 0.000000
-3.063196 -82.778254 39.570029 0.000000 0.000000 0.000000
-3.367387 -82.738526 37.897687 0.000000 0.000000 0.000000
-1.539789 -82.700592 34.487379 0.000000 0.000000 0.000000
-2.058114 -82.642626 33.398031 0.000000 0.000000 0.000000
-2.409162 -82.633136 29.027773 0.000000 0.000000 0.000000
-2.335718 -82.683660 27.783686 0.000000 0.000000 0.000000
-1.827483 -83.516210 84.058943 0.000000 0.000000 0.000000
-3.319059 -82.900324 25.174869 0.000000 0.000000 0.000000
-2.262367 -82.916956 23.322152 0.000000 0.000000 0.000000
-1.767621 -82.962620 21.125490 0.000000 0.000000 0.000000
-2.682373 -82.967310 19.787859 0.000000 0.000000 0.000000
-1.832235 -83.108154 13.993416 0.000000 0.000000 0.000000
-1.871041 -83.120794 12.225571 0.000000 0.000000 0.000000
-2.860324 -83.175872 10.763536 0.000000 0.000000 0.000000
-2.740807 -83.415624 75.061370 0.000000 0.000000 0.000000
-3.213706 -83.379880 71.048969 0.000000 0.000000 0.000000
-1.771502 -83.320026 70.730479 0.000000 0.000000 0.000000
-2.640814 -83.288934 68.598323 0.000000 0.000000 0.000000
-2.775131 -83.248536 61.951314 0.000000 0.000000 0.000000
-3.186146 -83.167160 57.919462 0.000000 0.000000 0.000000
# Line 3: n=26 a=(-43.413,-69.810,173.519) b=(0.462,-0.128,-0.878) start=(-68.318,-62.886,220.836) end=(-16.548,-77.279,122.477)
# x y z globalTime peakAmplitude integratedCharge
-69.125000 -63.489253 220.500000 0.000000 0.000000 0.000000
-65.625000 -63.907363 217.000000 0.000000 0.000000 0.000000
-63.875000 -64.312732 213.500000 0.000000 0.000000 0.000000
-62.125000 -64.672855 210.000000 0.000000 0.000000 0.000000
-60.375000 -65.095923 206.500000 0.000000 0.000000 0.000000
-58.625000 -65.600170 203.000000 0.000000 0.000000 0.000000
-56.875000 -66.028497 199.500000 0.000000 0.000000 0.000000
-55.125000 -66.505676 196.000000 0.000000 0.000000 0.000000
-53.375000 -66.860584 192.500000 0.000000 0.000000 0.000000
-51.625000 -67.364929 189.000000 0.000000 0.000000 0.000000
-49.875000 -67.795738 185.500000 0.000000 0.000000 0.000000
-48.125000 -68.211465 182.000000 0.000000 0.000000 0.000000
-46.375000 -68.733363 178.500000 0.000000 0.000000 0.000000
-44.625000 -69.202991 175.000000 0.000000 0.000000 0.000000
-42.875000 -69.688807 171.500000 0.000000 0.000000 0.000000
-41.125000 -70.138193 168.000000 0.000000 0.000000 0.000000
-39.375000 -70.706851 164.500000 0.000000 0.000000 0.000000
-37.625000 -71.220721 161.000000 0.000000 0.000000 0.000000
-28.875000 -73.732321 147.000000 0.000000 0.000000 0.000000
-27.125000 -74.326707 143.500000 0.000000 0.000000 0.000000
-25.375000 -74.922461 140.000000 0.000000 0.000000 0.000000
-23.625000 -75.313646 136.500000 0.000000 0.000000 0.000000
-21.875000 -75.940696 133.000000 0.000000 0.000000 0.000000
-20.125000 -76.504935 129.500000 0.000000 0.000000 0.000000
-18.375000 -77.072327 126.000000 0.000000 0.000000 0.000000
-16.625000 -77.713937 122.500000 0.000000 0.000000 0.000000
