# Event 2972
# Params: dx_requested=3.386995 dx_event(vote)=3.386995 rline(inlier)=3.386995 minvotes=4 nstart=2 cover=0.800 nlines=4
# HoughMemory: requested_MB=80.062 allocated_MB=80.062 num_x=128 directions=1281 coarsened=0 maxmem_MB=0.000
# N0=74 assigned=74 remaining_after_force=0
# Line 1: n=52 a=(4.999,-70.469,91.800) b=(0.056,0.021,0.998) start=(0.315,-72.206,8.586) end=(7.713,-69.463,140.020)
# x y z globalTime peakAmplitude integratedCharge
1.277710 -70.969708 54.439964 0.000000 0.000000 0.000000
0.755539 -71.287580 34.912419 0.000000 0.000000 0.000000
4.487811 -70.380072 110.634104 0.000000 0.000000 0.000000
6.560071 -70.443866 109.225917 0.000000 0.000000 0.000000
4.531669 -70.504614 107.371251 0.000000 0.000000 0.000000
3.599928 -70.454688 105.451511 0.000000 0.000000 0.000000
6.613437 -70.432100 102.618592 0.000000 0.000000 0.000000
5.074008 -70.419244 102.210059 0.000000 0.000000 0.000000
6.920473 -70.512680 100.408753 0.000000 0.000000 0.000000
5.830029 -70.537164 98.252331 0.000000 0.000000 0.000000
6.457778 -70.439900 96.040093 0.000000 0.000000 0.000000
4.835543 -70.511268 93.862846 0.000000 0.000000 0.000000
6.549861 -70.436108 92.485950 0.000000 0.000000 0.000000
4.371095 -70.628936 91.731600 0.000000 0.000000 0.000000
2.965708 -71.714844 22.953840 0.000000 0.000000 0.000000
1.241895 -71.827280 18.861378 0.000000 0.000000 0.000000
2.308553 -71.952930 16.173610 0.000000 0.000000 0.000000
2.548517 -72.016034 14.563721 0.000000 0.000000 0.000000
1.192118 -72.075660 11.838905 0.000000 0.000000 0.000000
2.442558 -72.237592 8.467104 0.000000 0.000000 0.000000
0.990835 -70.991340 70.581198 0.000000 0.000000 0.000000
1.875123 -71.048066 65.373533 0.000000 0.000000 0.000000
1.625020 -71.145330 61.731135 0.000000 0.000000 0.000000
1.278101 -71.153772 59.932532 0.000000 0.000000 0.000000
0.949834 -71.194294 57.267991 0.000000 0.000000 0.000000
1.592378 -71.194892 55.419828 0.000000 0.000000 0.000000
6.356093 -69.709614 129.027705 0.000000 0.000000 0.000000
6.766984 -69.846832 125.386881 0.000000 0.000000 0.000000
6.371092 -70.210220 118.978566 0.000000 0.000000 0.000000
6.104734 -70.272284 117.004370 0.000000 0.000000 0.000000
5.490186 -70.383800 115.591643 0.000000 0.000000 0.000000
5.808279 -70.439124 114.189721 0.000000 0.000000 0.000000
4.130593 -70.552436 111.532770 0.000000 0.000000 0.000000
7.289872 -68.785248 140.029849 0.000000 0.000000 0.000000
7.335486 -68.943274 138.753044 0.000000 0.000000 0.000000
7.365004 -69.045532 136.913796 0.000000 0.000000 0.000000
7.099310 -69.152532 134.851897 0.000000 0.000000 0.000000
7.814309 -69.253912 132.817820 0.000000 0.000000 0.000000
7.578431 -69.330194 130.806418 0.000000 0.000000 0.000000
7.917701 -69.451684 129.779200 0.000000 0.000000 0.000000
9.993877 -69.549114 128.413097 0.000000 0.000000 0.000000
8.526166 -69.703430 125.875734 0.000000 0.000000 0.000000
8.855932 -69.715204 124.516570 0.000000 0.000000 0.000000
10.260364 -69.789880 121.914759 0.000000 0.000000 0.000000
1.393056 -70.532820 107.987875 0.000000 0.000000 0.000000
2.914826 -70.547204 106.369801 0.000000 0.000000 0.000000
1.319363 -70.539874 104.919192 0.000000 0.000000 0.000000
3.435566 -72.124720 11.083454 0.000000 0.000000 0.000000
0.915403 -70.904712 82.537252 0.000000 0.000000 0.000000
4.434575 -69.738560 127.865462 0.000000 0.000000 0.000000
3.888450 -69.926514 124.733908 0.000000 0.000000 0.000000
4.454048 -70.000976 123.060137 0.000000 0.000000 0.000000
# Line 2: n=22 a=(-23.266,-74.457,188.489) b=(0.343,0.054,-0.938) start=(-34.886,-76.298,220.236) end=(1.879,-70.472,119.792)
# x y z globalTime peakAmplitude integratedCharge
-34.125000 -76.389756 217.000000 0.000000 0.000000 0.000000
-34.125000 -76.545600 220.500000 0.000000 0.000000 0.000000
-32.375000 -76.034462 213.500000 0.000000 0.000000 0.000000
-30.625000 -75.487426 206.500000 0.000000 0.000000 0.000000
-30.625000 -75.584802 210.000000 0.000000 0.000000 0.000000
-28.875000 -75.313260 203.000000 0.000000 0.000000 0.000000
-28.875000 -75.365500 206.500000 0.000000 0.000000 0.000000
-27.125000 -75.021475 199.500000 0.000000 0.000000 0.000000
-25.375000 -74.612805 192.500000 0.000000 0.000000 0.000000
-25.375000 -74.724427 196.000000 0.000000 0.000000 0.000000
-23.625000 -74.281708 185.500000 0.000000 0.000000 0.000000
-23.625000 -74.324810 189.000000 0.000000 0.000000 0.000000
-21.875000 -74.108488 182.000000 0.000000 0.000000 0.000000
-21.875000 -74.191086 185.500000 0.000000 0.000000 0.000000
-21.875000 -74.234188 189.000000 0.000000 0.000000 0.000000
-20.125000 -73.857778 178.500000 0.000000 0.000000 0.000000
-20.125000 -73.958960 182.000000 0.000000 0.000000 0.000000
-18.375000 -73.684284 171.500000 0.000000 0.000000 0.000000
-18.375000 -73.621186 175.000000 0.000000 0.000000 0.000000
-18.375000 -73.769468 178.500000 0.000000 0.000000 0.000000
4.201611 -70.098364 120.663275 0.000000 0.000000 0.000000
-10.304817 -72.835960 144.600390 0.000000 0.000000 0.000000
