# Event 5300
# Params: dx_requested=3.467944 dx_event(vote)=3.467944 rline(inlier)=3.467944 minvotes=4 nstart=2 cover=0.800 nlines=4
# HoughMemory: requested_MB=80.062 allocated_MB=80.062 num_x=128 directions=1281 coarsened=0 maxmem_MB=0.000
# N0=95 assigned=95 remaining_after_force=0
# Line 1: n=60 a=(3.196,-74.279,58.716) b=(0.066,0.051,0.996) start=(-0.111,-76.812,9.105) end=(6.652,-71.632,110.557)
# x y z globalTime peakAmplitude integratedCharge
3.110852 -75.040136 54.133846 0.000000 0.000000 0.000000
0.111207 -75.023560 52.958507 0.000000 0.000000 0.000000
2.780971 -75.086236 51.156444 0.000000 0.000000 0.000000
3.203154 -75.113532 49.680746 0.000000 0.000000 0.000000
2.354834 -75.125506 47.187428 0.000000 0.000000 0.000000
3.380634 -75.167968 45.022445 0.000000 0.000000 0.000000
0.277192 -75.219404 43.804341 0.000000 0.000000 0.000000
2.102624 -75.254500 41.646277 0.000000 0.000000 0.000000
2.911015 -75.269380 39.718994 0.000000 0.000000 0.000000
0.387606 -75.277264 38.647654 0.000000 0.000000 0.000000
3.174293 -75.293036 36.121134 0.000000 0.000000 0.000000
2.206671 -75.362560 35.261711 0.000000 0.000000 0.000000
1.465558 -75.355444 33.610691 0.000000 0.000000 0.000000
0.138646 -75.383636 31.826600 0.000000 0.000000 0.000000
1.565713 -75.411956 29.965175 0.000000 0.000000 0.000000
2.450760 -75.479968 28.587360 0.000000 0.000000 0.000000
5.796349 -71.854150 95.079471 0.000000 0.000000 0.000000
6.842453 -71.954956 92.357767 0.000000 0.000000 0.000000
5.226341 -72.093348 91.411657 0.000000 0.000000 0.000000
3.993487 -72.184814 89.206659 0.000000 0.000000 0.000000
5.427136 -72.356610 87.231357 0.000000 0.000000 0.000000
5.143292 -72.471966 85.457372 0.000000 0.000000 0.000000
3.798823 -72.593348 84.513870 0.000000 0.000000 0.000000
3.106870 -75.726320 26.624234 0.000000 0.000000 0.000000
1.198694 -75.734860 24.544531 0.000000 0.000000 0.000000
0.648046 -75.832140 22.305244 0.000000 0.000000 0.000000
2.305288 -75.840300 20.934308 0.000000 0.000000 0.000000
2.216861 -75.895440 18.604794 0.000000 0.000000 0.000000
0.854619 -75.930280 18.053760 0.000000 0.000000 0.000000
0.072410 -75.986792 16.032905 0.000000 0.000000 0.000000
0.181206 -76.041572 13.521627 0.000000 0.000000 0.000000
0.244608 -76.094050 11.698117 0.000000 0.000000 0.000000
0.692091 -76.223440 9.021879 0.000000 0.000000 0.000000
6.135531 -72.990344 82.637950 0.000000 0.000000 0.000000
4.046220 -73.082300 80.786596 0.000000 0.000000 0.000000
4.075616 -73.234594 78.084507 0.000000 0.000000 0.000000
5.680312 -73.419764 77.683833 0.000000 0.000000 0.000000
0.459677 -73.655432 74.505853 0.000000 0.000000 0.000000
4.846869 -73.569866 75.880595 0.000000 0.000000 0.000000
1.480734 -73.794568 74.041391 0.000000 0.000000 0.000000
4.313382 -73.717914 73.746348 0.000000 0.000000 0.000000
2.626327 -73.987830 71.970492 0.000000 0.000000 0.000000
6.060559 -73.908480 71.155962 0.000000 0.000000 0.000000
1.683419 -74.131976 70.288875 0.000000 0.000000 0.000000
3.599098 -74.058200 70.000366 0.000000 0.000000 0.000000
2.613119 -74.331226 67.774452 0.000000 0.000000 0.000000
3.391884 -74.538196 66.903733 0.000000 0.000000 0.000000
5.509260 -74.417560 66.281315 0.000000 0.000000 0.000000
2.827306 -74.690350 64.826186 0.000000 0.000000 0.000000
5.868702 -74.525274 64.025043 0.000000 0.000000 0.000000
1.229609 -74.885736 62.499431 0.000000 0.000000 0.000000
3.136914 -75.048444 61.678659 0.000000 0.000000 0.000000
2.045216 -75.153686 59.217024 0.000000 0.000000 0.000000
0.483328 -75.229072 58.031786 0.000000 0.000000 0.000000
0.994897 -75.248992 55.555785 0.000000 0.000000 0.000000
7.242871 -71.166940 110.493404 0.000000 0.000000 0.000000
8.120014 -71.164172 108.140551 0.000000 0.000000 0.000000
7.692966 -71.162354 107.134520 0.000000 0.000000 0.000000
8.091698 -71.343006 104.374028 0.000000 0.000000 0.000000
8.155267 -71.616760 99.315413 0.000000 0.000000 0.000000
# Line 2: n=13 a=(9.304,-72.029,93.308) b=(0.058,0.056,0.997) start=(4.461,-76.738,9.793) end=(9.898,-71.452,103.549)
# x y z globalTime peakAmplitude integratedCharge
9.822495 -71.498426 103.555536 0.000000 0.000000 0.000000
9.635639 -71.567596 102.144844 0.000000 0.000000 0.000000
9.551981 -71.686548 98.143856 0.000000 0.000000 0.000000
9.851779 -71.806646 96.281164 0.000000 0.000000 0.000000
10.128581 -71.953748 94.438500 0.000000 0.000000 0.000000
9.772800 -72.052840 92.940982 0.000000 0.000000 0.000000
7.725941 -72.137536 91.429793 0.000000 0.000000 0.000000
8.531135 -72.247740 89.413766 0.000000 0.000000 0.000000
9.481276 -72.363300 88.149636 0.000000 0.000000 0.000000
8.872559 -72.437560 85.811329 0.000000 0.000000 0.000000
8.972905 -72.568500 84.075571 0.000000 0.000000 0.000000
2.595728 -76.169788 9.869216 0.000000 0.000000 0.000000
6.721187 -74.225464 68.574292 0.000000 0.000000 0.000000
# Line 3: n=22 a=(-32.375,-86.366,164.111) b=(0.340,0.097,-0.935) start=(-52.978,-92.225,220.791) end=(-16.056,-81.725,119.217)
# x y z globalTime peakAmplitude integratedCharge
-44.625000 -90.034480 196.000000 0.000000 0.000000 0.000000
-44.625000 -90.098422 199.500000 0.000000 0.000000 0.000000
-42.875000 -89.559461 192.500000 0.000000 0.000000 0.000000
-41.125000 -88.654889 189.000000 0.000000 0.000000 0.000000
-39.375000 -88.285544 182.000000 0.000000 0.000000 0.000000
-39.375000 -88.209537 185.500000 0.000000 0.000000 0.000000
-37.625000 -87.785968 178.500000 0.000000 0.000000 0.000000
-34.125000 -86.726126 168.000000 0.000000 0.000000 0.000000
-32.375000 -86.109097 161.000000 0.000000 0.000000 0.000000
-32.375000 -86.121698 164.500000 0.000000 0.000000 0.000000
-30.625000 -85.837171 157.500000 0.000000 0.000000 0.000000
-30.625000 -86.006479 161.000000 0.000000 0.000000 0.000000
-28.875000 -85.405514 154.000000 0.000000 0.000000 0.000000
-25.375000 -84.410678 147.000000 0.000000 0.000000 0.000000
-21.875000 -83.442871 136.500000 0.000000 0.000000 0.000000
-20.125000 -82.996249 129.500000 0.000000 0.000000 0.000000
-20.125000 -83.087057 133.000000 0.000000 0.000000 0.000000
-16.625000 -81.818738 119.000000 0.000000 0.000000 0.000000
-53.375000 -93.643237 220.500000 0.000000 0.000000 0.000000
-51.625000 -93.056954 217.000000 0.000000 0.000000 0.000000
-49.875000 -92.468944 213.500000 0.000000 0.000000 0.000000
-48.125000 -91.850020 210.000000 0.000000 0.000000 0.000000
