# Event 5573
# Params: dx_requested=3.571692 dx_event(vote)=3.571692 rline(inlier)=3.571692 minvotes=4 nstart=2 cover=0.800 nlines=4
# HoughMemory: requested_MB=80.062 allocated_MB=80.062 num_x=128 directions=1281 coarsened=0 maxmem_MB=0.000
# N0=193 assigned=193 remaining_after_force=0
# Line 1: n=114 a=(38.129,-78.889,155.441) b=(0.519,-0.022,0.855) start=(-1.071,-77.228,90.859) end=(77.698,-80.565,220.630)
# x y z globalTime peakAmplitude integratedCharge
14.875000 -78.237695 119.000000 0.000000 0.000000 0.000000
14.875000 -78.248355 122.500000 0.000000 0.000000 0.000000
16.625000 -78.265494 119.000000 0.000000 0.000000 0.000000
16.625000 -78.276154 122.500000 0.000000 0.000000 0.000000
16.625000 -78.281375 126.000000 0.000000 0.000000 0.000000
18.375000 -78.230521 122.500000 0.000000 0.000000 0.000000
18.375000 -78.235742 126.000000 0.000000 0.000000 0.000000
18.375000 -78.234134 129.500000 0.000000 0.000000 0.000000
20.125000 -78.213027 122.500000 0.000000 0.000000 0.000000
20.125000 -78.218248 126.000000 0.000000 0.000000 0.000000
20.125000 -78.216640 129.500000 0.000000 0.000000 0.000000
21.875000 -78.256898 126.000000 0.000000 0.000000 0.000000
21.875000 -78.255290 129.500000 0.000000 0.000000 0.000000
21.875000 -78.265672 133.000000 0.000000 0.000000 0.000000
23.625000 -78.319820 129.500000 0.000000 0.000000 0.000000
23.625000 -78.330202 133.000000 0.000000 0.000000 0.000000
23.625000 -78.380504 136.500000 0.000000 0.000000 0.000000
25.375000 -78.286280 129.500000 0.000000 0.000000 0.000000
25.375000 -78.296662 133.000000 0.000000 0.000000 0.000000
25.375000 -78.346964 136.500000 0.000000 0.000000 0.000000
25.375000 -78.354524 140.000000 0.000000 0.000000 0.000000
27.125000 -78.394994 136.500000 0.000000 0.000000 0.000000
27.125000 -78.402554 140.000000 0.000000 0.000000 0.000000
27.125000 -78.479034 143.500000 0.000000 0.000000 0.000000
28.875000 -78.371551 136.500000 0.000000 0.000000 0.000000
28.875000 -78.379111 140.000000 0.000000 0.000000 0.000000
28.875000 -78.455591 143.500000 0.000000 0.000000 0.000000
30.625000 -78.387817 136.500000 0.000000 0.000000 0.000000
30.625000 -78.395377 140.000000 0.000000 0.000000 0.000000
30.625000 -78.471857 143.500000 0.000000 0.000000 0.000000
30.625000 -78.487830 147.000000 0.000000 0.000000 0.000000
32.375000 -78.436884 140.000000 0.000000 0.000000 0.000000
32.375000 -78.513364 143.500000 0.000000 0.000000 0.000000
32.375000 -78.529337 147.000000 0.000000 0.000000 0.000000
32.375000 -78.548285 150.500000 0.000000 0.000000 0.000000
34.125000 -78.553531 143.500000 0.000000 0.000000 0.000000
34.125000 -78.569504 147.000000 0.000000 0.000000 0.000000
34.125000 -78.588452 150.500000 0.000000 0.000000 0.000000
34.125000 -78.563702 154.000000 0.000000 0.000000 0.000000
35.875000 -78.605719 147.000000 0.000000 0.000000 0.000000
35.875000 -78.624667 150.500000 0.000000 0.000000 0.000000
35.875000 -78.599917 154.000000 0.000000 0.000000 0.000000
35.875000 -78.704504 157.500000 0.000000 0.000000 0.000000
37.625000 -78.604985 150.500000 0.000000 0.000000 0.000000
37.625000 -78.580235 154.000000 0.000000 0.000000 0.000000
37.625000 -78.684822 157.500000 0.000000 0.000000 0.000000
39.375000 -78.640192 150.500000 0.000000 0.000000 0.000000
39.375000 -78.615442 154.000000 0.000000 0.000000 0.000000
39.375000 -78.720029 157.500000 0.000000 0.000000 0.000000
39.375000 -78.797387 161.000000 0.000000 0.000000 0.000000
41.125000 -78.750172 157.500000 0.000000 0.000000 0.000000
41.125000 -78.827530 161.000000 0.000000 0.000000 0.000000
42.875000 -78.829212 157.500000 0.000000 0.000000 0.000000
42.875000 -78.906570 161.000000 0.000000 0.000000 0.000000
42.875000 -78.902050 164.500000 0.000000 0.000000 0.000000
44.625000 -78.929040 161.000000 0.000000 0.000000 0.000000
44.625000 -78.924520 164.500000 0.000000 0.000000 0.000000
44.625000 -78.946753 168.000000 0.000000 0.000000 0.000000
46.375000 -78.925533 164.500000 0.000000 0.000000 0.000000
46.375000 -78.947766 168.000000 0.000000 0.000000 0.000000
48.125000 -78.960296 168.000000 0.000000 0.000000 0.000000
48.125000 -79.023471 171.500000 0.000000 0.000000 0.000000
49.875000 -79.113941 171.500000 0.000000 0.000000 0.000000
49.875000 -79.223443 175.000000 0.000000 0.000000 0.000000
49.875000 -79.214576 178.500000 0.000000 0.000000 0.000000
51.625000 -79.289013 178.500000 0.000000 0.000000 0.000000
51.625000 -79.355675 182.000000 0.000000 0.000000 0.000000
53.375000 -79.304419 178.500000 0.000000 0.000000 0.000000
53.375000 -79.371081 182.000000 0.000000 0.000000 0.000000
55.125000 -79.431253 182.000000 0.000000 0.000000 0.000000
55.125000 -79.518728 185.500000 0.000000 0.000000 0.000000
56.875000 -79.469479 182.000000 0.000000 0.000000 0.000000
56.875000 -79.556954 185.500000 0.000000 0.000000 0.000000
56.875000 -79.644928 189.000000 0.000000 0.000000 0.000000
58.625000 -79.652627 185.500000 0.000000 0.000000 0.000000
58.625000 -79.740601 189.000000 0.000000 0.000000 0.000000
58.625000 -79.777411 192.500000 0.000000 0.000000 0.000000
60.375000 -79.799790 189.000000 0.000000 0.000000 0.000000
60.375000 -79.836600 192.500000 0.000000 0.000000 0.000000
60.375000 -79.935163 196.000000 0.000000 0.000000 0.000000
62.125000 -80.016675 196.000000 0.000000 0.000000 0.000000
63.875000 -80.213090 199.500000 0.000000 0.000000 0.000000
65.625000 -80.251673 199.500000 0.000000 0.000000 0.000000
65.625000 -80.315928 203.000000 0.000000 0.000000 0.000000
67.375000 -80.387555 203.000000 0.000000 0.000000 0.000000
67.375000 -80.476828 206.500000 0.000000 0.000000 0.000000
69.125000 -80.542350 206.500000 0.000000 0.000000 0.000000
70.875000 -80.756634 210.000000 0.000000 0.000000 0.000000
72.625000 -80.846940 210.000000 0.000000 0.000000 0.000000
72.625000 -80.965907 213.500000 0.000000 0.000000 0.000000
74.375000 -81.049295 213.500000 0.000000 0.000000 0.000000
76.125000 -81.202920 217.000000 0.000000 0.000000 0.000000
2.416647 -77.624340 99.125035 0.000000 0.000000 0.000000
2.785188 -77.645588 97.926405 0.000000 0.000000 0.000000
3.345446 -77.664770 96.463548 0.000000 0.000000 0.000000
0.495927 -77.658654 94.750547 0.000000 0.000000 0.000000
0.253493 -77.636512 92.166139 0.000000 0.000000 0.000000
2.147724 -77.580988 90.494326 0.000000 0.000000 0.000000
0.817935 -77.583600 89.702827 0.000000 0.000000 0.000000
14.875000 -78.253576 126.000000 0.000000 0.000000 0.000000
20.125000 -78.227022 133.000000 0.000000 0.000000 0.000000
28.875000 -78.321249 133.000000 0.000000 0.000000 0.000000
28.875000 -78.471564 147.000000 0.000000 0.000000 0.000000
35.875000 -78.589746 143.500000 0.000000 0.000000 0.000000
37.625000 -78.586037 147.000000 0.000000 0.000000 0.000000
46.375000 -78.930053 161.000000 0.000000 0.000000 0.000000
48.125000 -78.942583 161.000000 0.000000 0.000000 0.000000
48.125000 -78.938063 164.500000 0.000000 0.000000 0.000000
62.125000 -80.115088 199.500000 0.000000 0.000000 0.000000
63.875000 -80.277345 203.000000 0.000000 0.000000 0.000000
69.125000 -80.657092 210.000000 0.000000 0.000000 0.000000
74.375000 -81.138251 217.000000 0.000000 0.000000 0.000000
76.125000 -81.315487 220.500000 0.000000 0.000000 0.000000
77.875000 -81.439663 220.500000 0.000000 0.000000 0.000000
# Line 2: n=79 a=(1.087,-77.875,61.999) b=(0.027,-0.007,-1.000) start=(-0.994,-77.377,138.415) end=(2.519,-78.217,9.440)
# x y z globalTime peakAmplitude integratedCharge
1.030302 -77.664448 54.131308 0.000000 0.000000 0.000000
1.358082 -77.638180 52.688879 0.000000 0.000000 0.000000
1.213737 -77.679896 51.002997 0.000000 0.000000 0.000000
2.149088 -77.691280 49.279762 0.000000 0.000000 0.000000
0.133475 -77.680720 47.310421 0.000000 0.000000 0.000000
2.081197 -77.764770 46.045024 0.000000 0.000000 0.000000
2.337055 -77.794892 44.383059 0.000000 0.000000 0.000000
0.487880 -77.790880 41.628300 0.000000 0.000000 0.000000
1.267356 -77.824604 40.084614 0.000000 0.000000 0.000000
0.854384 -77.823176 38.778347 0.000000 0.000000 0.000000
0.954228 -77.870234 36.288032 0.000000 0.000000 0.000000
3.422829 -77.884484 34.700668 0.000000 0.000000 0.000000
1.468473 -77.922010 32.708813 0.000000 0.000000 0.000000
1.749571 -77.933260 31.285095 0.000000 0.000000 0.000000
1.845036 -77.901020 29.243574 0.000000 0.000000 0.000000
0.159925 -77.947468 27.764427 0.000000 0.000000 0.000000
-1.083771 -77.692786 110.384141 0.000000 0.000000 0.000000
-0.188567 -77.676014 108.315080 0.000000 0.000000 0.000000
-2.531321 -77.707294 106.189603 0.000000 0.000000 0.000000
0.181111 -77.624572 105.729500 0.000000 0.000000 0.000000
-0.942217 -77.632140 104.687748 0.000000 0.000000 0.000000
1.816955 -77.684192 103.505892 0.000000 0.000000 0.000000
-0.859442 -77.622160 103.989115 0.000000 0.000000 0.000000
1.123771 -77.620200 101.902934 0.000000 0.000000 0.000000
-2.465020 -77.631910 101.892292 0.000000 0.000000 0.000000
-2.586825 -77.736248 97.293940 0.000000 0.000000 0.000000
3.144679 -77.593994 86.878870 0.000000 0.000000 0.000000
0.598482 -77.586596 85.178677 0.000000 0.000000 0.000000
2.851223 -77.570288 83.641491 0.000000 0.000000 0.000000
0.959045 -78.178632 25.621588 0.000000 0.000000 0.000000
1.609458 -78.208436 23.860640 0.000000 0.000000 0.000000
1.731784 -78.299744 23.081767 0.000000 0.000000 0.000000
0.215396 -78.347340 21.397974 0.000000 0.000000 0.000000
3.328037 -78.352612 18.719655 0.000000 0.000000 0.000000
1.024404 -78.417548 17.239613 0.000000 0.000000 0.000000
2.239091 -78.517950 15.367112 0.000000 0.000000 0.000000
3.304774 -78.491424 14.517953 0.000000 0.000000 0.000000
0.617501 -78.610020 12.002809 0.000000 0.000000 0.000000
2.798877 -78.729860 10.798035 0.000000 0.000000 0.000000
2.758523 -78.815332 9.450714 0.000000 0.000000 0.000000
2.450384 -77.737072 81.715140 0.000000 0.000000 0.000000
2.992519 -77.744134 80.738240 0.000000 0.000000 0.000000
0.993798 -77.729254 78.066639 0.000000 0.000000 0.000000
1.435529 -77.700120 76.269999 0.000000 0.000000 0.000000
1.848772 -77.679114 75.708062 0.000000 0.000000 0.000000
1.181819 -77.678350 74.023511 0.000000 0.000000 0.000000
1.617717 -77.697412 71.610260 0.000000 0.000000 0.000000
1.141489 -77.706366 70.236039 0.000000 0.000000 0.000000
0.664384 -77.695312 68.644294 0.000000 0.000000 0.000000
0.944982 -77.725550 65.952902 0.000000 0.000000 0.000000
2.924408 -77.725660 64.135236 0.000000 0.000000 0.000000
3.117310 -77.759480 63.487452 0.000000 0.000000 0.000000
2.683441 -77.780572 60.700088 0.000000 0.000000 0.000000
2.622841 -77.837900 60.173051 0.000000 0.000000 0.000000
1.369200 -77.846620 57.346203 0.000000 0.000000 0.000000
1.677733 -77.834150 56.655604 0.000000 0.000000 0.000000
-1.170659 -77.870780 118.886178 0.000000 0.000000 0.000000
-0.991637 -77.867414 117.691930 0.000000 0.000000 0.000000
-2.545935 -77.870320 115.407008 0.000000 0.000000 0.000000
-1.879734 -77.845360 113.538769 0.000000 0.000000 0.000000
-2.830295 -77.638068 100.020030 0.000000 0.000000 0.000000
-6.216853 -77.398096 129.156071 0.000000 0.000000 0.000000
-6.334090 -77.551824 128.381841 0.000000 0.000000 0.000000
-3.792314 -77.684640 125.700915 0.000000 0.000000 0.000000
-5.504589 -77.783796 123.919028 0.000000 0.000000 0.000000
-4.654085 -77.817520 121.952449 0.000000 0.000000 0.000000
-6.823010 -77.822150 120.951699 0.000000 0.000000 0.000000
-4.841722 -77.841284 118.847027 0.000000 0.000000 0.000000
-5.760256 -77.803912 117.394841 0.000000 0.000000 0.000000
-6.668938 -77.873620 115.269273 0.000000 0.000000 0.000000
-4.164508 -77.819196 114.007051 0.000000 0.000000 0.000000
-3.415692 -77.872552 112.547308 0.000000 0.000000 0.000000
-7.434405 -76.286720 138.232058 0.000000 0.000000 0.000000
-7.065872 -76.609790 136.603596 0.000000 0.000000 0.000000
-9.617365 -76.900104 134.944586 0.000000 0.000000 0.000000
-9.784810 -77.060440 132.746969 0.000000 0.000000 0.000000
-7.273630 -77.261994 130.697437 0.000000 0.000000 0.000000
-8.236144 -77.406806 130.200841 0.000000 0.000000 0.000000
-8.045074 -77.590174 128.404932 0.000000 0.000000 0.000000
