# Event 4786
# Params: dx_requested=3.470843 dx_event(vote)=3.470843 rline(inlier)=3.470843 minvotes=4 nstart=2 cover=0.800 nlines=4
# HoughMemory: requested_MB=80.062 allocated_MB=80.062 num_x=128 directions=1281 coarsened=0 maxmem_MB=0.000
# N0=104 assigned=104 remaining_after_force=0
# Line 1: n=73 a=(-3.760,-63.759,69.603) b=(0.079,-0.004,-0.997) start=(-7.388,-63.599,115.117) end=(1.039,-63.971,9.398)
# x y z globalTime peakAmplitude integratedCharge
-2.029184 -63.573034 54.274669 0.000000 0.000000 0.000000
-0.368499 -63.558184 52.189528 0.000000 0.000000 0.000000
-2.556773 -63.569586 50.466737 0.000000 0.000000 0.000000
-2.521691 -63.590484 48.541267 0.000000 0.000000 0.000000
-1.519690 -63.657404 47.669731 0.000000 0.000000 0.000000
-2.830567 -63.677780 46.109542 0.000000 0.000000 0.000000
-1.016433 -63.703860 43.293985 0.000000 0.000000 0.000000
-0.998810 -63.729010 42.725215 0.000000 0.000000 0.000000
-1.101799 -63.736760 40.428146 0.000000 0.000000 0.000000
-2.609098 -63.759720 37.936952 0.000000 0.000000 0.000000
-2.227433 -63.795980 37.268409 0.000000 0.000000 0.000000
-1.958084 -63.855646 34.971149 0.000000 0.000000 0.000000
-1.895523 -63.883294 33.225631 0.000000 0.000000 0.000000
-0.153316 -63.913232 31.573349 0.000000 0.000000 0.000000
-3.079529 -63.975312 29.032203 0.000000 0.000000 0.000000
-0.241994 -64.034954 28.018281 0.000000 0.000000 0.000000
-6.830497 -63.725208 102.241250 0.000000 0.000000 0.000000
-6.507695 -63.728266 99.053133 0.000000 0.000000 0.000000
-4.833986 -63.724414 98.178394 0.000000 0.000000 0.000000
-5.352573 -63.706600 96.104864 0.000000 0.000000 0.000000
-5.526500 -63.689190 94.870822 0.000000 0.000000 0.000000
-5.788654 -63.643740 93.260982 0.000000 0.000000 0.000000
-5.093377 -63.639840 90.357181 0.000000 0.000000 0.000000
-4.962717 -63.561444 89.239671 0.000000 0.000000 0.000000
-5.938436 -63.545130 86.824351 0.000000 0.000000 0.000000
-4.863848 -63.521710 86.300606 0.000000 0.000000 0.000000
-2.412664 -63.549768 83.710534 0.000000 0.000000 0.000000
-3.640136 -63.525134 83.892201 0.000000 0.000000 0.000000
-1.695368 -64.224694 26.911401 0.000000 0.000000 0.000000
-2.739831 -64.282770 24.048811 0.000000 0.000000 0.000000
-0.420917 -64.401960 21.183423 0.000000 0.000000 0.000000
-0.633395 -64.511310 17.514558 0.000000 0.000000 0.000000
-1.210779 -64.545060 15.478954 0.000000 0.000000 0.000000
-4.412142 -63.677448 82.131799 0.000000 0.000000 0.000000
-3.367134 -63.641346 82.171717 0.000000 0.000000 0.000000
-5.298743 -63.649994 80.283887 0.000000 0.000000 0.000000
-2.730876 -63.644480 80.173030 0.000000 0.000000 0.000000
-4.385520 -63.675244 78.281194 0.000000 0.000000 0.000000
-1.826334 -63.632026 78.730462 0.000000 0.000000 0.000000
-5.618258 -63.723880 76.388331 0.000000 0.000000 0.000000
-1.013638 -63.596540 76.662552 0.000000 0.000000 0.000000
-1.939785 -63.554786 75.940998 0.000000 0.000000 0.000000
-2.039630 -63.524820 73.951007 0.000000 0.000000 0.000000
-2.323763 -63.478520 72.411294 0.000000 0.000000 0.000000
-1.566387 -63.507806 70.532924 0.000000 0.000000 0.000000
-2.672843 -63.535528 68.844667 0.000000 0.000000 0.000000
-2.625024 -63.533234 66.567965 0.000000 0.000000 0.000000
-3.015359 -63.599450 65.109470 0.000000 0.000000 0.000000
-2.683605 -63.673740 63.720213 0.000000 0.000000 0.000000
-2.368672 -63.681176 61.293327 0.000000 0.000000 0.000000
-0.649007 -63.707044 58.833911 0.000000 0.000000 0.000000
-0.770942 -63.703986 57.295120 0.000000 0.000000 0.000000
-3.407213 -63.750994 56.045783 0.000000 0.000000 0.000000
-9.380698 -63.816240 109.614336 0.000000 0.000000 0.000000
-7.949618 -63.854620 108.624181 0.000000 0.000000 0.000000
-7.514795 -63.981066 106.123851 0.000000 0.000000 0.000000
-9.193946 -64.026300 105.130655 0.000000 0.000000 0.000000
-7.908077 -63.971856 101.667134 0.000000 0.000000 0.000000
-7.069340 -63.977100 99.050977 0.000000 0.000000 0.000000
-7.496018 -63.975806 98.181271 0.000000 0.000000 0.000000
-7.385910 -63.937884 94.011383 0.000000 0.000000 0.000000
-9.370339 -63.631640 114.958659 0.000000 0.000000 0.000000
-8.825889 -63.674488 113.035963 0.000000 0.000000 0.000000
-8.263052 -63.706994 111.951050 0.000000 0.000000 0.000000
-3.361974 -64.374660 22.005908 0.000000 0.000000 0.000000
-2.850382 -64.493586 19.168587 0.000000 0.000000 0.000000
-2.560058 -64.621300 13.981856 0.000000 0.000000 0.000000
-1.623793 -64.718292 12.135157 0.000000 0.000000 0.000000
-3.368290 -64.787160 10.383424 0.000000 0.000000 0.000000
-2.099663 -64.922320 9.150941 0.000000 0.000000 0.000000
-9.460175 -64.005646 102.798436 0.000000 0.000000 0.000000
-10.343153 -63.953106 96.083566 0.000000 0.000000 0.000000
-9.156841 -63.865326 92.170390 0.000000 0.000000 0.000000
# Line 2: n=31 a=(33.648,-56.267,163.864) b=(0.380,0.070,0.922) start=(16.607,-59.404,122.500) end=(56.954,-51.977,220.435)
# x y z globalTime peakAmplitude integratedCharge
16.625000 -59.505477 122.500000 0.000000 0.000000 0.000000
18.375000 -59.208610 126.000000 0.000000 0.000000 0.000000
18.375000 -59.136003 129.500000 0.000000 0.000000 0.000000
20.125000 -58.780008 133.000000 0.000000 0.000000 0.000000
21.875000 -58.444784 136.500000 0.000000 0.000000 0.000000
23.625000 -58.165235 140.000000 0.000000 0.000000 0.000000
25.375000 -57.854368 143.500000 0.000000 0.000000 0.000000
27.125000 -57.413998 147.000000 0.000000 0.000000 0.000000
27.125000 -57.373276 150.500000 0.000000 0.000000 0.000000
28.875000 -57.215067 150.500000 0.000000 0.000000 0.000000
30.625000 -56.790436 154.000000 0.000000 0.000000 0.000000
35.875000 -55.822610 164.500000 0.000000 0.000000 0.000000
37.625000 -55.470660 171.500000 0.000000 0.000000 0.000000
39.375000 -55.127267 175.000000 0.000000 0.000000 0.000000
39.375000 -55.011183 178.500000 0.000000 0.000000 0.000000
41.125000 -54.538647 185.500000 0.000000 0.000000 0.000000
42.875000 -54.439535 185.500000 0.000000 0.000000 0.000000
44.625000 -54.177655 192.500000 0.000000 0.000000 0.000000
46.375000 -53.957300 196.000000 0.000000 0.000000 0.000000
48.125000 -53.683377 199.500000 0.000000 0.000000 0.000000
49.875000 -53.352447 203.000000 0.000000 0.000000 0.000000
56.875000 -52.400440 220.500000 0.000000 0.000000 0.000000
48.125000 -53.527847 203.000000 0.000000 0.000000 0.000000
49.875000 -53.259070 206.500000 0.000000 0.000000 0.000000
49.875000 -53.194565 210.000000 0.000000 0.000000 0.000000
51.625000 -53.057187 210.000000 0.000000 0.000000 0.000000
51.625000 -52.954791 213.500000 0.000000 0.000000 0.000000
53.375000 -52.851227 213.500000 0.000000 0.000000 0.000000
53.375000 -52.719797 217.000000 0.000000 0.000000 0.000000
55.125000 -52.604307 217.000000 0.000000 0.000000 0.000000
55.125000 -52.499880 220.500000 0.000000 0.000000 0.000000
