# Event 4985
# Params: dx_requested=3.425319 dx_event(vote)=3.425319 rline(inlier)=3.425319 minvotes=4 nstart=2 cover=0.800 nlines=4
# HoughMemory: requested_MB=80.062 allocated_MB=80.062 num_x=128 directions=1281 coarsened=0 maxmem_MB=0.000
# N0=116 assigned=116 remaining_after_force=0
# Line 1: n=75 a=(3.749,-72.754,65.363) b=(0.048,-0.020,-0.999) start=(-3.808,-69.666,222.784) end=(6.426,-73.847,9.605)
# x y z globalTime peakAmplitude integratedCharge
4.563178 -72.667994 54.752170 0.000000 0.000000 0.000000
4.868379 -72.696800 52.781670 0.000000 0.000000 0.000000
6.101810 -72.752648 50.143060 0.000000 0.000000 0.000000
3.750986 -72.811100 49.393763 0.000000 0.000000 0.000000
5.002208 -72.852166 47.329753 0.000000 0.000000 0.000000
5.216702 -72.928700 44.991541 0.000000 0.000000 0.000000
4.998619 -72.922894 43.490839 0.000000 0.000000 0.000000
5.232276 -72.956330 42.382976 0.000000 0.000000 0.000000
4.983373 -73.047454 39.673144 0.000000 0.000000 0.000000
4.961438 -73.041632 38.593588 0.000000 0.000000 0.000000
5.372753 -73.144910 36.497960 0.000000 0.000000 0.000000
6.339171 -73.207928 35.318697 0.000000 0.000000 0.000000
4.890772 -73.189570 33.459251 0.000000 0.000000 0.000000
5.710677 -73.248080 31.635074 0.000000 0.000000 0.000000
5.495358 -73.331480 29.930930 0.000000 0.000000 0.000000
6.743894 -73.342994 28.315757 0.000000 0.000000 0.000000
1.800556 -71.991900 110.056273 0.000000 0.000000 0.000000
0.575640 -72.018664 108.497029 0.000000 0.000000 0.000000
1.030775 -72.044794 106.681908 0.000000 0.000000 0.000000
1.931169 -72.062360 104.493878 0.000000 0.000000 0.000000
1.389160 -72.072864 102.554352 0.000000 0.000000 0.000000
3.410703 -72.074610 101.187881 0.000000 0.000000 0.000000
1.721936 -72.099884 99.068328 0.000000 0.000000 0.000000
3.811725 -72.049836 97.936066 0.000000 0.000000 0.000000
0.201104 -72.160220 97.875370 0.000000 0.000000 0.000000
3.815663 -72.101910 96.263746 0.000000 0.000000 0.000000
3.165499 -72.220526 95.523629 0.000000 0.000000 0.000000
1.661260 -72.117566 94.457658 0.000000 0.000000 0.000000
0.543208 -72.175574 92.909250 0.000000 0.000000 0.000000
0.659453 -72.182420 90.562255 0.000000 0.000000 0.000000
3.192160 -72.152692 88.858296 0.000000 0.000000 0.000000
4.069360 -72.164936 86.833968 0.000000 0.000000 0.000000
2.171942 -72.233686 88.105988 0.000000 0.000000 0.000000
2.393041 -72.269410 86.306303 0.000000 0.000000 0.000000
4.062296 -72.182760 83.546924 0.000000 0.000000 0.000000
0.276156 -72.280114 84.010652 0.000000 0.000000 0.000000
3.858136 -73.632720 25.903822 0.000000 0.000000 0.000000
4.284663 -73.694820 24.141370 0.000000 0.000000 0.000000
5.934688 -73.753692 23.485026 0.000000 0.000000 0.000000
4.115876 -73.828052 21.010545 0.000000 0.000000 0.000000
3.829822 -73.891766 18.627159 0.000000 0.000000 0.000000
6.685656 -73.963386 17.712240 0.000000 0.000000 0.000000
5.271329 -74.071540 16.230340 0.000000 0.000000 0.000000
6.495238 -74.139808 13.580594 0.000000 0.000000 0.000000
6.027061 -74.262128 12.421176 0.000000 0.000000 0.000000
6.230344 -74.342680 10.096117 0.000000 0.000000 0.000000
3.553024 -74.488494 9.479550 0.000000 0.000000 0.000000
0.882773 -72.546332 82.458743 0.000000 0.000000 0.000000
2.502428 -72.488440 79.804844 0.000000 0.000000 0.000000
0.405280 -72.438372 79.122865 0.000000 0.000000 0.000000
5.552775 -72.500600 76.853105 0.000000 0.000000 0.000000
4.984879 -72.478930 73.341610 0.000000 0.000000 0.000000
3.789533 -72.508612 72.225772 0.000000 0.000000 0.000000
3.423255 -72.588812 69.727151 0.000000 0.000000 0.000000
4.034762 -72.491572 69.787655 0.000000 0.000000 0.000000
4.923960 -72.541266 68.283672 0.000000 0.000000 0.000000
6.089165 -72.588560 66.524603 0.000000 0.000000 0.000000
4.151609 -72.620550 64.416613 0.000000 0.000000 0.000000
5.797219 -72.677920 63.658015 0.000000 0.000000 0.000000
5.183534 -72.741314 60.750057 0.000000 0.000000 0.000000
6.699860 -72.762440 59.371123 0.000000 0.000000 0.000000
5.971565 -72.800330 58.178768 0.000000 0.000000 0.000000
4.621642 -72.836444 55.877838 0.000000 0.000000 0.000000
0.901979 -72.156872 118.533205 0.000000 0.000000 0.000000
0.348203 -72.121606 117.399428 0.000000 0.000000 0.000000
0.940925 -72.147640 115.721031 0.000000 0.000000 0.000000
1.189507 -72.184516 113.660871 0.000000 0.000000 0.000000
0.160140 -72.165790 111.901175 0.000000 0.000000 0.000000
-41.125000 -44.558937 220.500000 0.000000 0.000000 0.000000
-34.125000 -48.114017 206.500000 0.000000 0.000000 0.000000
-32.375000 -49.059684 203.000000 0.000000 0.000000 0.000000
-21.875000 -55.313375 178.500000 0.000000 0.000000 0.000000
-20.125000 -56.286878 175.000000 0.000000 0.000000 0.000000
-18.375000 -57.300330 171.500000 0.000000 0.000000 0.000000
-9.456731 -63.596326 148.312062 0.000000 0.000000 0.000000
# Line 2: n=41 a=(6.532,-72.781,113.259) b=(0.049,-0.034,0.998) start=(4.702,-71.525,75.972) end=(8.101,-73.859,145.235)
# x y z globalTime peakAmplitude integratedCharge
3.656746 -71.954804 109.812414 0.000000 0.000000 0.000000
5.556903 -71.966944 107.873092 0.000000 0.000000 0.000000
5.960733 -72.001300 107.211253 0.000000 0.000000 0.000000
5.855250 -72.003266 104.968629 0.000000 0.000000 0.000000
6.244673 -72.007592 102.520241 0.000000 0.000000 0.000000
4.909362 -72.024384 101.957099 0.000000 0.000000 0.000000
6.641731 -72.050660 99.459484 0.000000 0.000000 0.000000
6.086575 -72.129160 94.398499 0.000000 0.000000 0.000000
5.570996 -72.129224 92.263204 0.000000 0.000000 0.000000
6.757159 -72.184120 91.737908 0.000000 0.000000 0.000000
5.284206 -72.156244 89.125792 0.000000 0.000000 0.000000
5.388943 -72.184014 85.175556 0.000000 0.000000 0.000000
5.531764 -72.433074 82.503501 0.000000 0.000000 0.000000
5.836123 -72.443946 80.308397 0.000000 0.000000 0.000000
5.956591 -72.433120 78.150076 0.000000 0.000000 0.000000
6.392749 -72.444420 75.858440 0.000000 0.000000 0.000000
5.219550 -73.052594 125.744096 0.000000 0.000000 0.000000
4.605505 -72.857952 123.879480 0.000000 0.000000 0.000000
4.948811 -72.665380 122.459332 0.000000 0.000000 0.000000
5.880116 -72.485820 120.503740 0.000000 0.000000 0.000000
5.713366 -72.336520 119.679058 0.000000 0.000000 0.000000
6.080019 -72.187916 116.940293 0.000000 0.000000 0.000000
4.508926 -72.112940 115.846364 0.000000 0.000000 0.000000
5.353405 -72.117004 114.428599 0.000000 0.000000 0.000000
4.694730 -72.147930 112.413689 0.000000 0.000000 0.000000
7.931454 -74.884860 145.208496 0.000000 0.000000 0.000000
9.380575 -74.634216 143.588341 0.000000 0.000000 0.000000
7.550348 -74.462134 141.881772 0.000000 0.000000 0.000000
9.946620 -74.313666 139.765537 0.000000 0.000000 0.000000
9.329602 -74.084376 137.686728 0.000000 0.000000 0.000000
8.758809 -73.912964 137.075925 0.000000 0.000000 0.000000
9.267498 -73.788404 134.802347 0.000000 0.000000 0.000000
8.803026 -73.595386 133.307466 0.000000 0.000000 0.000000
8.141558 -73.454846 131.190916 0.000000 0.000000 0.000000
9.826425 -73.298272 129.113607 0.000000 0.000000 0.000000
7.578803 -73.186066 128.489102 0.000000 0.000000 0.000000
4.961954 -73.902204 135.485534 0.000000 0.000000 0.000000
4.042042 -73.756714 133.208655 0.000000 0.000000 0.000000
4.444882 -73.560296 131.869723 0.000000 0.000000 0.000000
4.655251 -73.416132 130.065562 0.000000 0.000000 0.000000
4.374974 -73.202020 127.552357 0.000000 0.000000 0.000000
