# Event 3280
# Params: dx_requested=3.354947 dx_event(vote)=3.354947 rline(inlier)=3.354947 minvotes=4 nstart=2 cover=0.800 nlines=4
# HoughMemory: requested_MB=80.062 allocated_MB=80.062 num_x=128 directions=1281 coarsened=0 maxmem_MB=0.000
# N0=57 assigned=57 remaining_after_force=0
# Line 1: n=39 a=(-1.177,-76.005,32.256) b=(0.034,0.119,-0.992) start=(-2.243,-79.705,63.135) end=(-0.352,-73.138,8.334)
# x y z globalTime peakAmplitude integratedCharge
-2.664040 -78.916706 54.799716 0.000000 0.000000 0.000000
-2.875158 -78.584014 52.157954 0.000000 0.000000 0.000000
-2.709253 -78.252350 51.442747 0.000000 0.000000 0.000000
-1.189858 -77.890612 49.542474 0.000000 0.000000 0.000000
-1.136178 -77.556340 47.572828 0.000000 0.000000 0.000000
-0.093464 -77.240760 45.484174 0.000000 0.000000 0.000000
-0.115587 -76.950872 43.813700 0.000000 0.000000 0.000000
-2.055154 -76.677832 42.492357 0.000000 0.000000 0.000000
-1.812045 -76.361450 40.455977 0.000000 0.000000 0.000000
-2.706917 -76.100794 38.520255 0.000000 0.000000 0.000000
-0.741671 -75.828790 36.469436 0.000000 0.000000 0.000000
-1.353580 -75.580866 34.427554 0.000000 0.000000 0.000000
-2.994162 -75.355914 33.845941 0.000000 0.000000 0.000000
-2.705021 -75.147394 30.801536 0.000000 0.000000 0.000000
0.377133 -74.595434 29.568738 0.000000 0.000000 0.000000
-0.587542 -74.865220 29.353465 0.000000 0.000000 0.000000
-2.947508 -74.650086 27.502990 0.000000 0.000000 0.000000
-1.448039 -74.567816 25.604397 0.000000 0.000000 0.000000
-1.452615 -74.349914 24.551535 0.000000 0.000000 0.000000
-1.163605 -74.205080 22.687935 0.000000 0.000000 0.000000
-0.268293 -74.079944 20.736660 0.000000 0.000000 0.000000
-2.792756 -74.166534 19.011637 0.000000 0.000000 0.000000
1.320961 -74.126014 19.881666 0.000000 0.000000 0.000000
-3.175724 -74.179168 17.940665 0.000000 0.000000 0.000000
-2.419698 -74.165052 15.818661 0.000000 0.000000 0.000000
0.698364 -74.218020 16.388729 0.000000 0.000000 0.000000
-0.243756 -74.196380 14.318609 0.000000 0.000000 0.000000
0.328971 -74.249354 13.735779 0.000000 0.000000 0.000000
-0.898530 -74.236860 11.834762 0.000000 0.000000 0.000000
2.424698 -74.257366 12.145877 0.000000 0.000000 0.000000
-1.185919 -74.364612 10.335642 0.000000 0.000000 0.000000
2.457463 -74.339392 10.386046 0.000000 0.000000 0.000000
-2.055043 -74.363514 8.472218 0.000000 0.000000 0.000000
0.732639 -74.395710 8.220351 0.000000 0.000000 0.000000
-1.153360 -80.980694 63.020091 0.000000 0.000000 0.000000
-1.660247 -80.598620 61.688916 0.000000 0.000000 0.000000
-2.728191 -80.212976 59.595695 0.000000 0.000000 0.000000
-0.050658 -79.867048 57.275039 0.000000 0.000000 0.000000
-2.864649 -79.517340 56.088729 0.000000 0.000000 0.000000
# Line 2: n=18 a=(19.182,-56.816,109.336) b=(0.197,0.198,0.960) start=(0.640,-75.426,18.884) end=(40.524,-35.396,213.448)
# x y z globalTime peakAmplitude integratedCharge
14.875000 -59.124481 94.500000 0.000000 0.000000 0.000000
16.625000 -57.698752 101.500000 0.000000 0.000000 0.000000
21.875000 -52.973454 126.000000 0.000000 0.000000 0.000000
25.375000 -50.001088 140.000000 0.000000 0.000000 0.000000
27.125000 -48.421887 147.000000 0.000000 0.000000 0.000000
28.875000 -46.765071 157.500000 0.000000 0.000000 0.000000
30.625000 -45.309109 164.500000 0.000000 0.000000 0.000000
32.375000 -43.430217 175.000000 0.000000 0.000000 0.000000
35.875000 -40.750027 189.000000 0.000000 0.000000 0.000000
37.625000 -39.424736 196.000000 0.000000 0.000000 0.000000
41.125000 -36.249005 213.500000 0.000000 0.000000 0.000000
0.831392 -74.286170 31.999644 0.000000 0.000000 0.000000
2.442046 -74.373176 27.688912 0.000000 0.000000 0.000000
2.456819 -74.464020 26.537598 0.000000 0.000000 0.000000
2.899815 -74.325160 25.050015 0.000000 0.000000 0.000000
2.269406 -74.173304 22.075588 0.000000 0.000000 0.000000
2.825090 -74.103248 20.862182 0.000000 0.000000 0.000000
2.874964 -74.151904 18.163812 0.000000 0.000000 0.000000
