# Event 4309
# Params: dx_requested=3.564094 dx_event(vote)=3.564094 rline(inlier)=3.564094 minvotes=4 nstart=2 cover=0.800 nlines=4
# HoughMemory: requested_MB=80.062 allocated_MB=80.062 num_x=128 directions=1281 coarsened=0 maxmem_MB=0.000
# N0=156 assigned=156 remaining_after_force=0
# Line 1: n=109 a=(-0.053,-77.765,72.743) b=(0.048,0.035,-0.998) start=(-3.194,-80.081,138.290) end=(2.944,-75.556,10.234)
# x y z globalTime peakAmplitude integratedCharge
2.942446 -76.787500 53.883966 0.000000 0.000000 0.000000
-1.525846 -76.813746 53.768905 0.000000 0.000000 0.000000
1.224324 -76.696424 53.124343 0.000000 0.000000 0.000000
-0.907635 -76.745560 52.599331 0.000000 0.000000 0.000000
0.662480 -76.681324 50.460562 0.000000 0.000000 0.000000
0.600779 -76.651136 49.582073 0.000000 0.000000 0.000000
0.169045 -76.724708 47.069195 0.000000 0.000000 0.000000
2.938588 -76.654100 44.884635 0.000000 0.000000 0.000000
0.282329 -76.656628 43.554130 0.000000 0.000000 0.000000
2.439961 -76.660730 41.252746 0.000000 0.000000 0.000000
1.406358 -76.690520 40.088439 0.000000 0.000000 0.000000
1.501527 -76.711670 38.920875 0.000000 0.000000 0.000000
-0.164302 -76.657104 39.225692 0.000000 0.000000 0.000000
2.502338 -76.668750 37.437035 0.000000 0.000000 0.000000
0.251709 -76.664056 35.301534 0.000000 0.000000 0.000000
1.708703 -76.631780 33.473263 0.000000 0.000000 0.000000
1.156565 -76.606960 31.197174 0.000000 0.000000 0.000000
-0.318457 -76.645624 30.890557 0.000000 0.000000 0.000000
3.001084 -76.605000 29.143147 0.000000 0.000000 0.000000
2.720229 -76.601348 27.823574 0.000000 0.000000 0.000000
-0.563810 -79.337060 110.121775 0.000000 0.000000 0.000000
-1.189273 -79.069854 107.936533 0.000000 0.000000 0.000000
-1.530591 -78.805680 106.019092 0.000000 0.000000 0.000000
-0.189860 -78.499988 105.512872 0.000000 0.000000 0.000000
0.634088 -78.066500 102.847227 0.000000 0.000000 0.000000
-0.545155 -78.200040 103.251618 0.000000 0.000000 0.000000
1.041659 -77.926294 101.612696 0.000000 0.000000 0.000000
-2.969241 -77.956960 100.958973 0.000000 0.000000 0.000000
-0.412320 -77.915480 100.453382 0.000000 0.000000 0.000000
-2.225600 -77.883270 98.614192 0.000000 0.000000 0.000000
0.814416 -77.782140 96.278882 0.000000 0.000000 0.000000
-0.443325 -77.814392 96.237073 0.000000 0.000000 0.000000
-1.003027 -77.761240 94.637832 0.000000 0.000000 0.000000
1.643521 -77.698432 92.921350 0.000000 0.000000 0.000000
-2.609247 -77.686212 92.584259 0.000000 0.000000 0.000000
1.211857 -77.658570 91.680459 0.000000 0.000000 0.000000
-2.812316 -77.639136 91.539888 0.000000 0.000000 0.000000
0.996535 -77.584784 89.875222 0.000000 0.000000 0.000000
-2.275656 -77.600910 89.751421 0.000000 0.000000 0.000000
1.745871 -77.535510 87.461212 0.000000 0.000000 0.000000
-1.720352 -77.543586 87.067130 0.000000 0.000000 0.000000
1.141434 -77.528580 85.664832 0.000000 0.000000 0.000000
-2.659244 -77.480756 86.322912 0.000000 0.000000 0.000000
2.100384 -77.470936 84.016260 0.000000 0.000000 0.000000
-0.228709 -77.458472 83.270878 0.000000 0.000000 0.000000
1.162328 -76.800080 26.252983 0.000000 0.000000 0.000000
3.086952 -76.786320 23.942305 0.000000 0.000000 0.000000
1.660432 -76.840692 23.427775 0.000000 0.000000 0.000000
2.713707 -76.851460 21.462788 0.000000 0.000000 0.000000
2.737693 -76.929468 18.605802 0.000000 0.000000 0.000000
3.160028 -76.883560 17.372580 0.000000 0.000000 0.000000
3.397002 -76.972944 16.052299 0.000000 0.000000 0.000000
1.664844 -76.948884 12.332129 0.000000 0.000000 0.000000
2.347000 -77.082140 10.151081 0.000000 0.000000 0.000000
-2.443949 -77.525074 82.477858 0.000000 0.000000 0.000000
2.689439 -77.581414 82.926184 0.000000 0.000000 0.000000
-1.287405 -77.513636 80.270238 0.000000 0.000000 0.000000
2.945227 -77.455346 80.451079 0.000000 0.000000 0.000000
-2.000694 -77.487432 79.452694 0.000000 0.000000 0.000000
2.700753 -77.420800 79.341916 0.000000 0.000000 0.000000
-2.830540 -77.368524 76.287470 0.000000 0.000000 0.000000
1.835907 -77.354080 77.313040 0.000000 0.000000 0.000000
-1.077905 -77.337900 75.441673 0.000000 0.000000 0.000000
1.065837 -77.314140 74.921547 0.000000 0.000000 0.000000
-2.988114 -77.308990 73.500801 0.000000 0.000000 0.000000
2.272344 -77.224488 73.419718 0.000000 0.000000 0.000000
-1.945146 -77.230980 71.980240 0.000000 0.000000 0.000000
2.112149 -77.280590 71.143802 0.000000 0.000000 0.000000
-0.776004 -77.228640 69.728180 0.000000 0.000000 0.000000
2.248840 -77.191780 70.055462 0.000000 0.000000 0.000000
-0.570975 -77.192820 68.051603 0.000000 0.000000 0.000000
1.454040 -77.128360 67.820374 0.000000 0.000000 0.000000
-1.878394 -77.152710 66.370258 0.000000 0.000000 0.000000
0.788721 -77.130634 67.140241 0.000000 0.000000 0.000000
2.380388 -77.139160 64.687727 0.000000 0.000000 0.000000
-0.243991 -77.113854 62.909058 0.000000 0.000000 0.000000
0.256226 -77.175120 62.887563 0.000000 0.000000 0.000000
-1.287880 -77.087012 61.494248 0.000000 0.000000 0.000000
1.111030 -77.131464 61.509083 0.000000 0.000000 0.000000
-2.206851 -77.094274 59.616725 0.000000 0.000000 0.000000
2.322715 -77.063660 59.104367 0.000000 0.000000 0.000000
3.201321 -77.128960 58.445050 0.000000 0.000000 0.000000
-0.753908 -76.983666 56.487059 0.000000 0.000000 0.000000
0.547210 -77.047080 55.670010 0.000000 0.000000 0.000000
-3.993853 -82.449970 126.719892 0.000000 0.000000 0.000000
-3.621277 -82.002040 124.846399 0.000000 0.000000 0.000000
-6.106516 -81.534046 122.828472 0.000000 0.000000 0.000000
-4.531845 -81.168300 120.176722 0.000000 0.000000 0.000000
-1.566155 -80.811780 118.546588 0.000000 0.000000 0.000000
-3.980250 -80.821344 118.442010 0.000000 0.000000 0.000000
-1.147398 -80.545264 117.324209 0.000000 0.000000 0.000000
-4.398289 -80.509894 117.265537 0.000000 0.000000 0.000000
-0.085587 -80.238532 114.772795 0.000000 0.000000 0.000000
-4.081079 -80.266028 116.015370 0.000000 0.000000 0.000000
-1.048233 -80.012744 113.442861 0.000000 0.000000 0.000000
-4.453232 -80.033204 113.529215 0.000000 0.000000 0.000000
-2.431830 -79.759266 111.566134 0.000000 0.000000 0.000000
-3.826025 -79.838380 112.537799 0.000000 0.000000 0.000000
2.998244 -77.788166 95.107971 0.000000 0.000000 0.000000
-4.550487 -84.005820 131.942581 0.000000 0.000000 0.000000
-6.242659 -83.460034 128.958602 0.000000 0.000000 0.000000
-6.478803 -82.958404 127.672651 0.000000 0.000000 0.000000
-10.002530 -85.807860 137.760952 0.000000 0.000000 0.000000
-7.517209 -85.507708 136.833104 0.000000 0.000000 0.000000
-8.545219 -85.159350 134.730723 0.000000 0.000000 0.000000
-8.095351 -84.804394 133.179854 0.000000 0.000000 0.000000
-7.356150 -84.364860 131.958631 0.000000 0.000000 0.000000
-8.036189 -83.781464 129.827530 0.000000 0.000000 0.000000
-8.127197 -83.227246 127.547579 0.000000 0.000000 0.000000
# Line 2: n=27 a=(-2.129,-76.809,31.023) b=(0.034,-0.003,-0.999) start=(-3.257,-76.700,64.427) end=(-1.382,-76.882,8.912)
# x y z globalTime peakAmplitude integratedCharge
-2.852876 -76.724572 50.067333 0.000000 0.000000 0.000000
-1.950686 -76.687432 48.489425 0.000000 0.000000 0.000000
-2.600987 -76.690412 47.794179 0.000000 0.000000 0.000000
-3.213044 -76.661268 45.072369 0.000000 0.000000 0.000000
-2.825828 -76.687250 43.790203 0.000000 0.000000 0.000000
-1.813673 -76.684234 41.586637 0.000000 0.000000 0.000000
-1.739193 -76.606520 39.944980 0.000000 0.000000 0.000000
-2.242115 -76.682788 36.223303 0.000000 0.000000 0.000000
-3.106974 -76.580890 34.273852 0.000000 0.000000 0.000000
-3.161515 -76.618786 33.894238 0.000000 0.000000 0.000000
-1.411767 -76.605560 29.316866 0.000000 0.000000 0.000000
-1.725346 -76.614636 27.535042 0.000000 0.000000 0.000000
-2.422497 -76.791840 26.590929 0.000000 0.000000 0.000000
-3.375426 -76.803766 24.803174 0.000000 0.000000 0.000000
-1.487050 -76.790140 22.903662 0.000000 0.000000 0.000000
-0.468384 -76.858340 21.086279 0.000000 0.000000 0.000000
-0.794895 -76.901336 19.763913 0.000000 0.000000 0.000000
-2.708572 -76.905180 17.863184 0.000000 0.000000 0.000000
-0.774628 -76.918090 15.019526 0.000000 0.000000 0.000000
-2.738789 -76.950036 13.472618 0.000000 0.000000 0.000000
0.193206 -76.946500 13.619480 0.000000 0.000000 0.000000
-3.419435 -77.010516 12.358720 0.000000 0.000000 0.000000
-0.573031 -77.015594 9.974717 0.000000 0.000000 0.000000
-1.628082 -77.114910 8.904019 0.000000 0.000000 0.000000
-3.283016 -77.139594 64.427298 0.000000 0.000000 0.000000
-3.219487 -77.054060 57.827153 0.000000 0.000000 0.000000
0.547748 -77.089416 9.236452 0.000000 0.000000 0.000000
# Line 3: n=20 a=(31.667,-64.103,158.129) b=(0.472,0.201,0.859) start=(-0.474,-77.780,99.641) end=(66.199,-49.409,220.969)
# x y z globalTime peakAmplitude integratedCharge
14.875000 -70.560396 129.500000 0.000000 0.000000 0.000000
16.625000 -69.740467 133.000000 0.000000 0.000000 0.000000
18.375000 -68.903199 136.500000 0.000000 0.000000 0.000000
20.125000 -67.986520 140.000000 0.000000 0.000000 0.000000
21.875000 -67.256987 143.500000 0.000000 0.000000 0.000000
28.875000 -64.423600 154.000000 0.000000 0.000000 0.000000
30.625000 -63.678280 157.500000 0.000000 0.000000 0.000000
41.125000 -59.720596 175.000000 0.000000 0.000000 0.000000
42.875000 -59.045791 178.500000 0.000000 0.000000 0.000000
44.625000 -58.330140 182.000000 0.000000 0.000000 0.000000
46.375000 -57.591230 185.500000 0.000000 0.000000 0.000000
55.125000 -54.493860 199.500000 0.000000 0.000000 0.000000
56.875000 -53.789763 203.000000 0.000000 0.000000 0.000000
58.625000 -53.116103 206.500000 0.000000 0.000000 0.000000
60.375000 -52.422085 210.000000 0.000000 0.000000 0.000000
67.375000 -50.165465 220.500000 0.000000 0.000000 0.000000
1.704754 -77.181024 106.595527 0.000000 0.000000 0.000000
1.994403 -77.863494 104.569225 0.000000 0.000000 0.000000
1.793495 -77.907928 99.212042 0.000000 0.000000 0.000000
3.094107 -77.890080 97.706018 0.000000 0.000000 0.000000
