# Event 5151
# Params: dx_requested=3.474769 dx_event(vote)=3.474769 rline(inlier)=3.474769 minvotes=4 nstart=2 cover=0.800 nlines=4
# HoughMemory: requested_MB=80.062 allocated_MB=80.062 num_x=128 directions=1281 coarsened=0 maxmem_MB=0.000
# N0=86 assigned=86 remaining_after_force=0
# Line 1: n=56 a=(0.065,-79.894,44.462) b=(0.180,0.132,-0.975) start=(-6.383,-84.630,79.309) end=(6.598,-75.096,9.161)
# x y z globalTime peakAmplitude integratedCharge
-3.231000 -80.835034 53.882339 0.000000 0.000000 0.000000
-0.611552 -80.570594 52.472796 0.000000 0.000000 0.000000
-0.933124 -80.314380 51.118094 0.000000 0.000000 0.000000
0.346580 -79.999120 49.621030 0.000000 0.000000 0.000000
-1.383010 -80.031428 48.797433 0.000000 0.000000 0.000000
1.874520 -79.804406 47.193084 0.000000 0.000000 0.000000
-2.084193 -79.844128 47.491742 0.000000 0.000000 0.000000
2.428368 -79.566932 45.507437 0.000000 0.000000 0.000000
-0.457950 -79.629548 45.908809 0.000000 0.000000 0.000000
0.165196 -79.337696 43.091829 0.000000 0.000000 0.000000
-2.870476 -79.424926 43.308170 0.000000 0.000000 0.000000
1.422073 -79.098060 42.746618 0.000000 0.000000 0.000000
-0.623216 -79.210914 42.042484 0.000000 0.000000 0.000000
1.856028 -78.829254 40.511720 0.000000 0.000000 0.000000
-0.380908 -78.930390 40.990938 0.000000 0.000000 0.000000
0.964583 -78.576060 38.014488 0.000000 0.000000 0.000000
2.264144 -78.365186 37.392684 0.000000 0.000000 0.000000
1.256788 -78.163776 35.589586 0.000000 0.000000 0.000000
0.710195 -77.930010 32.532920 0.000000 0.000000 0.000000
2.813038 -77.702728 31.604998 0.000000 0.000000 0.000000
4.925428 -76.940594 30.026821 0.000000 0.000000 0.000000
2.368563 -77.480390 29.860556 0.000000 0.000000 0.000000
4.826284 -76.986016 28.411979 0.000000 0.000000 0.000000
1.880330 -77.304340 27.651114 0.000000 0.000000 0.000000
3.281470 -77.268348 26.351168 0.000000 0.000000 0.000000
5.548689 -77.102894 26.049155 0.000000 0.000000 0.000000
3.105540 -77.073614 24.748688 0.000000 0.000000 0.000000
5.771808 -76.937030 23.906631 0.000000 0.000000 0.000000
6.938006 -76.859046 22.807589 0.000000 0.000000 0.000000
4.464005 -76.784484 21.241638 0.000000 0.000000 0.000000
3.868825 -76.836834 18.973975 0.000000 0.000000 0.000000
4.218398 -76.889832 17.649616 0.000000 0.000000 0.000000
2.790901 -76.983844 16.484492 0.000000 0.000000 0.000000
5.037060 -76.923334 15.378854 0.000000 0.000000 0.000000
4.470485 -76.985766 14.437247 0.000000 0.000000 0.000000
6.070081 -77.068420 12.909607 0.000000 0.000000 0.000000
4.527078 -77.082446 10.882248 0.000000 0.000000 0.000000
-6.038428 -85.700634 79.227202 0.000000 0.000000 0.000000
-6.841396 -85.429804 77.244386 0.000000 0.000000 0.000000
-6.931522 -85.044180 75.408543 0.000000 0.000000 0.000000
-6.911916 -84.544104 74.083439 0.000000 0.000000 0.000000
-4.003070 -83.979450 71.848434 0.000000 0.000000 0.000000
-5.144463 -83.641300 69.343838 0.000000 0.000000 0.000000
-4.426403 -83.354680 68.363533 0.000000 0.000000 0.000000
-2.006128 -83.273956 68.178068 0.000000 0.000000 0.000000
-6.684391 -83.029160 66.646505 0.000000 0.000000 0.000000
-3.254425 -83.026428 66.784550 0.000000 0.000000 0.000000
-6.838814 -82.683120 65.394373 0.000000 0.000000 0.000000
-2.534238 -82.756100 65.278753 0.000000 0.000000 0.000000
-5.844839 -82.528876 62.538917 0.000000 0.000000 0.000000
-2.510261 -82.477874 63.290505 0.000000 0.000000 0.000000
-0.077665 -82.209186 61.507950 0.000000 0.000000 0.000000
-0.139268 -81.898828 58.865373 0.000000 0.000000 0.000000
-2.676947 -81.599980 57.903033 0.000000 0.000000 0.000000
-1.154396 -81.322516 55.933382 0.000000 0.000000 0.000000
4.101906 -77.190924 8.414133 0.000000 0.000000 0.000000
# Line 2: n=30 a=(26.091,-60.981,106.459) b=(0.258,0.166,0.952) start=(-0.041,-77.800,10.072) end=(56.086,-41.678,217.090)
# x y z globalTime peakAmplitude integratedCharge
13.125000 -69.503455 59.500000 0.000000 0.000000 0.000000
14.875000 -68.239633 66.500000 0.000000 0.000000 0.000000
18.375000 -65.925640 73.500000 0.000000 0.000000 0.000000
18.375000 -65.781382 80.500000 0.000000 0.000000 0.000000
20.125000 -64.795140 84.000000 0.000000 0.000000 0.000000
21.875000 -63.606625 91.000000 0.000000 0.000000 0.000000
23.625000 -62.441265 98.000000 0.000000 0.000000 0.000000
25.375000 -61.198553 105.000000 0.000000 0.000000 0.000000
30.625000 -57.950729 122.500000 0.000000 0.000000 0.000000
32.375000 -56.775085 129.500000 0.000000 0.000000 0.000000
34.125000 -55.401788 136.500000 0.000000 0.000000 0.000000
35.875000 -54.366493 143.500000 0.000000 0.000000 0.000000
37.625000 -53.336569 150.500000 0.000000 0.000000 0.000000
39.375000 -52.170593 157.500000 0.000000 0.000000 0.000000
41.125000 -51.351813 161.000000 0.000000 0.000000 0.000000
44.625000 -48.935377 175.000000 0.000000 0.000000 0.000000
46.375000 -47.932410 178.500000 0.000000 0.000000 0.000000
46.375000 -47.810870 182.000000 0.000000 0.000000 0.000000
48.125000 -46.950421 185.500000 0.000000 0.000000 0.000000
48.125000 -46.879448 189.000000 0.000000 0.000000 0.000000
49.875000 -45.600571 196.000000 0.000000 0.000000 0.000000
56.875000 -42.389710 217.000000 0.000000 0.000000 0.000000
0.411814 -76.850274 20.979566 0.000000 0.000000 0.000000
1.239737 -76.914780 19.793706 0.000000 0.000000 0.000000
1.048983 -76.887726 17.810011 0.000000 0.000000 0.000000
1.677557 -76.998974 14.545723 0.000000 0.000000 0.000000
2.066596 -77.045360 12.803305 0.000000 0.000000 0.000000
0.381705 -77.130260 10.095787 0.000000 0.000000 0.000000
2.575236 -77.285772 9.272534 0.000000 0.000000 0.000000
0.073020 -76.950452 22.906285 0.000000 0.000000 0.000000
