# Event 966
# Params: dx_requested=3.614253 dx_event(vote)=3.614253 rline(inlier)=3.614253 minvotes=4 nstart=2 cover=0.800 nlines=4
# HoughMemory: requested_MB=80.062 allocated_MB=80.062 num_x=128 directions=1281 coarsened=0 maxmem_MB=0.000
# N0=140 assigned=140 remaining_after_force=0
# Line 1: n=114 a=(7.764,-70.684,57.436) b=(0.006,-0.012,-1.000) start=(7.286,-69.674,139.968) end=(8.047,-71.281,8.633)
# x y z globalTime peakAmplitude integratedCharge
4.849767 -70.891120 48.426780 0.000000 0.000000 0.000000
5.789320 -70.744428 45.239753 0.000000 0.000000 0.000000
6.890050 -70.767932 43.006757 0.000000 0.000000 0.000000
6.068664 -70.741980 42.378238 0.000000 0.000000 0.000000
5.080104 -70.778486 38.170775 0.000000 0.000000 0.000000
6.880956 -70.796180 37.248725 0.000000 0.000000 0.000000
5.098075 -70.762300 35.440643 0.000000 0.000000 0.000000
6.495007 -70.788806 32.856594 0.000000 0.000000 0.000000
5.249467 -70.907440 31.147059 0.000000 0.000000 0.000000
5.285292 -70.871080 30.163565 0.000000 0.000000 0.000000
6.915182 -70.814500 28.733756 0.000000 0.000000 0.000000
5.215285 -69.566300 110.792816 0.000000 0.000000 0.000000
6.320045 -69.662890 108.105393 0.000000 0.000000 0.000000
6.471088 -69.784326 107.215032 0.000000 0.000000 0.000000
5.667992 -69.905400 105.328789 0.000000 0.000000 0.000000
5.330256 -70.057420 103.080881 0.000000 0.000000 0.000000
5.245226 -70.197534 101.510556 0.000000 0.000000 0.000000
5.316590 -70.301780 99.732408 0.000000 0.000000 0.000000
5.560496 -70.666880 95.841203 0.000000 0.000000 0.000000
5.111499 -71.049300 26.589842 0.000000 0.000000 0.000000
6.404976 -71.135600 23.432186 0.000000 0.000000 0.000000
6.643933 -71.129108 21.716815 0.000000 0.000000 0.000000
6.290683 -71.242150 18.788839 0.000000 0.000000 0.000000
6.304843 -71.258496 17.304116 0.000000 0.000000 0.000000
5.156306 -71.330250 16.361258 0.000000 0.000000 0.000000
5.299086 -71.423730 11.712152 0.000000 0.000000 0.000000
5.851116 -71.472820 9.850521 0.000000 0.000000 0.000000
5.947923 -71.610126 9.320195 0.000000 0.000000 0.000000
6.778738 -69.132840 118.893941 0.000000 0.000000 0.000000
4.463840 -69.271374 117.983238 0.000000 0.000000 0.000000
6.502624 -69.391296 115.713758 0.000000 0.000000 0.000000
4.729812 -69.491724 114.080967 0.000000 0.000000 0.000000
7.207939 -70.054528 105.455518 0.000000 0.000000 0.000000
9.247099 -70.096600 103.313544 0.000000 0.000000 0.000000
7.884128 -70.289576 101.318448 0.000000 0.000000 0.000000
8.943059 -70.362104 100.158633 0.000000 0.000000 0.000000
9.316435 -70.481550 97.996985 0.000000 0.000000 0.000000
7.242963 -70.622626 96.525433 0.000000 0.000000 0.000000
7.470836 -70.724774 95.018244 0.000000 0.000000 0.000000
9.356922 -70.797772 92.266458 0.000000 0.000000 0.000000
9.222373 -70.819620 91.568932 0.000000 0.000000 0.000000
8.582675 -70.767694 88.662917 0.000000 0.000000 0.000000
7.700271 -70.739400 87.298899 0.000000 0.000000 0.000000
9.482463 -70.706330 85.902417 0.000000 0.000000 0.000000
8.513236 -70.709220 83.869920 0.000000 0.000000 0.000000
9.275001 -70.702500 82.984085 0.000000 0.000000 0.000000
7.633144 -70.669592 80.417658 0.000000 0.000000 0.000000
10.151294 -70.665326 79.446956 0.000000 0.000000 0.000000
9.585974 -70.669660 77.042878 0.000000 0.000000 0.000000
8.797426 -70.673474 75.341793 0.000000 0.000000 0.000000
10.134419 -70.652070 72.996822 0.000000 0.000000 0.000000
8.790952 -70.630680 71.697994 0.000000 0.000000 0.000000
7.588867 -70.594970 70.166954 0.000000 0.000000 0.000000
10.305547 -70.592872 68.514989 0.000000 0.000000 0.000000
9.342067 -70.582226 66.333191 0.000000 0.000000 0.000000
7.185017 -70.623516 64.191870 0.000000 0.000000 0.000000
9.665837 -70.627400 63.073922 0.000000 0.000000 0.000000
9.720048 -70.618494 60.573747 0.000000 0.000000 0.000000
7.295699 -70.620040 59.687644 0.000000 0.000000 0.000000
9.621899 -70.623328 57.925965 0.000000 0.000000 0.000000
7.787331 -70.650740 55.861789 0.000000 0.000000 0.000000
8.553159 -70.645910 54.661741 0.000000 0.000000 0.000000
10.108640 -70.662170 52.632384 0.000000 0.000000 0.000000
7.177083 -70.697780 51.378507 0.000000 0.000000 0.000000
9.457701 -70.687994 49.253484 0.000000 0.000000 0.000000
10.037796 -70.721840 47.904847 0.000000 0.000000 0.000000
8.529597 -70.726410 45.484873 0.000000 0.000000 0.000000
10.449143 -70.729834 43.905389 0.000000 0.000000 0.000000
10.117089 -70.725952 42.458007 0.000000 0.000000 0.000000
8.266325 -70.751880 39.857382 0.000000 0.000000 0.000000
10.404079 -70.769696 38.948167 0.000000 0.000000 0.000000
9.142463 -70.789440 36.469966 0.000000 0.000000 0.000000
8.243214 -70.801514 34.494021 0.000000 0.000000 0.000000
8.015999 -70.819260 33.037148 0.000000 0.000000 0.000000
7.857807 -70.889380 31.933019 0.000000 0.000000 0.000000
8.982662 -70.914716 29.578664 0.000000 0.000000 0.000000
8.640906 -70.896954 27.851143 0.000000 0.000000 0.000000
8.784663 -70.923712 26.570135 0.000000 0.000000 0.000000
7.180591 -70.959740 24.822711 0.000000 0.000000 0.000000
10.126944 -71.013580 22.567731 0.000000 0.000000 0.000000
10.386041 -71.044720 20.338062 0.000000 0.000000 0.000000
9.111617 -71.079792 19.276243 0.000000 0.000000 0.000000
8.911242 -71.117292 18.021741 0.000000 0.000000 0.000000
9.945950 -71.138854 15.025309 0.000000 0.000000 0.000000
8.902397 -71.250506 14.054210 0.000000 0.000000 0.000000
9.098309 -71.250928 12.538622 0.000000 0.000000 0.000000
9.522061 -71.357264 10.869722 0.000000 0.000000 0.000000
9.020417 -71.487646 8.640909 0.000000 0.000000 0.000000
3.949213 -70.839280 47.677650 0.000000 0.000000 0.000000
3.791121 -70.779772 40.929670 0.000000 0.000000 0.000000
3.959621 -70.439660 97.433898 0.000000 0.000000 0.000000
-0.384151 -67.957660 139.902223 0.000000 0.000000 0.000000
4.358901 -71.119556 24.914290 0.000000 0.000000 0.000000
3.814757 -71.349090 13.740548 0.000000 0.000000 0.000000
-2.011278 -67.949530 138.655887 0.000000 0.000000 0.000000
-3.136675 -67.643836 135.923631 0.000000 0.000000 0.000000
-1.183259 -67.680414 135.348821 0.000000 0.000000 0.000000
-1.576721 -68.036010 133.168301 0.000000 0.000000 0.000000
3.251375 -68.324180 130.999829 0.000000 0.000000 0.000000
-2.994275 -68.258984 131.336485 0.000000 0.000000 0.000000
1.970500 -68.499774 129.478989 0.000000 0.000000 0.000000
-1.685274 -68.471080 129.820488 0.000000 0.000000 0.000000
1.667854 -68.582764 128.129248 0.000000 0.000000 0.000000
-2.397191 -68.651220 127.604486 0.000000 0.000000 0.000000
2.076767 -68.711720 125.734100 0.000000 0.000000 0.000000
2.372220 -68.799920 124.017976 0.000000 0.000000 0.000000
0.962126 -68.908094 121.786810 0.000000 0.000000 0.000000
2.926045 -69.023230 120.273610 0.000000 0.000000 0.000000
0.278404 -69.158420 118.696517 0.000000 0.000000 0.000000
1.168686 -69.263740 117.905327 0.000000 0.000000 0.000000
1.666030 -69.422700 116.008064 0.000000 0.000000 0.000000
1.292321 -69.536010 113.642314 0.000000 0.000000 0.000000
3.556077 -69.608640 111.702640 0.000000 0.000000 0.000000
0.448069 -69.642364 112.734095 0.000000 0.000000 0.000000
# Line 2: n=26 a=(48.798,-80.998,160.192) b=(0.515,-0.138,0.846) start=(13.585,-71.589,102.374) end=(85.860,-90.901,221.046)
# x y z globalTime peakAmplitude integratedCharge
14.875000 -72.128427 101.500000 0.000000 0.000000 0.000000
16.625000 -72.667099 105.000000 0.000000 0.000000 0.000000
16.625000 -72.795136 108.500000 0.000000 0.000000 0.000000
20.125000 -73.536691 112.000000 0.000000 0.000000 0.000000
21.875000 -73.911081 115.500000 0.000000 0.000000 0.000000
25.375000 -74.901506 122.500000 0.000000 0.000000 0.000000
27.125000 -75.267567 126.000000 0.000000 0.000000 0.000000
28.875000 -75.770808 129.500000 0.000000 0.000000 0.000000
30.625000 -76.201995 133.000000 0.000000 0.000000 0.000000
32.375000 -76.375417 133.000000 0.000000 0.000000 0.000000
34.125000 -76.959005 136.500000 0.000000 0.000000 0.000000
35.875000 -77.340231 140.000000 0.000000 0.000000 0.000000
42.875000 -79.095407 150.500000 0.000000 0.000000 0.000000
51.625000 -81.258140 164.500000 0.000000 0.000000 0.000000
55.125000 -82.237387 171.500000 0.000000 0.000000 0.000000
60.375000 -83.599930 178.500000 0.000000 0.000000 0.000000
63.875000 -84.783667 185.500000 0.000000 0.000000 0.000000
67.375000 -85.664016 189.000000 0.000000 0.000000 0.000000
69.125000 -86.152302 192.500000 0.000000 0.000000 0.000000
70.875000 -86.752768 196.000000 0.000000 0.000000 0.000000
72.625000 -87.181375 199.500000 0.000000 0.000000 0.000000
74.375000 -87.913156 203.000000 0.000000 0.000000 0.000000
81.375000 -90.146388 213.500000 0.000000 0.000000 0.000000
83.125000 -90.625988 217.000000 0.000000 0.000000 0.000000
84.875000 -91.289481 220.500000 0.000000 0.000000 0.000000
86.625000 -91.390610 220.500000 0.000000 0.000000 0.000000
