# Event 3630
# Params: dx_requested=3.654980 dx_event(vote)=3.654980 rline(inlier)=3.654980 minvotes=4 nstart=2 cover=0.800 nlines=4
# HoughMemory: requested_MB=80.062 allocated_MB=80.062 num_x=128 directions=1281 coarsened=0 maxmem_MB=0.000
# N0=138 assigned=138 remaining_after_force=0
# Line 1: n=81 a=(-4.638,-70.088,65.090) b=(0.027,0.008,1.000) start=(-6.139,-70.548,9.319) end=(-1.349,-69.079,187.327)
# x y z globalTime peakAmplitude integratedCharge
-5.140911 -69.968820 53.833563 0.000000 0.000000 0.000000
-3.797770 -69.970740 53.007084 0.000000 0.000000 0.000000
-5.541366 -70.001648 51.467333 0.000000 0.000000 0.000000
-4.883193 -70.015284 49.281162 0.000000 0.000000 0.000000
-5.655397 -70.036072 46.689296 0.000000 0.000000 0.000000
-5.226457 -70.053248 45.887388 0.000000 0.000000 0.000000
-5.792596 -70.039710 44.453757 0.000000 0.000000 0.000000
-4.730233 -70.010516 42.696302 0.000000 0.000000 0.000000
-6.575614 -70.022924 40.155336 0.000000 0.000000 0.000000
-5.160781 -70.050980 37.990508 0.000000 0.000000 0.000000
-6.674638 -70.075500 36.167193 0.000000 0.000000 0.000000
-4.168214 -70.116492 35.391301 0.000000 0.000000 0.000000
-4.463488 -70.157928 33.320618 0.000000 0.000000 0.000000
-3.885072 -70.172088 32.210192 0.000000 0.000000 0.000000
-5.521797 -70.206164 29.382254 0.000000 0.000000 0.000000
-6.880052 -70.238752 28.119171 0.000000 0.000000 0.000000
-2.954378 -69.741980 109.994730 0.000000 0.000000 0.000000
-2.906362 -69.764240 108.234614 0.000000 0.000000 0.000000
-1.993550 -69.778472 107.086608 0.000000 0.000000 0.000000
-3.041023 -69.792396 104.940116 0.000000 0.000000 0.000000
-3.979679 -69.753992 105.255834 0.000000 0.000000 0.000000
-2.245116 -69.784180 103.701696 0.000000 0.000000 0.000000
-4.579214 -69.712700 103.719268 0.000000 0.000000 0.000000
-0.789947 -69.801812 101.827427 0.000000 0.000000 0.000000
-4.041395 -69.772308 100.946185 0.000000 0.000000 0.000000
-3.385797 -69.821148 100.342399 0.000000 0.000000 0.000000
-4.714451 -69.777050 99.068065 0.000000 0.000000 0.000000
-0.506445 -69.801728 97.603964 0.000000 0.000000 0.000000
-3.748341 -69.821448 98.377541 0.000000 0.000000 0.000000
-4.384841 -69.861152 95.588024 0.000000 0.000000 0.000000
-4.210286 -69.903992 93.987100 0.000000 0.000000 0.000000
-4.038297 -69.932526 92.085985 0.000000 0.000000 0.000000
-4.783709 -69.927484 91.377158 0.000000 0.000000 0.000000
-4.820331 -69.929236 89.562691 0.000000 0.000000 0.000000
-3.940116 -69.902192 87.604164 0.000000 0.000000 0.000000
-6.816979 -69.892712 85.303621 0.000000 0.000000 0.000000
-5.554882 -69.912116 83.909246 0.000000 0.000000 0.000000
-5.279967 -70.455866 25.795168 0.000000 0.000000 0.000000
-5.205550 -70.483746 24.238636 0.000000 0.000000 0.000000
-6.740680 -70.551954 22.760920 0.000000 0.000000 0.000000
-6.486101 -70.591516 20.952972 0.000000 0.000000 0.000000
-4.675871 -70.595868 18.869412 0.000000 0.000000 0.000000
-4.312467 -70.683532 17.102002 0.000000 0.000000 0.000000
-6.808216 -70.716700 15.416967 0.000000 0.000000 0.000000
-4.364025 -70.741460 13.538800 0.000000 0.000000 0.000000
-4.617784 -70.824890 12.967761 0.000000 0.000000 0.000000
-6.324605 -70.884280 10.786381 0.000000 0.000000 0.000000
-4.978077 -71.023376 9.291712 0.000000 0.000000 0.000000
-6.697451 -70.070100 82.822446 0.000000 0.000000 0.000000
-4.114596 -70.101060 80.377961 0.000000 0.000000 0.000000
-6.934292 -70.082440 78.720865 0.000000 0.000000 0.000000
-5.695447 -70.131060 76.583356 0.000000 0.000000 0.000000
-5.914361 -70.089288 74.538909 0.000000 0.000000 0.000000
-4.092019 -70.059692 72.927432 0.000000 0.000000 0.000000
-4.704957 -70.057026 71.971591 0.000000 0.000000 0.000000
-5.662172 -70.048236 69.972676 0.000000 0.000000 0.000000
-5.731766 -70.042926 67.717316 0.000000 0.000000 0.000000
-4.279839 -70.074274 66.034613 0.000000 0.000000 0.000000
-4.147464 -70.068980 64.845375 0.000000 0.000000 0.000000
-6.615429 -70.111730 63.387294 0.000000 0.000000 0.000000
-5.393722 -70.110000 61.961636 0.000000 0.000000 0.000000
-3.674398 -70.091956 60.175372 0.000000 0.000000 0.000000
-4.872370 -70.144812 58.117837 0.000000 0.000000 0.000000
-5.849312 -70.148900 56.178374 0.000000 0.000000 0.000000
-1.161984 -69.689924 117.767760 0.000000 0.000000 0.000000
-1.699831 -69.838320 113.184055 0.000000 0.000000 0.000000
-2.193866 -69.859620 111.428638 0.000000 0.000000 0.000000
1.734460 -69.721840 131.436067 0.000000 0.000000 0.000000
2.406758 -69.471954 128.967180 0.000000 0.000000 0.000000
0.835017 -69.353064 128.188760 0.000000 0.000000 0.000000
0.230935 -69.312652 126.438608 0.000000 0.000000 0.000000
0.833176 -69.279534 124.126468 0.000000 0.000000 0.000000
1.529316 -69.349900 122.532760 0.000000 0.000000 0.000000
2.670300 -69.430334 120.526471 0.000000 0.000000 0.000000
2.722276 -69.581396 118.822830 0.000000 0.000000 0.000000
3.226331 -69.654548 117.693463 0.000000 0.000000 0.000000
0.306865 -69.748394 115.886991 0.000000 0.000000 0.000000
-0.190630 -69.769836 116.199414 0.000000 0.000000 0.000000
2.270716 -69.906620 113.002460 0.000000 0.000000 0.000000
2.321246 -70.041300 112.612227 0.000000 0.000000 0.000000
4.519267 -71.799100 187.191958 0.000000 0.000000 0.000000
# Line 2: n=57 a=(-48.534,-74.315,154.039) b=(0.564,0.068,-0.823) start=(-94.507,-79.820,221.166) end=(-9.307,-69.617,96.762)
# x y z globalTime peakAmplitude integratedCharge
-95.375000 -80.688303 220.500000 0.000000 0.000000 0.000000
-93.625000 -80.658377 220.500000 0.000000 0.000000 0.000000
-91.875000 -80.323636 217.000000 0.000000 0.000000 0.000000
-88.375000 -79.704068 213.500000 0.000000 0.000000 0.000000
-86.625000 -79.326210 210.000000 0.000000 0.000000 0.000000
-84.875000 -79.010570 206.500000 0.000000 0.000000 0.000000
-83.125000 -78.854383 206.500000 0.000000 0.000000 0.000000
-81.375000 -78.484894 203.000000 0.000000 0.000000 0.000000
-77.875000 -77.830117 196.000000 0.000000 0.000000 0.000000
-76.125000 -77.708829 196.000000 0.000000 0.000000 0.000000
-74.375000 -77.436441 192.500000 0.000000 0.000000 0.000000
-72.625000 -77.083319 189.000000 0.000000 0.000000 0.000000
-69.125000 -76.449518 182.000000 0.000000 0.000000 0.000000
-69.125000 -76.581439 185.500000 0.000000 0.000000 0.000000
-65.625000 -75.971710 178.500000 0.000000 0.000000 0.000000
-63.875000 -75.907821 178.500000 0.000000 0.000000 0.000000
-62.125000 -75.591812 175.000000 0.000000 0.000000 0.000000
-60.375000 -75.332360 171.500000 0.000000 0.000000 0.000000
-58.625000 -75.063184 168.000000 0.000000 0.000000 0.000000
-56.875000 -74.706900 164.500000 0.000000 0.000000 0.000000
-55.125000 -74.480234 161.000000 0.000000 0.000000 0.000000
-55.125000 -74.588102 164.500000 0.000000 0.000000 0.000000
-53.375000 -74.399585 161.000000 0.000000 0.000000 0.000000
-51.625000 -74.036050 157.500000 0.000000 0.000000 0.000000
-49.875000 -73.764938 154.000000 0.000000 0.000000 0.000000
-48.125000 -73.713710 154.000000 0.000000 0.000000 0.000000
-46.375000 -73.396158 150.500000 0.000000 0.000000 0.000000
-44.625000 -73.194922 147.000000 0.000000 0.000000 0.000000
-44.625000 -73.258423 150.500000 0.000000 0.000000 0.000000
-42.875000 -73.166214 147.000000 0.000000 0.000000 0.000000
-39.375000 -72.644580 136.500000 0.000000 0.000000 0.000000
-37.625000 -72.607532 136.500000 0.000000 0.000000 0.000000
-34.125000 -72.279610 129.500000 0.000000 0.000000 0.000000
-34.125000 -72.359115 133.000000 0.000000 0.000000 0.000000
-32.375000 -72.229742 126.000000 0.000000 0.000000 0.000000
-32.375000 -72.270126 129.500000 0.000000 0.000000 0.000000
-32.375000 -72.349631 133.000000 0.000000 0.000000 0.000000
-30.625000 -72.144198 126.000000 0.000000 0.000000 0.000000
-30.625000 -72.184582 129.500000 0.000000 0.000000 0.000000
-28.875000 -71.976964 122.500000 0.000000 0.000000 0.000000
-28.875000 -72.093490 126.000000 0.000000 0.000000 0.000000
-28.875000 -72.133874 129.500000 0.000000 0.000000 0.000000
-27.125000 -71.891747 122.500000 0.000000 0.000000 0.000000
-25.375000 -71.756648 119.000000 0.000000 0.000000 0.000000
-25.375000 -71.875588 122.500000 0.000000 0.000000 0.000000
-23.625000 -71.540822 115.500000 0.000000 0.000000 0.000000
-23.625000 -71.639920 119.000000 0.000000 0.000000 0.000000
-21.875000 -71.437814 112.000000 0.000000 0.000000 0.000000
-21.875000 -71.493704 115.500000 0.000000 0.000000 0.000000
-21.875000 -71.592802 119.000000 0.000000 0.000000 0.000000
-20.125000 -71.450872 112.000000 0.000000 0.000000 0.000000
-20.125000 -71.506762 115.500000 0.000000 0.000000 0.000000
-18.375000 -71.332622 112.000000 0.000000 0.000000 0.000000
-16.625000 -71.370086 112.000000 0.000000 0.000000 0.000000
-9.359276 -70.437640 96.658613 0.000000 0.000000 0.000000
-46.375000 -73.452338 143.500000 0.000000 0.000000 0.000000
-18.375000 -71.388512 115.500000 0.000000 0.000000 0.000000
