# Event 5220
# Params: dx_requested=3.596909 dx_event(vote)=3.596909 rline(inlier)=3.596909 minvotes=4 nstart=2 cover=0.800 nlines=4
# HoughMemory: requested_MB=80.062 allocated_MB=80.062 num_x=128 directions=1281 coarsened=0 maxmem_MB=0.000
# N0=118 assigned=118 remaining_after_force=0
# Line 1: n=60 a=(-3.347,-81.842,48.706) b=(0.190,0.081,-0.979) start=(-9.733,-84.569,81.679) end=(4.293,-78.579,9.261)
# x y z globalTime peakAmplitude integratedCharge
-1.790186 -82.248774 54.620319 0.000000 0.000000 0.000000
-6.651086 -82.197200 54.120350 0.000000 0.000000 0.000000
-3.897203 -82.016360 52.319826 0.000000 0.000000 0.000000
-5.224285 -81.832420 50.733545 0.000000 0.000000 0.000000
-2.684060 -81.598908 49.519134 0.000000 0.000000 0.000000
-5.564688 -81.607446 49.571035 0.000000 0.000000 0.000000
-1.418485 -81.467280 47.015680 0.000000 0.000000 0.000000
-1.751916 -81.277234 45.884925 0.000000 0.000000 0.000000
-1.907300 -81.119420 43.844177 0.000000 0.000000 0.000000
-2.941377 -80.959430 41.804242 0.000000 0.000000 0.000000
0.220009 -80.745074 40.975011 0.000000 0.000000 0.000000
-2.910004 -80.788500 40.761796 0.000000 0.000000 0.000000
1.273546 -80.568664 39.026608 0.000000 0.000000 0.000000
-0.582082 -80.624328 37.937550 0.000000 0.000000 0.000000
-0.250858 -80.421308 37.186334 0.000000 0.000000 0.000000
2.452203 -80.264710 35.488098 0.000000 0.000000 0.000000
-0.725103 -80.332220 34.906168 0.000000 0.000000 0.000000
0.996370 -80.071780 32.964446 0.000000 0.000000 0.000000
-0.310475 -80.200208 33.976919 0.000000 0.000000 0.000000
0.102943 -79.894280 31.247003 0.000000 0.000000 0.000000
0.441322 -79.771392 29.687597 0.000000 0.000000 0.000000
1.371173 -79.630530 27.728512 0.000000 0.000000 0.000000
0.858945 -79.786896 26.454482 0.000000 0.000000 0.000000
2.437466 -79.754040 23.969205 0.000000 0.000000 0.000000
0.239802 -79.793084 22.166958 0.000000 0.000000 0.000000
0.064778 -79.749334 21.592633 0.000000 0.000000 0.000000
0.479532 -79.751460 19.692320 0.000000 0.000000 0.000000
2.631707 -79.761596 16.884470 0.000000 0.000000 0.000000
3.140980 -79.760620 15.153467 0.000000 0.000000 0.000000
2.263587 -79.829520 11.095366 0.000000 0.000000 0.000000
2.850454 -79.901060 8.872227 0.000000 0.000000 0.000000
-6.398221 -84.085694 74.227559 0.000000 0.000000 0.000000
-5.401282 -83.698816 69.616251 0.000000 0.000000 0.000000
-5.729031 -83.536768 68.026978 0.000000 0.000000 0.000000
-4.368687 -83.452886 66.966869 0.000000 0.000000 0.000000
-5.998248 -83.347510 64.868056 0.000000 0.000000 0.000000
-5.042500 -83.213464 63.628975 0.000000 0.000000 0.000000
-4.569051 -83.091694 60.992166 0.000000 0.000000 0.000000
-4.929986 -82.941334 59.634930 0.000000 0.000000 0.000000
-6.571500 -82.749060 57.751774 0.000000 0.000000 0.000000
-6.352709 -82.590580 56.669470 0.000000 0.000000 0.000000
-3.200893 -82.563312 55.944606 0.000000 0.000000 0.000000
-10.247475 -84.538714 81.582023 0.000000 0.000000 0.000000
-10.274688 -84.582806 80.518601 0.000000 0.000000 0.000000
-10.296533 -84.477120 78.385693 0.000000 0.000000 0.000000
-9.958661 -84.319996 76.533156 0.000000 0.000000 0.000000
-9.610426 -84.233912 74.836821 0.000000 0.000000 0.000000
-7.470760 -84.046000 72.824562 0.000000 0.000000 0.000000
-8.812457 -83.941864 71.638894 0.000000 0.000000 0.000000
-8.380222 -83.772632 70.088165 0.000000 0.000000 0.000000
-7.947384 -83.637476 68.066257 0.000000 0.000000 0.000000
-9.941890 -83.622296 67.113611 0.000000 0.000000 0.000000
-9.098378 -83.450568 64.283951 0.000000 0.000000 0.000000
-0.457169 -81.970490 52.813121 0.000000 0.000000 0.000000
-0.200851 -81.816046 51.425763 0.000000 0.000000 0.000000
2.336449 -80.990680 42.268212 0.000000 0.000000 0.000000
3.006105 -80.384852 36.420520 0.000000 0.000000 0.000000
0.224633 -79.810780 13.767293 0.000000 0.000000 0.000000
0.199440 -79.783740 12.979560 0.000000 0.000000 0.000000
-4.502555 -83.897876 71.117787 0.000000 0.000000 0.000000
# Line 2: n=58 a=(57.160,-66.950,168.977) b=(0.358,0.064,0.931) start=(14.966,-74.498,59.354) end=(77.096,-63.384,220.772)
# x y z globalTime peakAmplitude integratedCharge
32.375000 -71.665011 105.000000 0.000000 0.000000 0.000000
34.125000 -71.466089 108.500000 0.000000 0.000000 0.000000
35.875000 -70.993946 115.500000 0.000000 0.000000 0.000000
37.625000 -70.390912 119.000000 0.000000 0.000000 0.000000
39.375000 -70.294196 119.000000 0.000000 0.000000 0.000000
39.375000 -70.346622 122.500000 0.000000 0.000000 0.000000
41.125000 -70.137542 126.000000 0.000000 0.000000 0.000000
41.125000 -70.009057 129.500000 0.000000 0.000000 0.000000
42.875000 -69.588773 133.000000 0.000000 0.000000 0.000000
44.625000 -69.210745 136.500000 0.000000 0.000000 0.000000
46.375000 -68.883167 140.000000 0.000000 0.000000 0.000000
48.125000 -68.315555 143.500000 0.000000 0.000000 0.000000
48.125000 -68.238300 150.500000 0.000000 0.000000 0.000000
49.875000 -68.276398 143.500000 0.000000 0.000000 0.000000
49.875000 -68.199143 150.500000 0.000000 0.000000 0.000000
51.625000 -67.810776 154.000000 0.000000 0.000000 0.000000
51.625000 -67.746666 157.500000 0.000000 0.000000 0.000000
53.375000 -67.362433 161.000000 0.000000 0.000000 0.000000
55.125000 -67.247570 161.000000 0.000000 0.000000 0.000000
55.125000 -67.090342 164.500000 0.000000 0.000000 0.000000
56.875000 -66.761566 168.000000 0.000000 0.000000 0.000000
58.625000 -66.297171 175.000000 0.000000 0.000000 0.000000
58.625000 -66.188306 178.500000 0.000000 0.000000 0.000000
60.375000 -66.261945 175.000000 0.000000 0.000000 0.000000
60.375000 -66.153080 178.500000 0.000000 0.000000 0.000000
62.125000 -66.011414 178.500000 0.000000 0.000000 0.000000
62.125000 -65.876456 182.000000 0.000000 0.000000 0.000000
63.875000 -65.568982 185.500000 0.000000 0.000000 0.000000
63.875000 -65.491590 189.000000 0.000000 0.000000 0.000000
65.625000 -65.329554 189.000000 0.000000 0.000000 0.000000
67.375000 -64.991408 196.000000 0.000000 0.000000 0.000000
67.375000 -64.902458 199.500000 0.000000 0.000000 0.000000
69.125000 -64.814360 199.500000 0.000000 0.000000 0.000000
70.875000 -64.539740 203.000000 0.000000 0.000000 0.000000
70.875000 -64.495920 206.500000 0.000000 0.000000 0.000000
72.625000 -64.369821 206.500000 0.000000 0.000000 0.000000
72.625000 -64.275566 210.000000 0.000000 0.000000 0.000000
74.375000 -64.062564 213.500000 0.000000 0.000000 0.000000
74.375000 -63.933258 217.000000 0.000000 0.000000 0.000000
76.125000 -63.840024 217.000000 0.000000 0.000000 0.000000
76.125000 -63.809049 220.500000 0.000000 0.000000 0.000000
77.875000 -63.816873 217.000000 0.000000 0.000000 0.000000
77.875000 -63.785898 220.500000 0.000000 0.000000 0.000000
14.875000 -76.105100 59.500000 0.000000 0.000000 0.000000
14.875000 -75.977710 63.000000 0.000000 0.000000 0.000000
16.625000 -75.550030 66.500000 0.000000 0.000000 0.000000
18.375000 -75.181680 70.000000 0.000000 0.000000 0.000000
20.125000 -74.563494 77.000000 0.000000 0.000000 0.000000
21.875000 -74.201083 80.500000 0.000000 0.000000 0.000000
25.375000 -73.532977 84.000000 0.000000 0.000000 0.000000
25.375000 -73.547182 87.500000 0.000000 0.000000 0.000000
25.375000 -73.407450 91.000000 0.000000 0.000000 0.000000
28.875000 -72.731876 94.500000 0.000000 0.000000 0.000000
28.875000 -72.606496 98.000000 0.000000 0.000000 0.000000
32.375000 -71.515747 108.500000 0.000000 0.000000 0.000000
37.625000 -70.443338 122.500000 0.000000 0.000000 0.000000
39.375000 -70.220575 126.000000 0.000000 0.000000 0.000000
46.375000 -68.719242 147.000000 0.000000 0.000000 0.000000
