# Event 5611
# Params: dx_requested=3.350298 dx_event(vote)=3.350298 rline(inlier)=3.350298 minvotes=4 nstart=2 cover=0.800 nlines=4
# HoughMemory: requested_MB=80.062 allocated_MB=80.062 num_x=128 directions=1281 coarsened=0 maxmem_MB=0.000
# N0=95 assigned=95 remaining_after_force=0
# Line 1: n=66 a=(-2.845,-67.370,59.444) b=(0.048,-0.015,-0.999) start=(-5.266,-66.587,110.213) end=(-0.427,-68.153,8.745)
# x y z globalTime peakAmplitude integratedCharge
-0.526388 -67.249688 54.865688 0.000000 0.000000 0.000000
-1.360491 -67.265420 53.088504 0.000000 0.000000 0.000000
-0.602025 -67.294300 50.364270 0.000000 0.000000 0.000000
-1.396513 -67.316528 49.146620 0.000000 0.000000 0.000000
-1.129643 -67.361426 47.404178 0.000000 0.000000 0.000000
-3.039056 -67.357190 45.590042 0.000000 0.000000 0.000000
-1.413093 -67.427014 43.322225 0.000000 0.000000 0.000000
-0.444591 -67.434484 42.427226 0.000000 0.000000 0.000000
-1.059109 -67.441480 40.383874 0.000000 0.000000 0.000000
-0.727448 -67.506446 38.275732 0.000000 0.000000 0.000000
-2.187884 -67.505170 36.104380 0.000000 0.000000 0.000000
-2.818789 -67.557446 34.852396 0.000000 0.000000 0.000000
-1.571056 -67.620856 33.789654 0.000000 0.000000 0.000000
-2.059443 -67.632508 32.030743 0.000000 0.000000 0.000000
-2.551198 -67.662800 29.991876 0.000000 0.000000 0.000000
-0.625197 -67.662020 28.048913 0.000000 0.000000 0.000000
-4.390218 -66.056960 108.308991 0.000000 0.000000 0.000000
-4.979372 -66.280840 106.315793 0.000000 0.000000 0.000000
-5.007939 -66.520800 104.322769 0.000000 0.000000 0.000000
-4.855815 -66.734930 101.166041 0.000000 0.000000 0.000000
-4.406473 -66.892468 100.428567 0.000000 0.000000 0.000000
-5.079565 -66.913636 97.888057 0.000000 0.000000 0.000000
-4.524294 -66.928160 96.864511 0.000000 0.000000 0.000000
-6.434335 -66.907586 93.900828 0.000000 0.000000 0.000000
-3.555965 -66.920856 93.323145 0.000000 0.000000 0.000000
-4.840889 -66.925512 90.272404 0.000000 0.000000 0.000000
-4.710863 -66.929820 89.655764 0.000000 0.000000 0.000000
-6.661720 -66.938684 87.037661 0.000000 0.000000 0.000000
-3.942410 -67.001220 85.179141 0.000000 0.000000 0.000000
-3.101501 -67.031470 83.691281 0.000000 0.000000 0.000000
-6.702233 -66.998300 83.980717 0.000000 0.000000 0.000000
-0.725560 -67.904296 25.951319 0.000000 0.000000 0.000000
-2.556154 -67.931934 23.751252 0.000000 0.000000 0.000000
-1.438127 -68.002874 22.618013 0.000000 0.000000 0.000000
-1.095011 -68.037540 21.670146 0.000000 0.000000 0.000000
-0.970435 -68.060284 19.448085 0.000000 0.000000 0.000000
-1.056799 -68.134290 17.731077 0.000000 0.000000 0.000000
-1.039298 -68.186126 15.561848 0.000000 0.000000 0.000000
-0.859936 -68.250500 14.398611 0.000000 0.000000 0.000000
-0.545567 -68.317492 12.122200 0.000000 0.000000 0.000000
-1.367551 -68.328168 10.153216 0.000000 0.000000 0.000000
-3.244995 -68.446564 8.614682 0.000000 0.000000 0.000000
-6.450725 -67.202936 82.520960 0.000000 0.000000 0.000000
-5.062046 -67.290624 80.718195 0.000000 0.000000 0.000000
-2.319375 -67.231428 80.553844 0.000000 0.000000 0.000000
-4.182497 -67.271960 78.664597 0.000000 0.000000 0.000000
-2.101950 -67.256280 78.293500 0.000000 0.000000 0.000000
-4.397153 -67.276800 76.491713 0.000000 0.000000 0.000000
-2.271180 -67.246814 77.339366 0.000000 0.000000 0.000000
-6.433871 -67.303150 75.026840 0.000000 0.000000 0.000000
-3.302528 -67.285900 75.457675 0.000000 0.000000 0.000000
-4.732945 -67.193896 73.215120 0.000000 0.000000 0.000000
-3.889852 -67.193900 71.369823 0.000000 0.000000 0.000000
-2.813096 -67.279500 69.593029 0.000000 0.000000 0.000000
-3.007132 -67.300100 68.517864 0.000000 0.000000 0.000000
-1.956156 -67.327826 65.445353 0.000000 0.000000 0.000000
-2.817659 -67.373004 63.179442 0.000000 0.000000 0.000000
-2.016044 -67.387030 61.821946 0.000000 0.000000 0.000000
-1.281503 -67.411900 59.807119 0.000000 0.000000 0.000000
-2.656186 -67.444060 57.808212 0.000000 0.000000 0.000000
-0.252596 -67.431732 56.187294 0.000000 0.000000 0.000000
-3.576072 -66.117596 110.286864 0.000000 0.000000 0.000000
-3.601294 -66.611432 103.771314 0.000000 0.000000 0.000000
-1.241755 -66.940930 88.845341 0.000000 0.000000 0.000000
-1.256171 -67.021808 85.971127 0.000000 0.000000 0.000000
-0.426267 -67.315760 65.872853 0.000000 0.000000 0.000000
# Line 2: n=29 a=(19.288,-61.808,198.435) b=(0.161,0.025,0.987) start=(-1.360,-65.068,71.591) end=(22.944,-61.230,220.894)
# x y z globalTime peakAmplitude integratedCharge
14.875000 -62.659762 164.500000 0.000000 0.000000 0.000000
14.875000 -62.617218 171.500000 0.000000 0.000000 0.000000
14.875000 -62.565857 175.000000 0.000000 0.000000 0.000000
16.625000 -62.257989 178.500000 0.000000 0.000000 0.000000
16.625000 -62.216637 182.000000 0.000000 0.000000 0.000000
16.625000 -62.190240 185.500000 0.000000 0.000000 0.000000
16.625000 -62.130062 189.000000 0.000000 0.000000 0.000000
18.375000 -61.868895 192.500000 0.000000 0.000000 0.000000
18.375000 -61.749103 196.000000 0.000000 0.000000 0.000000
18.375000 -61.799103 199.500000 0.000000 0.000000 0.000000
18.375000 -61.758103 203.000000 0.000000 0.000000 0.000000
20.125000 -61.641768 196.000000 0.000000 0.000000 0.000000
20.125000 -61.691768 199.500000 0.000000 0.000000 0.000000
20.125000 -61.650768 203.000000 0.000000 0.000000 0.000000
20.125000 -61.594435 206.500000 0.000000 0.000000 0.000000
20.125000 -61.525762 213.500000 0.000000 0.000000 0.000000
21.875000 -61.489911 206.500000 0.000000 0.000000 0.000000
21.875000 -61.421238 213.500000 0.000000 0.000000 0.000000
21.875000 -61.338764 217.000000 0.000000 0.000000 0.000000
21.875000 -61.342516 220.500000 0.000000 0.000000 0.000000
23.625000 -61.409119 213.500000 0.000000 0.000000 0.000000
23.625000 -61.326645 217.000000 0.000000 0.000000 0.000000
23.625000 -61.330397 220.500000 0.000000 0.000000 0.000000
25.375000 -61.291972 220.500000 0.000000 0.000000 0.000000
-0.530751 -66.926684 91.428213 0.000000 0.000000 0.000000
-0.440527 -66.951540 87.956246 0.000000 0.000000 0.000000
-0.694398 -67.189820 81.849743 0.000000 0.000000 0.000000
-0.540570 -67.256988 72.862922 0.000000 0.000000 0.000000
-0.987941 -67.248206 71.586699 0.000000 0.000000 0.000000
