# Event 4771
# Params: dx_requested=3.364403 dx_event(vote)=3.364403 rline(inlier)=3.364403 minvotes=4 nstart=2 cover=0.800 nlines=4
# HoughMemory: requested_MB=80.062 allocated_MB=80.062 num_x=128 directions=1281 coarsened=0 maxmem_MB=0.000
# N0=117 assigned=117 remaining_after_force=0
# Line 1: n=100 a=(1.681,-70.908,75.966) b=(0.003,-0.002,-1.000) start=(1.210,-70.604,220.568) end=(1.901,-71.050,8.316)
# x y z globalTime peakAmplitude integratedCharge
1.434230 -70.761756 53.833375 0.000000 0.000000 0.000000
0.526844 -70.676232 53.167442 0.000000 0.000000 0.000000
2.209279 -70.679560 50.359650 0.000000 0.000000 0.000000
2.277951 -70.697320 48.992299 0.000000 0.000000 0.000000
2.519971 -70.736400 47.542795 0.000000 0.000000 0.000000
1.248500 -70.742572 45.488980 0.000000 0.000000 0.000000
2.022565 -70.776624 43.936649 0.000000 0.000000 0.000000
2.264753 -70.775964 41.855600 0.000000 0.000000 0.000000
1.695333 -70.801044 40.429265 0.000000 0.000000 0.000000
1.212918 -70.779504 37.834892 0.000000 0.000000 0.000000
1.636111 -70.781208 36.484857 0.000000 0.000000 0.000000
1.828110 -70.810156 35.455351 0.000000 0.000000 0.000000
0.914426 -70.797266 32.964309 0.000000 0.000000 0.000000
2.853092 -70.817828 31.143757 0.000000 0.000000 0.000000
3.006982 -70.854792 30.226713 0.000000 0.000000 0.000000
1.750701 -70.898100 28.715866 0.000000 0.000000 0.000000
1.212428 -70.802400 109.878355 0.000000 0.000000 0.000000
1.881625 -70.785364 107.862026 0.000000 0.000000 0.000000
2.696413 -70.802894 106.503843 0.000000 0.000000 0.000000
0.490332 -70.727808 104.762035 0.000000 0.000000 0.000000
2.416285 -70.752728 102.711118 0.000000 0.000000 0.000000
1.333904 -70.765710 101.593209 0.000000 0.000000 0.000000
2.514262 -70.737964 100.352278 0.000000 0.000000 0.000000
1.384089 -70.799970 98.442853 0.000000 0.000000 0.000000
1.457896 -70.802552 96.586942 0.000000 0.000000 0.000000
2.519792 -70.778552 93.903329 0.000000 0.000000 0.000000
1.121307 -70.766668 93.028842 0.000000 0.000000 0.000000
0.260683 -70.762872 91.743965 0.000000 0.000000 0.000000
0.366870 -70.749320 89.850738 0.000000 0.000000 0.000000
1.037137 -70.757966 87.686603 0.000000 0.000000 0.000000
0.447671 -70.718896 86.252290 0.000000 0.000000 0.000000
0.474043 -70.773520 83.373474 0.000000 0.000000 0.000000
2.170711 -70.288666 139.407969 0.000000 0.000000 0.000000
2.038975 -71.085206 26.459513 0.000000 0.000000 0.000000
2.193626 -71.104180 23.797635 0.000000 0.000000 0.000000
2.675407 -71.163886 22.885905 0.000000 0.000000 0.000000
2.402427 -71.172168 20.487144 0.000000 0.000000 0.000000
2.593215 -71.217774 19.277821 0.000000 0.000000 0.000000
2.407958 -71.292060 17.129561 0.000000 0.000000 0.000000
3.115595 -71.350170 15.856629 0.000000 0.000000 0.000000
1.928108 -71.351920 13.319223 0.000000 0.000000 0.000000
3.193671 -71.403080 11.593375 0.000000 0.000000 0.000000
1.332513 -71.504766 10.914862 0.000000 0.000000 0.000000
1.966850 -71.540332 8.317058 0.000000 0.000000 0.000000
1.219898 -70.928540 82.928466 0.000000 0.000000 0.000000
1.285604 -70.925726 81.236476 0.000000 0.000000 0.000000
0.052288 -70.906208 78.319340 0.000000 0.000000 0.000000
1.140793 -70.916900 76.851651 0.000000 0.000000 0.000000
0.672610 -70.898694 75.386142 0.000000 0.000000 0.000000
1.568481 -70.873760 73.772023 0.000000 0.000000 0.000000
1.369912 -70.899660 71.649895 0.000000 0.000000 0.000000
3.226676 -70.882508 69.552764 0.000000 0.000000 0.000000
1.204929 -70.875306 67.571168 0.000000 0.000000 0.000000
2.309429 -70.894544 65.872192 0.000000 0.000000 0.000000
0.806858 -70.898992 64.980183 0.000000 0.000000 0.000000
1.358635 -70.918020 62.622491 0.000000 0.000000 0.000000
0.078370 -70.936744 60.647027 0.000000 0.000000 0.000000
1.257948 -70.944660 59.125941 0.000000 0.000000 0.000000
3.268374 -70.901190 58.065155 0.000000 0.000000 0.000000
0.160193 -70.926484 55.743105 0.000000 0.000000 0.000000
3.732757 -70.406134 138.963087 0.000000 0.000000 0.000000
2.122047 -70.592890 137.555168 0.000000 0.000000 0.000000
3.609714 -70.620568 137.106978 0.000000 0.000000 0.000000
3.125724 -70.748956 137.000277 0.000000 0.000000 0.000000
2.158330 -70.937340 134.874346 0.000000 0.000000 0.000000
2.264567 -71.080720 133.269842 0.000000 0.000000 0.000000
1.030295 -71.146448 131.631074 0.000000 0.000000 0.000000
2.433076 -71.078560 129.919778 0.000000 0.000000 0.000000
1.337423 -71.075428 127.813430 0.000000 0.000000 0.000000
1.120155 -71.111688 125.961432 0.000000 0.000000 0.000000
0.349551 -71.079676 123.938591 0.000000 0.000000 0.000000
0.333337 -71.079650 122.438612 0.000000 0.000000 0.000000
0.439585 -71.074960 121.033065 0.000000 0.000000 0.000000
1.498428 -71.074946 118.889823 0.000000 0.000000 0.000000
1.546367 -71.037946 116.827314 0.000000 0.000000 0.000000
1.064952 -71.015650 115.001485 0.000000 0.000000 0.000000
0.723538 -70.984200 114.215779 0.000000 0.000000 0.000000
2.189567 -70.986880 112.134572 0.000000 0.000000 0.000000
-25.375000 -79.183996 220.500000 0.000000 0.000000 0.000000
-23.625000 -78.656660 217.000000 0.000000 0.000000 0.000000
-21.875000 -77.962805 210.000000 0.000000 0.000000 0.000000
-20.125000 -77.459320 206.500000 0.000000 0.000000 0.000000
-18.375000 -76.860733 199.500000 0.000000 0.000000 0.000000
-16.625000 -76.457941 196.000000 0.000000 0.000000 0.000000
-5.134260 -73.693756 165.894388 0.000000 0.000000 0.000000
-4.246582 -73.529376 164.571122 0.000000 0.000000 0.000000
-6.442841 -73.431672 162.024437 0.000000 0.000000 0.000000
-5.296713 -73.194372 160.455541 0.000000 0.000000 0.000000
-5.136865 -73.377784 158.841261 0.000000 0.000000 0.000000
-6.671698 -73.014672 157.232635 0.000000 0.000000 0.000000
-4.222460 -72.842066 156.155710 0.000000 0.000000 0.000000
-5.450151 -72.629194 153.349203 0.000000 0.000000 0.000000
-6.207853 -73.046296 151.547809 0.000000 0.000000 0.000000
-8.773096 -74.397600 173.473380 0.000000 0.000000 0.000000
-7.283532 -74.307006 172.229847 0.000000 0.000000 0.000000
-9.593449 -74.169970 169.363064 0.000000 0.000000 0.000000
-8.356951 -74.146540 168.657740 0.000000 0.000000 0.000000
-9.829829 -73.987128 165.973667 0.000000 0.000000 0.000000
-8.432253 -74.042664 164.059761 0.000000 0.000000 0.000000
-9.076794 -74.281952 163.014962 0.000000 0.000000 0.000000
# Line 2: n=17 a=(6.364,-68.909,150.164) b=(0.127,0.117,0.985) start=(4.384,-70.727,134.844) end=(7.839,-67.555,161.585)
# x y z globalTime peakAmplitude integratedCharge
4.941883 -68.284748 156.179246 0.000000 0.000000 0.000000
5.483037 -68.509020 153.532278 0.000000 0.000000 0.000000
6.843005 -68.720928 152.217063 0.000000 0.000000 0.000000
4.924484 -68.946136 149.900718 0.000000 0.000000 0.000000
5.845353 -69.126700 149.116647 0.000000 0.000000 0.000000
5.758971 -69.293970 146.744618 0.000000 0.000000 0.000000
6.161034 -69.501056 145.289773 0.000000 0.000000 0.000000
3.830660 -69.695588 143.345067 0.000000 0.000000 0.000000
6.325157 -69.831788 141.164230 0.000000 0.000000 0.000000
4.429718 -70.032264 140.369867 0.000000 0.000000 0.000000
5.488691 -70.813636 134.711989 0.000000 0.000000 0.000000
7.482322 -67.362854 161.608201 0.000000 0.000000 0.000000
7.750449 -67.836036 159.999947 0.000000 0.000000 0.000000
9.296815 -68.020794 157.922114 0.000000 0.000000 0.000000
8.743347 -68.248400 155.099226 0.000000 0.000000 0.000000
7.706180 -68.490000 153.845128 0.000000 0.000000 0.000000
7.174128 -68.746460 151.742809 0.000000 0.000000 0.000000
