# Event 1173
# Params: dx_requested=3.637852 dx_event(vote)=3.637852 rline(inlier)=3.637852 minvotes=4 nstart=2 cover=0.800 nlines=4
# HoughMemory: requested_MB=80.062 allocated_MB=80.062 num_x=128 directions=1281 coarsened=0 maxmem_MB=0.000
# N0=104 assigned=104 remaining_after_force=0
# Line 1: n=64 a=(4.916,-69.862,75.179) b=(0.016,0.003,-1.000) start=(3.758,-70.103,148.123) end=(5.975,-69.642,8.531)
# x y z globalTime peakAmplitude integratedCharge
4.274292 -69.490130 53.542708 0.000000 0.000000 0.000000
4.314307 -69.520666 52.748846 0.000000 0.000000 0.000000
5.484596 -69.522326 50.361105 0.000000 0.000000 0.000000
4.937648 -69.529968 49.319502 0.000000 0.000000 0.000000
6.330781 -69.511520 46.845286 0.000000 0.000000 0.000000
4.846192 -69.513600 45.444979 0.000000 0.000000 0.000000
4.121817 -69.521766 44.054291 0.000000 0.000000 0.000000
4.006275 -69.578814 42.521437 0.000000 0.000000 0.000000
3.583997 -69.535180 40.610901 0.000000 0.000000 0.000000
6.460343 -69.525208 38.615430 0.000000 0.000000 0.000000
6.156243 -69.574030 36.713098 0.000000 0.000000 0.000000
4.831277 -69.626850 34.485126 0.000000 0.000000 0.000000
5.498016 -69.604688 33.327217 0.000000 0.000000 0.000000
5.169494 -69.653016 30.437531 0.000000 0.000000 0.000000
2.218107 -70.719452 147.256549 0.000000 0.000000 0.000000
2.272157 -70.649212 145.009124 0.000000 0.000000 0.000000
1.986254 -70.684980 144.120867 0.000000 0.000000 0.000000
2.311269 -70.619056 141.539613 0.000000 0.000000 0.000000
6.625964 -69.895734 25.119759 0.000000 0.000000 0.000000
6.706253 -69.929968 22.721388 0.000000 0.000000 0.000000
4.865477 -69.983160 20.526955 0.000000 0.000000 0.000000
6.574873 -69.998694 19.888408 0.000000 0.000000 0.000000
6.807014 -70.022600 17.616414 0.000000 0.000000 0.000000
5.043661 -70.063648 15.504623 0.000000 0.000000 0.000000
5.187720 -70.085590 14.163895 0.000000 0.000000 0.000000
4.097751 -70.153296 12.695534 0.000000 0.000000 0.000000
4.821322 -70.225880 10.658680 0.000000 0.000000 0.000000
5.470668 -70.299360 8.521108 0.000000 0.000000 0.000000
6.091192 -69.644904 79.194402 0.000000 0.000000 0.000000
5.399586 -69.833648 74.704336 0.000000 0.000000 0.000000
6.462767 -69.881476 73.743594 0.000000 0.000000 0.000000
4.855291 -69.750336 72.389114 0.000000 0.000000 0.000000
6.438696 -69.710784 69.744064 0.000000 0.000000 0.000000
5.898963 -69.721888 68.794803 0.000000 0.000000 0.000000
5.996065 -69.694636 67.049740 0.000000 0.000000 0.000000
6.268554 -69.666088 64.490501 0.000000 0.000000 0.000000
6.129714 -69.703576 63.656831 0.000000 0.000000 0.000000
3.908254 -69.709894 60.704331 0.000000 0.000000 0.000000
6.716234 -69.689580 60.083559 0.000000 0.000000 0.000000
3.589072 -69.700610 58.107980 0.000000 0.000000 0.000000
5.237373 -69.714120 56.312696 0.000000 0.000000 0.000000
2.784195 -70.619840 138.496003 0.000000 0.000000 0.000000
2.645069 -70.525250 136.299112 0.000000 0.000000 0.000000
2.110156 -70.429504 134.550758 0.000000 0.000000 0.000000
1.556230 -70.360644 131.900271 0.000000 0.000000 0.000000
1.880879 -70.290174 130.231295 0.000000 0.000000 0.000000
4.571694 -70.157032 127.514784 0.000000 0.000000 0.000000
3.070036 -70.174030 127.273302 0.000000 0.000000 0.000000
4.936030 -70.094340 126.329044 0.000000 0.000000 0.000000
3.289761 -70.119690 125.727849 0.000000 0.000000 0.000000
6.838358 -69.955848 124.885007 0.000000 0.000000 0.000000
6.277272 -69.864050 123.243553 0.000000 0.000000 0.000000
5.808384 -69.770752 121.139662 0.000000 0.000000 0.000000
3.597080 -69.690720 119.261893 0.000000 0.000000 0.000000
6.652183 -69.573768 117.639197 0.000000 0.000000 0.000000
6.543713 -69.451374 115.494522 0.000000 0.000000 0.000000
4.862454 -69.341420 113.409405 0.000000 0.000000 0.000000
7.278807 -68.942408 96.923481 0.000000 0.000000 0.000000
7.368545 -69.038780 111.893988 0.000000 0.000000 0.000000
0.334082 -71.026270 148.065285 0.000000 0.000000 0.000000
0.286119 -70.555020 139.541633 0.000000 0.000000 0.000000
2.555053 -72.602220 73.504834 0.000000 0.000000 0.000000
0.129739 -70.327280 133.086284 0.000000 0.000000 0.000000
0.211673 -70.024600 124.962343 0.000000 0.000000 0.000000
# Line 2: n=19 a=(9.010,-69.061,95.313) b=(0.011,0.019,1.000) start=(8.835,-69.377,78.825) end=(9.210,-68.698,114.243)
# x y z globalTime peakAmplitude integratedCharge
9.649441 -68.944696 110.754298 0.000000 0.000000 0.000000
9.388939 -68.798132 107.800125 0.000000 0.000000 0.000000
9.460535 -68.720130 106.086423 0.000000 0.000000 0.000000
7.965453 -68.682404 104.639880 0.000000 0.000000 0.000000
10.051877 -68.708820 102.508984 0.000000 0.000000 0.000000
9.102332 -68.747500 101.368736 0.000000 0.000000 0.000000
8.720349 -68.854300 100.033890 0.000000 0.000000 0.000000
8.803507 -68.900732 98.590197 0.000000 0.000000 0.000000
9.942901 -69.014728 94.476936 0.000000 0.000000 0.000000
9.890732 -69.103486 92.817589 0.000000 0.000000 0.000000
9.098414 -69.131464 90.905182 0.000000 0.000000 0.000000
7.744352 -69.217580 88.526011 0.000000 0.000000 0.000000
8.847074 -69.222784 87.063358 0.000000 0.000000 0.000000
7.975153 -69.275672 85.996872 0.000000 0.000000 0.000000
8.196344 -69.306060 84.192205 0.000000 0.000000 0.000000
9.403430 -69.419512 82.265967 0.000000 0.000000 0.000000
8.473511 -69.440992 79.851192 0.000000 0.000000 0.000000
9.867860 -69.468080 78.815868 0.000000 0.000000 0.000000
8.599380 -69.197144 114.258988 0.000000 0.000000 0.000000
# Line 3: n=21 a=(55.292,-53.711,171.167) b=(0.572,0.173,0.802) start=(18.141,-64.937,119.075) end=(90.903,-42.950,221.101)
# x y z globalTime peakAmplitude integratedCharge
18.375000 -65.362737 119.000000 0.000000 0.000000 0.000000
20.125000 -64.646928 122.500000 0.000000 0.000000 0.000000
25.375000 -62.874188 129.500000 0.000000 0.000000 0.000000
30.625000 -61.112790 136.500000 0.000000 0.000000 0.000000
35.875000 -59.568312 143.500000 0.000000 0.000000 0.000000
37.625000 -58.914657 147.000000 0.000000 0.000000 0.000000
41.125000 -57.984826 150.500000 0.000000 0.000000 0.000000
42.875000 -57.265924 154.000000 0.000000 0.000000 0.000000
48.125000 -55.662638 161.000000 0.000000 0.000000 0.000000
53.375000 -54.129438 168.000000 0.000000 0.000000 0.000000
55.125000 -53.513001 171.500000 0.000000 0.000000 0.000000
58.625000 -52.560104 175.000000 0.000000 0.000000 0.000000
60.375000 -51.930753 178.500000 0.000000 0.000000 0.000000
65.625000 -50.413839 185.500000 0.000000 0.000000 0.000000
70.875000 -49.003595 192.500000 0.000000 0.000000 0.000000
72.625000 -48.307762 196.000000 0.000000 0.000000 0.000000
77.875000 -46.821318 203.000000 0.000000 0.000000 0.000000
79.625000 -46.256620 206.500000 0.000000 0.000000 0.000000
84.875000 -44.815014 213.500000 0.000000 0.000000 0.000000
90.125000 -43.417611 220.500000 0.000000 0.000000 0.000000
91.875000 -43.377721 220.500000 0.000000 0.000000 0.000000
