# Event 614
# Params: dx_requested=3.427919 dx_event(vote)=3.427919 rline(inlier)=3.427919 minvotes=4 nstart=2 cover=0.800 nlines=4
# HoughMemory: requested_MB=80.062 allocated_MB=80.062 num_x=128 directions=1281 coarsened=0 maxmem_MB=0.000
# N0=142 assigned=142 remaining_after_force=0
# Line 1: n=111 a=(4.152,-64.301,71.705) b=(0.051,0.050,0.997) start=(0.912,-67.475,8.400) end=(7.449,-61.071,136.117)
# x y z globalTime peakAmplitude integratedCharge
2.862732 -65.106080 53.505998 0.000000 0.000000 0.000000
4.521456 -65.012116 52.108441 0.000000 0.000000 0.000000
2.567869 -65.135772 51.907969 0.000000 0.000000 0.000000
1.449841 -65.246380 50.605600 0.000000 0.000000 0.000000
4.477917 -65.253980 48.697606 0.000000 0.000000 0.000000
1.757794 -65.272546 49.706813 0.000000 0.000000 0.000000
2.571251 -65.361030 47.170900 0.000000 0.000000 0.000000
1.709691 -65.395500 45.478645 0.000000 0.000000 0.000000
2.664865 -65.458600 44.463866 0.000000 0.000000 0.000000
1.508628 -65.506060 41.653019 0.000000 0.000000 0.000000
1.896034 -65.542774 40.854112 0.000000 0.000000 0.000000
2.496179 -65.555224 37.754128 0.000000 0.000000 0.000000
2.175955 -65.675592 36.029918 0.000000 0.000000 0.000000
1.050541 -65.746332 35.210239 0.000000 0.000000 0.000000
0.386581 -65.771784 32.548712 0.000000 0.000000 0.000000
1.365835 -65.801716 31.020533 0.000000 0.000000 0.000000
0.892805 -65.875880 29.183274 0.000000 0.000000 0.000000
3.730979 -65.955220 27.282335 0.000000 0.000000 0.000000
2.669064 -65.962780 28.328413 0.000000 0.000000 0.000000
4.328457 -63.025128 109.598577 0.000000 0.000000 0.000000
3.818545 -63.307680 108.731892 0.000000 0.000000 0.000000
6.588983 -63.457892 106.554746 0.000000 0.000000 0.000000
6.053687 -63.620484 105.287744 0.000000 0.000000 0.000000
6.811169 -63.595032 103.265774 0.000000 0.000000 0.000000
5.547512 -63.759440 100.892508 0.000000 0.000000 0.000000
6.716767 -63.794040 100.461916 0.000000 0.000000 0.000000
4.544024 -63.780440 98.188125 0.000000 0.000000 0.000000
4.655863 -64.004334 96.575289 0.000000 0.000000 0.000000
5.083988 -63.917566 94.429212 0.000000 0.000000 0.000000
3.649671 -64.016474 92.239537 0.000000 0.000000 0.000000
3.031385 -64.091546 92.638589 0.000000 0.000000 0.000000
5.753846 -64.020340 90.922494 0.000000 0.000000 0.000000
4.269439 -64.066376 88.733789 0.000000 0.000000 0.000000
6.692596 -64.172590 87.706271 0.000000 0.000000 0.000000
3.789570 -64.282966 86.430592 0.000000 0.000000 0.000000
3.817394 -64.271948 84.539946 0.000000 0.000000 0.000000
1.634170 -66.188000 26.256783 0.000000 0.000000 0.000000
2.779902 -66.252100 24.785125 0.000000 0.000000 0.000000
1.959336 -66.356726 23.315186 0.000000 0.000000 0.000000
2.811127 -66.414472 21.272500 0.000000 0.000000 0.000000
2.671060 -66.490766 19.955216 0.000000 0.000000 0.000000
2.383967 -66.572290 18.051935 0.000000 0.000000 0.000000
1.493770 -66.676464 16.469528 0.000000 0.000000 0.000000
0.476143 -66.746954 13.314067 0.000000 0.000000 0.000000
3.753843 -66.665588 13.343676 0.000000 0.000000 0.000000
1.840663 -66.865406 11.559350 0.000000 0.000000 0.000000
0.527869 -66.990704 11.092225 0.000000 0.000000 0.000000
0.852085 -67.107544 8.739476 0.000000 0.000000 0.000000
6.051563 -64.480000 82.134556 0.000000 0.000000 0.000000
3.285302 -64.628956 80.555357 0.000000 0.000000 0.000000
3.884137 -64.548748 80.436189 0.000000 0.000000 0.000000
5.144230 -64.688508 78.810484 0.000000 0.000000 0.000000
6.722364 -64.667706 76.675953 0.000000 0.000000 0.000000
3.396132 -64.750770 75.262245 0.000000 0.000000 0.000000
5.259597 -64.598334 75.510878 0.000000 0.000000 0.000000
5.199114 -64.745574 72.887640 0.000000 0.000000 0.000000
2.686435 -64.773694 71.776874 0.000000 0.000000 0.000000
6.010360 -64.816094 71.461117 0.000000 0.000000 0.000000
4.926077 -64.817864 70.292425 0.000000 0.000000 0.000000
2.044870 -64.919880 68.808095 0.000000 0.000000 0.000000
5.363884 -64.875286 68.905493 0.000000 0.000000 0.000000
2.147746 -64.998600 67.086370 0.000000 0.000000 0.000000
6.359479 -64.854432 65.762417 0.000000 0.000000 0.000000
3.097897 -65.005432 65.230154 0.000000 0.000000 0.000000
4.514604 -65.000208 64.589475 0.000000 0.000000 0.000000
1.453264 -65.082120 62.311600 0.000000 0.000000 0.000000
5.212801 -65.015070 62.283689 0.000000 0.000000 0.000000
1.957164 -65.157824 61.623510 0.000000 0.000000 0.000000
3.773523 -65.063404 60.818659 0.000000 0.000000 0.000000
0.648107 -65.212720 59.780883 0.000000 0.000000 0.000000
5.114873 -65.161100 59.084178 0.000000 0.000000 0.000000
2.207020 -65.244312 58.071841 0.000000 0.000000 0.000000
6.671233 -65.149908 57.812615 0.000000 0.000000 0.000000
2.757458 -65.314532 55.868184 0.000000 0.000000 0.000000
5.354633 -60.898280 124.488035 0.000000 0.000000 0.000000
6.294370 -61.222144 122.772991 0.000000 0.000000 0.000000
5.583245 -61.554986 121.193675 0.000000 0.000000 0.000000
5.521901 -61.835028 118.937798 0.000000 0.000000 0.000000
5.760858 -62.145580 117.520638 0.000000 0.000000 0.000000
6.650649 -62.444928 115.404312 0.000000 0.000000 0.000000
6.529778 -62.692956 113.215006 0.000000 0.000000 0.000000
4.051749 -62.974268 112.331432 0.000000 0.000000 0.000000
7.925255 -59.046716 135.991052 0.000000 0.000000 0.000000
8.972563 -59.056806 135.414069 0.000000 0.000000 0.000000
8.868481 -59.258154 133.596137 0.000000 0.000000 0.000000
7.947662 -59.537652 131.913871 0.000000 0.000000 0.000000
7.937166 -59.797888 129.949314 0.000000 0.000000 0.000000
8.575189 -60.100366 127.676884 0.000000 0.000000 0.000000
7.483377 -60.428720 125.550230 0.000000 0.000000 0.000000
9.722092 -60.679316 124.218262 0.000000 0.000000 0.000000
7.692650 -60.988180 122.266207 0.000000 0.000000 0.000000
6.758334 -65.072608 53.907131 0.000000 0.000000 0.000000
1.962576 -64.123810 91.457473 0.000000 0.000000 0.000000
0.381123 -64.158332 89.157418 0.000000 0.000000 0.000000
0.816930 -64.230980 87.760764 0.000000 0.000000 0.000000
1.307828 -64.304450 85.085126 0.000000 0.000000 0.000000
0.924250 -64.353400 84.251419 0.000000 0.000000 0.000000
4.497445 -66.352308 17.956679 0.000000 0.000000 0.000000
5.452525 -66.605980 15.375512 0.000000 0.000000 0.000000
6.610308 -66.853052 11.993822 0.000000 0.000000 0.000000
4.929559 -66.986536 8.170283 0.000000 0.000000 0.000000
0.985876 -64.609692 82.006751 0.000000 0.000000 0.000000
1.159754 -64.672608 78.573840 0.000000 0.000000 0.000000
0.804933 -64.710444 76.545729 0.000000 0.000000 0.000000
0.131115 -64.779846 73.453622 0.000000 0.000000 0.000000
0.889857 -64.868134 70.399224 0.000000 0.000000 0.000000
6.774525 -65.281744 55.290117 0.000000 0.000000 0.000000
3.911582 -60.299128 127.457592 0.000000 0.000000 0.000000
4.116914 -60.569750 125.954380 0.000000 0.000000 0.000000
2.599912 -62.927940 114.490759 0.000000 0.000000 0.000000
3.077553 -63.205304 111.522806 0.000000 0.000000 0.000000
# Line 2: n=31 a=(-11.711,-69.228,143.128) b=(0.324,0.130,-0.937) start=(-38.751,-80.104,221.378) end=(4.902,-62.546,95.051)
# x y z globalTime peakAmplitude integratedCharge
-41.125000 -80.523440 220.500000 0.000000 0.000000 0.000000
-39.375000 -80.385278 220.500000 0.000000 0.000000 0.000000
-34.125000 -78.303790 206.500000 0.000000 0.000000 0.000000
-32.375000 -77.641338 203.000000 0.000000 0.000000 0.000000
-30.625000 -76.673230 196.000000 0.000000 0.000000 0.000000
-28.875000 -76.060431 192.500000 0.000000 0.000000 0.000000
-27.125000 -75.485559 189.000000 0.000000 0.000000 0.000000
-23.625000 -73.872896 178.500000 0.000000 0.000000 0.000000
-21.875000 -73.148584 171.500000 0.000000 0.000000 0.000000
-20.125000 -72.560087 168.000000 0.000000 0.000000 0.000000
-18.375000 -71.976660 164.500000 0.000000 0.000000 0.000000
-16.625000 -71.438654 161.000000 0.000000 0.000000 0.000000
1.806489 -63.200646 110.005084 0.000000 0.000000 0.000000
1.624655 -63.416706 108.687332 0.000000 0.000000 0.000000
1.086519 -63.562072 106.098443 0.000000 0.000000 0.000000
1.146956 -63.649652 105.223609 0.000000 0.000000 0.000000
2.024099 -63.748786 102.779442 0.000000 0.000000 0.000000
2.137325 -63.780566 102.160904 0.000000 0.000000 0.000000
0.435232 -63.841986 99.532967 0.000000 0.000000 0.000000
0.921972 -63.913684 97.512893 0.000000 0.000000 0.000000
2.000904 -63.956530 96.316743 0.000000 0.000000 0.000000
2.488117 -64.006274 94.013822 0.000000 0.000000 0.000000
-4.162212 -67.020966 129.830981 0.000000 0.000000 0.000000
-4.764311 -66.625646 126.192423 0.000000 0.000000 0.000000
-2.551166 -65.916308 120.466192 0.000000 0.000000 0.000000
-3.021653 -65.678156 119.204604 0.000000 0.000000 0.000000
-2.806625 -65.435060 117.590217 0.000000 0.000000 0.000000
-2.327216 -65.101324 115.951906 0.000000 0.000000 0.000000
-7.770361 -68.746808 139.488354 0.000000 0.000000 0.000000
-8.988981 -68.226044 137.565252 0.000000 0.000000 0.000000
-8.073266 -68.178660 136.841294 0.000000 0.000000 0.000000
