# Event 629
# Params: dx_requested=3.510575 dx_event(vote)=3.510575 rline(inlier)=3.510575 minvotes=4 nstart=2 cover=0.800 nlines=4
# HoughMemory: requested_MB=80.062 allocated_MB=80.062 num_x=128 directions=1281 coarsened=0 maxmem_MB=0.000
# N0=97 assigned=97 remaining_after_force=0
# Line 1: n=65 a=(-1.933,-66.561,54.003) b=(0.008,0.004,-1.000) start=(-3.312,-67.273,220.806) end=(-1.565,-66.371,9.457)
# x y z globalTime peakAmplitude integratedCharge
-0.314464 -66.096032 54.348528 0.000000 0.000000 0.000000
-0.547286 -66.094506 52.515208 0.000000 0.000000 0.000000
-2.393019 -66.114184 50.943274 0.000000 0.000000 0.000000
-2.770459 -66.116534 49.051155 0.000000 0.000000 0.000000
-2.783046 -66.152826 47.918807 0.000000 0.000000 0.000000
-0.630791 -66.188244 46.034634 0.000000 0.000000 0.000000
-1.729577 -66.179880 44.496693 0.000000 0.000000 0.000000
-2.370613 -66.166724 41.547368 0.000000 0.000000 0.000000
-2.070489 -66.189704 39.612332 0.000000 0.000000 0.000000
-1.004520 -66.205000 38.740238 0.000000 0.000000 0.000000
-1.029231 -66.234560 36.343203 0.000000 0.000000 0.000000
-1.462247 -66.259534 35.722861 0.000000 0.000000 0.000000
-1.056352 -66.259394 33.210539 0.000000 0.000000 0.000000
-0.869461 -66.336968 32.129046 0.000000 0.000000 0.000000
-3.183376 -66.351770 29.240761 0.000000 0.000000 0.000000
-2.093240 -66.414032 27.335224 0.000000 0.000000 0.000000
-1.805489 -68.735150 95.985898 0.000000 0.000000 0.000000
-2.125184 -68.218268 92.659128 0.000000 0.000000 0.000000
-0.369644 -67.952874 91.320515 0.000000 0.000000 0.000000
-0.465210 -67.647520 89.909648 0.000000 0.000000 0.000000
-0.849243 -67.393206 87.926947 0.000000 0.000000 0.000000
-0.348397 -67.143090 85.640765 0.000000 0.000000 0.000000
-1.634696 -66.870160 83.632250 0.000000 0.000000 0.000000
-1.316602 -66.577686 25.675274 0.000000 0.000000 0.000000
-2.197332 -66.658880 24.867528 0.000000 0.000000 0.000000
-2.156514 -66.708190 22.971276 0.000000 0.000000 0.000000
-1.517771 -66.729474 20.717377 0.000000 0.000000 0.000000
-0.736124 -66.799140 19.405557 0.000000 0.000000 0.000000
-0.875341 -66.832680 18.143864 0.000000 0.000000 0.000000
-3.241901 -66.909168 15.590619 0.000000 0.000000 0.000000
-1.208336 -66.941864 13.803811 0.000000 0.000000 0.000000
-3.234820 -66.977424 11.856870 0.000000 0.000000 0.000000
-0.541656 -67.037900 10.256920 0.000000 0.000000 0.000000
-0.984938 -67.127660 9.458246 0.000000 0.000000 0.000000
-1.979934 -66.749408 81.668634 0.000000 0.000000 0.000000
-3.872009 -66.322590 79.864150 0.000000 0.000000 0.000000
-0.260304 -66.469294 80.675347 0.000000 0.000000 0.000000
-4.585456 -66.250480 78.607559 0.000000 0.000000 0.000000
-3.137536 -66.312568 78.507166 0.000000 0.000000 0.000000
-4.427122 -66.128974 77.691907 0.000000 0.000000 0.000000
-2.522666 -66.250620 76.413694 0.000000 0.000000 0.000000
-5.469594 -66.259814 74.904352 0.000000 0.000000 0.000000
-3.335698 -66.253790 75.791099 0.000000 0.000000 0.000000
-5.568010 -66.243714 72.798136 0.000000 0.000000 0.000000
-3.100637 -66.258140 74.158698 0.000000 0.000000 0.000000
-1.689415 -66.245496 72.149429 0.000000 0.000000 0.000000
-1.815817 -66.256848 70.427557 0.000000 0.000000 0.000000
-0.547888 -66.244020 68.759130 0.000000 0.000000 0.000000
-1.416057 -66.263044 66.331179 0.000000 0.000000 0.000000
-1.614808 -66.241590 65.184661 0.000000 0.000000 0.000000
-1.637805 -66.272326 63.111063 0.000000 0.000000 0.000000
-0.686832 -66.293520 61.386148 0.000000 0.000000 0.000000
-3.284681 -66.336524 59.791379 0.000000 0.000000 0.000000
-2.313886 -66.308808 57.558452 0.000000 0.000000 0.000000
-1.148733 -66.271270 55.395349 0.000000 0.000000 0.000000
-58.625000 -31.917490 220.500000 0.000000 0.000000 0.000000
-56.875000 -32.695024 217.000000 0.000000 0.000000 0.000000
-55.125000 -33.538884 213.500000 0.000000 0.000000 0.000000
-49.875000 -36.740345 199.500000 0.000000 0.000000 0.000000
-44.625000 -39.993988 185.500000 0.000000 0.000000 0.000000
-42.875000 -40.975146 182.000000 0.000000 0.000000 0.000000
-39.375000 -43.196077 171.500000 0.000000 0.000000 0.000000
-37.625000 -44.172308 168.000000 0.000000 0.000000 0.000000
-30.625000 -48.489262 150.500000 0.000000 0.000000 0.000000
-2.973485 -69.001630 97.790336 0.000000 0.000000 0.000000
# Line 2: n=32 a=(1.808,-69.454,99.072) b=(0.206,-0.111,0.972) start=(-7.198,-64.574,56.496) end=(6.608,-72.056,121.765)
# x y z globalTime peakAmplitude integratedCharge
5.420910 -70.958190 110.626777 0.000000 0.000000 0.000000
3.089322 -70.906620 110.791258 0.000000 0.000000 0.000000
4.440793 -70.659130 108.151426 0.000000 0.000000 0.000000
4.036909 -70.362372 107.243281 0.000000 0.000000 0.000000
2.538873 -70.303888 107.239338 0.000000 0.000000 0.000000
5.883258 -70.019794 104.828920 0.000000 0.000000 0.000000
2.215809 -70.033840 104.804302 0.000000 0.000000 0.000000
2.298688 -69.765748 103.010514 0.000000 0.000000 0.000000
1.883392 -69.513654 102.050618 0.000000 0.000000 0.000000
0.470490 -69.272028 99.445526 0.000000 0.000000 0.000000
1.138224 -69.034100 98.072476 0.000000 0.000000 0.000000
2.157209 -68.781256 96.692759 0.000000 0.000000 0.000000
0.484912 -68.496880 94.371574 0.000000 0.000000 0.000000
-0.222204 -68.471966 94.646933 0.000000 0.000000 0.000000
1.804707 -68.250556 92.507703 0.000000 0.000000 0.000000
0.302966 -67.959436 91.327750 0.000000 0.000000 0.000000
1.648800 -67.696440 89.087514 0.000000 0.000000 0.000000
2.972052 -67.438180 86.862959 0.000000 0.000000 0.000000
0.782591 -67.143688 85.889367 0.000000 0.000000 0.000000
-6.603134 -66.104260 71.065763 0.000000 0.000000 0.000000
-6.526285 -66.178028 69.523800 0.000000 0.000000 0.000000
-6.254307 -66.252430 66.563127 0.000000 0.000000 0.000000
-6.266432 -66.247950 56.106966 0.000000 0.000000 0.000000
6.068228 -72.450306 121.833332 0.000000 0.000000 0.000000
6.935230 -72.248632 120.834353 0.000000 0.000000 0.000000
5.070725 -72.102436 119.704799 0.000000 0.000000 0.000000
6.373986 -71.996340 117.928081 0.000000 0.000000 0.000000
3.569257 -71.923614 115.469331 0.000000 0.000000 0.000000
3.885951 -71.648108 113.655505 0.000000 0.000000 0.000000
4.627802 -71.405004 111.817312 0.000000 0.000000 0.000000
0.873914 -70.582824 108.465144 0.000000 0.000000 0.000000
0.063005 -71.346668 112.186817 0.000000 0.000000 0.000000
