# Event 3643
# Params: dx_requested=3.383214 dx_event(vote)=3.383214 rline(inlier)=3.383214 minvotes=4 nstart=2 cover=0.800 nlines=4
# HoughMemory: requested_MB=80.062 allocated_MB=80.062 num_x=128 directions=1281 coarsened=0 maxmem_MB=0.000
# N0=93 assigned=93 remaining_after_force=0
# Line 1: n=84 a=(-2.700,-75.879,69.696) b=(0.030,0.004,-1.000) start=(-4.434,-76.112,127.656) end=(-0.880,-75.635,8.828)
# x y z globalTime peakAmplitude integratedCharge
-2.562271 -75.489728 53.812461 0.000000 0.000000 0.000000
-2.469617 -75.472860 53.051722 0.000000 0.000000 0.000000
-0.694238 -75.518768 50.369797 0.000000 0.000000 0.000000
-1.116100 -75.522480 49.574144 0.000000 0.000000 0.000000
-2.283795 -75.556214 46.644995 0.000000 0.000000 0.000000
-1.341458 -75.555960 45.057356 0.000000 0.000000 0.000000
-0.594371 -75.594520 43.414357 0.000000 0.000000 0.000000
-2.641476 -75.559186 41.370508 0.000000 0.000000 0.000000
-1.272541 -75.595680 39.920515 0.000000 0.000000 0.000000
-2.542820 -75.579560 38.318824 0.000000 0.000000 0.000000
-0.542340 -75.634180 37.413415 0.000000 0.000000 0.000000
-0.395414 -75.643800 34.255293 0.000000 0.000000 0.000000
-0.519201 -75.666724 32.766529 0.000000 0.000000 0.000000
-0.550537 -75.700980 31.409252 0.000000 0.000000 0.000000
-2.200224 -75.759920 29.734819 0.000000 0.000000 0.000000
-2.499917 -75.803124 27.328195 0.000000 0.000000 0.000000
-5.075686 -76.543170 109.510340 0.000000 0.000000 0.000000
-6.406692 -76.392248 109.065143 0.000000 0.000000 0.000000
-4.147281 -76.177420 106.367237 0.000000 0.000000 0.000000
-5.596032 -76.018560 104.649683 0.000000 0.000000 0.000000
-0.873015 -75.696496 102.831851 0.000000 0.000000 0.000000
-5.659907 -75.810492 102.753180 0.000000 0.000000 0.000000
-0.830039 -75.554566 102.121700 0.000000 0.000000 0.000000
-2.902785 -75.452120 100.316718 0.000000 0.000000 0.000000
-3.989737 -75.463044 100.340667 0.000000 0.000000 0.000000
-3.332825 -75.405224 98.701039 0.000000 0.000000 0.000000
-5.439293 -75.403808 97.544354 0.000000 0.000000 0.000000
-1.367630 -75.424676 95.686127 0.000000 0.000000 0.000000
-6.265521 -75.418280 96.207942 0.000000 0.000000 0.000000
-0.516852 -75.452972 94.344991 0.000000 0.000000 0.000000
-6.384718 -75.409252 95.005483 0.000000 0.000000 0.000000
-0.508305 -75.434314 93.002021 0.000000 0.000000 0.000000
-5.606765 -75.471326 92.071181 0.000000 0.000000 0.000000
-2.303979 -75.427624 90.291314 0.000000 0.000000 0.000000
-4.812141 -75.456620 90.408664 0.000000 0.000000 0.000000
-0.988685 -75.434936 89.679054 0.000000 0.000000 0.000000
-4.134049 -75.476904 89.592119 0.000000 0.000000 0.000000
-1.938057 -75.439984 86.762305 0.000000 0.000000 0.000000
-5.256061 -75.482788 86.831587 0.000000 0.000000 0.000000
-0.569493 -75.481280 85.459509 0.000000 0.000000 0.000000
-3.838463 -75.462500 85.324237 0.000000 0.000000 0.000000
-0.401544 -75.466486 83.997014 0.000000 0.000000 0.000000
-5.028597 -75.522906 84.600869 0.000000 0.000000 0.000000
-2.813118 -75.970440 26.089191 0.000000 0.000000 0.000000
-3.272794 -75.996960 25.224022 0.000000 0.000000 0.000000
-2.661777 -76.067328 23.052561 0.000000 0.000000 0.000000
-1.049630 -76.077984 21.305237 0.000000 0.000000 0.000000
-2.359334 -76.171808 19.812109 0.000000 0.000000 0.000000
-1.036865 -76.250976 17.731643 0.000000 0.000000 0.000000
-2.441109 -76.295806 15.066040 0.000000 0.000000 0.000000
-2.490147 -76.340936 14.735231 0.000000 0.000000 0.000000
-2.597625 -76.422280 11.602079 0.000000 0.000000 0.000000
-2.309706 -76.474250 10.005434 0.000000 0.000000 0.000000
-1.205948 -76.625800 8.813881 0.000000 0.000000 0.000000
-4.412328 -75.560300 82.920277 0.000000 0.000000 0.000000
-3.060039 -75.604660 82.519149 0.000000 0.000000 0.000000
-0.506835 -75.603860 80.419102 0.000000 0.000000 0.000000
-1.811311 -75.639172 78.949929 0.000000 0.000000 0.000000
-1.320241 -75.625268 77.733486 0.000000 0.000000 0.000000
-2.415051 -75.628016 75.771801 0.000000 0.000000 0.000000
-3.181196 -75.625714 73.998285 0.000000 0.000000 0.000000
-0.614147 -75.595112 71.466982 0.000000 0.000000 0.000000
-0.266539 -75.630236 70.405264 0.000000 0.000000 0.000000
-1.795155 -75.660680 67.630391 0.000000 0.000000 0.000000
-1.834825 -75.648206 66.367739 0.000000 0.000000 0.000000
-1.232698 -75.661800 64.883740 0.000000 0.000000 0.000000
-2.559191 -75.696234 62.599998 0.000000 0.000000 0.000000
-1.662357 -75.679600 61.854982 0.000000 0.000000 0.000000
-2.434311 -75.715880 59.845037 0.000000 0.000000 0.000000
-1.685992 -75.731104 58.460116 0.000000 0.000000 0.000000
-0.346224 -75.682270 56.004691 0.000000 0.000000 0.000000
-3.876154 -78.745350 125.556873 0.000000 0.000000 0.000000
-5.109502 -77.855140 120.867243 0.000000 0.000000 0.000000
-4.766138 -77.661390 118.274355 0.000000 0.000000 0.000000
-5.824930 -77.491674 117.887779 0.000000 0.000000 0.000000
-4.831393 -77.325840 115.412024 0.000000 0.000000 0.000000
-6.055072 -77.102576 113.751439 0.000000 0.000000 0.000000
-6.375895 -76.889844 111.349944 0.000000 0.000000 0.000000
-6.900248 -78.370270 124.034747 0.000000 0.000000 0.000000
-5.860031 -78.158340 122.051945 0.000000 0.000000 0.000000
-9.007686 -79.321640 127.506258 0.000000 0.000000 0.000000
-9.900253 -79.143396 125.950305 0.000000 0.000000 0.000000
-9.323801 -78.542236 124.692826 0.000000 0.000000 0.000000
-8.084850 -78.248328 122.882381 0.000000 0.000000 0.000000
# Line 2: n=9 a=(16.351,-59.755,181.771) b=(0.263,0.183,0.947) start=(-5.820,-75.181,101.867) end=(27.073,-52.296,220.410)
# x y z globalTime peakAmplitude integratedCharge
14.875000 -60.692327 175.000000 0.000000 0.000000 0.000000
16.625000 -59.404970 182.000000 0.000000 0.000000 0.000000
18.375000 -58.124911 189.000000 0.000000 0.000000 0.000000
20.125000 -56.843354 196.000000 0.000000 0.000000 0.000000
21.875000 -55.627948 203.000000 0.000000 0.000000 0.000000
25.375000 -53.274587 217.000000 0.000000 0.000000 0.000000
27.125000 -52.835756 220.500000 0.000000 0.000000 0.000000
-6.862243 -75.582984 102.233712 0.000000 0.000000 0.000000
9.648835 -65.410520 151.203841 0.000000 0.000000 0.000000
