# Event 1760
# Params: dx_requested=3.432824 dx_event(vote)=3.432824 rline(inlier)=3.432824 minvotes=4 nstart=2 cover=0.800 nlines=4
# HoughMemory: requested_MB=80.062 allocated_MB=80.062 num_x=128 directions=1281 coarsened=0 maxmem_MB=0.000
# N0=83 assigned=83 remaining_after_force=0
# Line 1: n=65 a=(0.199,-69.600,64.745) b=(0.060,-0.037,0.998) start=(-3.203,-67.531,8.321) end=(3.304,-71.489,116.238)
# x y z globalTime peakAmplitude integratedCharge
-1.756270 -68.032800 54.926200 0.000000 0.000000 0.000000
-0.739649 -68.070190 51.803681 0.000000 0.000000 0.000000
-1.333175 -68.069750 51.285840 0.000000 0.000000 0.000000
-2.428625 -68.071234 49.120159 0.000000 0.000000 0.000000
-2.236405 -68.126696 47.724042 0.000000 0.000000 0.000000
-0.506634 -68.183020 45.852875 0.000000 0.000000 0.000000
-0.863242 -68.176904 43.585907 0.000000 0.000000 0.000000
-1.193376 -68.209766 42.185974 0.000000 0.000000 0.000000
-3.060329 -68.251764 40.605129 0.000000 0.000000 0.000000
-3.152036 -68.283686 38.328562 0.000000 0.000000 0.000000
-1.547168 -68.340740 37.478957 0.000000 0.000000 0.000000
-1.236040 -68.389808 34.310599 0.000000 0.000000 0.000000
-0.970311 -68.429560 33.212943 0.000000 0.000000 0.000000
-2.135314 -68.464344 31.656047 0.000000 0.000000 0.000000
-1.431417 -68.521044 29.605939 0.000000 0.000000 0.000000
-1.572229 -68.549840 27.627628 0.000000 0.000000 0.000000
6.441230 -73.209480 109.839636 0.000000 0.000000 0.000000
5.014108 -72.779144 107.811737 0.000000 0.000000 0.000000
4.291681 -72.335688 106.291891 0.000000 0.000000 0.000000
0.812248 -72.192504 106.936155 0.000000 0.000000 0.000000
5.584265 -71.943600 105.081362 0.000000 0.000000 0.000000
0.261223 -71.920648 104.646143 0.000000 0.000000 0.000000
4.373689 -71.606806 102.625648 0.000000 0.000000 0.000000
0.179416 -71.635000 103.875010 0.000000 0.000000 0.000000
5.392961 -71.321140 101.720454 0.000000 0.000000 0.000000
2.096153 -71.410290 101.886983 0.000000 0.000000 0.000000
3.279502 -71.178290 99.230369 0.000000 0.000000 0.000000
0.314400 -71.003534 98.183861 0.000000 0.000000 0.000000
0.927930 -70.826820 95.742004 0.000000 0.000000 0.000000
1.543531 -70.620886 94.097186 0.000000 0.000000 0.000000
0.466715 -70.438288 93.106312 0.000000 0.000000 0.000000
3.147479 -70.174524 90.608232 0.000000 0.000000 0.000000
0.386094 -69.901690 89.845149 0.000000 0.000000 0.000000
1.847090 -69.666828 87.447725 0.000000 0.000000 0.000000
2.504361 -69.463726 86.496030 0.000000 0.000000 0.000000
2.895163 -69.233954 83.404242 0.000000 0.000000 0.000000
-2.212889 -68.807392 26.087828 0.000000 0.000000 0.000000
-0.200316 -68.904608 24.300800 0.000000 0.000000 0.000000
-0.659201 -68.943866 22.917347 0.000000 0.000000 0.000000
-0.587520 -69.000934 21.461885 0.000000 0.000000 0.000000
-2.447793 -69.093240 19.132011 0.000000 0.000000 0.000000
-1.555189 -69.127124 17.120229 0.000000 0.000000 0.000000
-3.252124 -69.233172 15.129467 0.000000 0.000000 0.000000
-0.193556 -69.304100 13.774099 0.000000 0.000000 0.000000
-0.729433 -69.395324 11.554025 0.000000 0.000000 0.000000
-2.522299 -69.457464 9.892714 0.000000 0.000000 0.000000
-1.581450 -69.561900 8.148594 0.000000 0.000000 0.000000
3.195723 -69.226232 82.767260 0.000000 0.000000 0.000000
0.477628 -68.993030 79.914856 0.000000 0.000000 0.000000
-0.839323 -68.648860 78.149564 0.000000 0.000000 0.000000
0.072342 -68.759466 78.875981 0.000000 0.000000 0.000000
-0.921793 -68.435920 77.431848 0.000000 0.000000 0.000000
0.904014 -68.542376 77.691203 0.000000 0.000000 0.000000
-0.773765 -68.288708 75.305346 0.000000 0.000000 0.000000
-1.319813 -68.099786 70.709680 0.000000 0.000000 0.000000
-1.774525 -68.093800 66.899376 0.000000 0.000000 0.000000
-1.981384 -68.134880 64.985110 0.000000 0.000000 0.000000
-1.957422 -68.192468 62.396589 0.000000 0.000000 0.000000
-2.447736 -68.222906 61.105899 0.000000 0.000000 0.000000
-1.840803 -68.222730 59.542404 0.000000 0.000000 0.000000
-1.921487 -68.233050 57.388680 0.000000 0.000000 0.000000
-0.902013 -68.211554 55.945811 0.000000 0.000000 0.000000
4.609221 -74.007320 116.067158 0.000000 0.000000 0.000000
5.898610 -74.032136 113.221705 0.000000 0.000000 0.000000
4.806417 -73.799460 112.327798 0.000000 0.000000 0.000000
# Line 2: n=18 a=(-2.543,-68.894,80.387) b=(0.003,0.087,-0.996) start=(-3.003,-80.849,216.945) end=(-2.505,-67.888,68.893)
# x y z globalTime peakAmplitude integratedCharge
-3.209219 -69.761872 89.613481 0.000000 0.000000 0.000000
-2.322195 -69.633140 87.605672 0.000000 0.000000 0.000000
-2.533668 -69.384192 86.458091 0.000000 0.000000 0.000000
-2.646234 -69.098066 83.412765 0.000000 0.000000 0.000000
-2.494161 -69.036384 82.342367 0.000000 0.000000 0.000000
-1.600206 -68.868554 80.586176 0.000000 0.000000 0.000000
-2.579310 -68.115112 72.880505 0.000000 0.000000 0.000000
-3.282513 -68.049512 71.711772 0.000000 0.000000 0.000000
-2.223262 -68.102576 68.875395 0.000000 0.000000 0.000000
-37.625000 -38.911456 220.500000 0.000000 0.000000 0.000000
-34.125000 -40.888032 210.000000 0.000000 0.000000 0.000000
-32.375000 -42.147684 203.000000 0.000000 0.000000 0.000000
-30.625000 -43.623859 196.000000 0.000000 0.000000 0.000000
-28.875000 -44.962674 189.000000 0.000000 0.000000 0.000000
-25.375000 -47.626438 175.000000 0.000000 0.000000 0.000000
-23.625000 -48.964090 168.000000 0.000000 0.000000 0.000000
-21.875000 -50.391380 161.000000 0.000000 0.000000 0.000000
-20.125000 -51.814707 154.000000 0.000000 0.000000 0.000000
