# Event 5038
# Params: dx_requested=3.656139 dx_event(vote)=3.656139 rline(inlier)=3.656139 minvotes=4 nstart=2 cover=0.800 nlines=4
# HoughMemory: requested_MB=80.062 allocated_MB=80.062 num_x=128 directions=1281 coarsened=0 maxmem_MB=0.000
# N0=104 assigned=104 remaining_after_force=0
# Line 1: n=57 a=(3.722,-72.886,57.054) b=(0.074,0.029,-0.997) start=(0.130,-74.271,105.366) end=(7.344,-71.489,8.328)
# x y z globalTime peakAmplitude integratedCharge
4.862253 -71.775324 53.788030 0.000000 0.000000 0.000000
5.499367 -71.807360 52.831978 0.000000 0.000000 0.000000
6.774333 -71.849756 51.404939 0.000000 0.000000 0.000000
3.968588 -71.913120 49.410743 0.000000 0.000000 0.000000
4.642526 -71.920526 47.603311 0.000000 0.000000 0.000000
4.981269 -71.960810 44.784703 0.000000 0.000000 0.000000
6.561600 -71.989324 44.004320 0.000000 0.000000 0.000000
4.333836 -72.008160 41.350718 0.000000 0.000000 0.000000
5.867401 -72.034014 39.997126 0.000000 0.000000 0.000000
5.645153 -72.048664 38.221704 0.000000 0.000000 0.000000
3.658292 -72.147580 37.170052 0.000000 0.000000 0.000000
3.773841 -72.196234 35.340214 0.000000 0.000000 0.000000
4.534587 -72.196356 33.604703 0.000000 0.000000 0.000000
4.578265 -72.298176 32.125692 0.000000 0.000000 0.000000
6.706635 -72.327112 30.144666 0.000000 0.000000 0.000000
4.068492 -72.369196 27.295553 0.000000 0.000000 0.000000
-1.151949 -76.795520 105.197863 0.000000 0.000000 0.000000
-1.414161 -76.142880 101.048689 0.000000 0.000000 0.000000
-1.557440 -75.936706 99.822293 0.000000 0.000000 0.000000
0.532096 -74.619030 88.963477 0.000000 0.000000 0.000000
1.711860 -74.361872 87.657382 0.000000 0.000000 0.000000
-0.704626 -74.490516 87.731754 0.000000 0.000000 0.000000
2.102728 -74.179700 85.242188 0.000000 0.000000 0.000000
2.278827 -74.009948 84.502485 0.000000 0.000000 0.000000
5.138076 -72.611180 25.882362 0.000000 0.000000 0.000000
5.704287 -72.672760 24.204617 0.000000 0.000000 0.000000
5.555906 -72.769324 22.661666 0.000000 0.000000 0.000000
6.655363 -72.801420 20.652080 0.000000 0.000000 0.000000
6.404250 -72.941720 17.553000 0.000000 0.000000 0.000000
5.706988 -73.053140 16.254855 0.000000 0.000000 0.000000
6.211836 -73.135950 13.944475 0.000000 0.000000 0.000000
5.736654 -73.264924 12.009857 0.000000 0.000000 0.000000
-0.271950 -74.036634 81.506587 0.000000 0.000000 0.000000
0.324355 -74.035956 82.499630 0.000000 0.000000 0.000000
3.067903 -73.772060 80.582030 0.000000 0.000000 0.000000
3.167614 -73.592108 78.234284 0.000000 0.000000 0.000000
2.055256 -73.410810 77.491743 0.000000 0.000000 0.000000
1.666808 -73.209808 74.551369 0.000000 0.000000 0.000000
2.033254 -73.015100 74.215264 0.000000 0.000000 0.000000
1.125055 -72.824354 72.261642 0.000000 0.000000 0.000000
6.195226 -72.750092 72.064997 0.000000 0.000000 0.000000
0.995478 -72.680660 70.545841 0.000000 0.000000 0.000000
6.478054 -72.560926 69.479910 0.000000 0.000000 0.000000
0.485437 -72.514148 68.328348 0.000000 0.000000 0.000000
4.273879 -72.357496 67.663025 0.000000 0.000000 0.000000
3.037735 -72.333320 66.543623 0.000000 0.000000 0.000000
5.409543 -72.193880 66.454265 0.000000 0.000000 0.000000
1.914123 -72.172576 64.928207 0.000000 0.000000 0.000000
5.163888 -72.057026 64.495500 0.000000 0.000000 0.000000
5.106978 -71.924274 63.172933 0.000000 0.000000 0.000000
4.597616 -71.921790 61.150206 0.000000 0.000000 0.000000
6.207725 -71.946612 58.915571 0.000000 0.000000 0.000000
4.398032 -71.944860 57.806247 0.000000 0.000000 0.000000
4.171844 -71.955720 55.600182 0.000000 0.000000 0.000000
3.780331 -72.890644 19.074686 0.000000 0.000000 0.000000
4.531567 -73.312880 10.699986 0.000000 0.000000 0.000000
4.406030 -73.440920 8.053930 0.000000 0.000000 0.000000
# Line 2: n=29 a=(51.806,-51.176,157.862) b=(0.440,0.181,0.880) start=(16.588,-65.674,87.425) end=(83.081,-38.302,220.411)
# x y z globalTime peakAmplitude integratedCharge
16.625000 -66.127030 87.500000 0.000000 0.000000 0.000000
20.125000 -64.547060 94.500000 0.000000 0.000000 0.000000
21.875000 -63.717321 98.000000 0.000000 0.000000 0.000000
28.875000 -60.731592 112.000000 0.000000 0.000000 0.000000
30.625000 -59.948312 115.500000 0.000000 0.000000 0.000000
32.375000 -59.147430 119.000000 0.000000 0.000000 0.000000
34.125000 -58.505215 122.500000 0.000000 0.000000 0.000000
35.875000 -57.651932 126.000000 0.000000 0.000000 0.000000
39.375000 -56.111145 133.000000 0.000000 0.000000 0.000000
44.625000 -53.967903 143.500000 0.000000 0.000000 0.000000
46.375000 -53.237302 147.000000 0.000000 0.000000 0.000000
48.125000 -52.500891 150.500000 0.000000 0.000000 0.000000
49.875000 -51.708918 154.000000 0.000000 0.000000 0.000000
51.625000 -50.969262 157.500000 0.000000 0.000000 0.000000
53.375000 -50.348746 161.000000 0.000000 0.000000 0.000000
55.125000 -49.570790 164.500000 0.000000 0.000000 0.000000
56.875000 -48.956756 168.000000 0.000000 0.000000 0.000000
58.625000 -48.173313 171.500000 0.000000 0.000000 0.000000
60.375000 -47.443266 175.000000 0.000000 0.000000 0.000000
62.125000 -46.776211 178.500000 0.000000 0.000000 0.000000
63.875000 -46.036145 182.000000 0.000000 0.000000 0.000000
65.625000 -45.416946 185.500000 0.000000 0.000000 0.000000
67.375000 -44.740887 189.000000 0.000000 0.000000 0.000000
69.125000 -44.096588 192.500000 0.000000 0.000000 0.000000
70.875000 -43.456384 196.000000 0.000000 0.000000 0.000000
76.125000 -41.512579 206.500000 0.000000 0.000000 0.000000
77.875000 -40.681758 210.000000 0.000000 0.000000 0.000000
81.375000 -39.183711 217.000000 0.000000 0.000000 0.000000
83.125000 -38.839381 220.500000 0.000000 0.000000 0.000000
# Line 3: n=18 a=(-3.853,-75.973,98.730) b=(0.146,0.128,-0.981) start=(-6.085,-77.936,113.734) end=(-1.065,-73.521,79.994)
# x y z globalTime peakAmplitude integratedCharge
-5.898837 -77.470124 110.975823 0.000000 0.000000 0.000000
-5.982745 -77.335784 108.718401 0.000000 0.000000 0.000000
-6.685146 -77.107836 107.030432 0.000000 0.000000 0.000000
-6.729410 -76.824224 104.345100 0.000000 0.000000 0.000000
-2.082039 -76.523536 102.598323 0.000000 0.000000 0.000000
-5.218586 -76.533552 102.919832 0.000000 0.000000 0.000000
-6.384391 -76.281970 102.175565 0.000000 0.000000 0.000000
-2.495462 -75.691430 98.574892 0.000000 0.000000 0.000000
-1.607536 -75.460070 96.644612 0.000000 0.000000 0.000000
-2.961887 -75.292688 94.417152 0.000000 0.000000 0.000000
-2.115218 -75.096344 92.998662 0.000000 0.000000 0.000000
-2.609578 -74.886456 90.453504 0.000000 0.000000 0.000000
-1.979027 -74.670312 89.523741 0.000000 0.000000 0.000000
-2.530768 -74.301040 86.140385 0.000000 0.000000 0.000000
-1.954360 -74.101086 83.485026 0.000000 0.000000 0.000000
-1.814490 -73.851540 79.839594 0.000000 0.000000 0.000000
-3.617371 -78.152728 114.073316 0.000000 0.000000 0.000000
-6.682704 -77.931960 112.227250 0.000000 0.000000 0.000000
