# Event 1404
# Params: dx_requested=3.731647 dx_event(vote)=3.731647 rline(inlier)=3.731647 minvotes=4 nstart=2 cover=0.800 nlines=4
# HoughMemory: requested_MB=80.062 allocated_MB=80.062 num_x=128 directions=1281 coarsened=0 maxmem_MB=0.000
# N0=197 assigned=197 remaining_after_force=0
# Line 1: n=110 a=(38.777,-75.851,94.112) b=(0.447,-0.038,0.894) start=(2.681,-72.765,22.016) end=(89.528,-80.191,195.482)
# x y z globalTime peakAmplitude integratedCharge
16.625000 -74.199859 45.500000 0.000000 0.000000 0.000000
16.625000 -74.232666 49.000000 0.000000 0.000000 0.000000
16.625000 -74.244754 52.500000 0.000000 0.000000 0.000000
16.625000 -74.298218 56.000000 0.000000 0.000000 0.000000
18.375000 -74.232532 49.000000 0.000000 0.000000 0.000000
18.375000 -74.244620 52.500000 0.000000 0.000000 0.000000
18.375000 -74.298084 56.000000 0.000000 0.000000 0.000000
20.125000 -74.241620 52.500000 0.000000 0.000000 0.000000
20.125000 -74.295084 56.000000 0.000000 0.000000 0.000000
21.875000 -74.375678 56.000000 0.000000 0.000000 0.000000
21.875000 -74.416739 59.500000 0.000000 0.000000 0.000000
21.875000 -74.477374 63.000000 0.000000 0.000000 0.000000
23.625000 -74.518213 59.500000 0.000000 0.000000 0.000000
23.625000 -74.578848 63.000000 0.000000 0.000000 0.000000
23.625000 -74.664963 66.500000 0.000000 0.000000 0.000000
23.625000 -74.614526 70.000000 0.000000 0.000000 0.000000
25.375000 -74.624835 63.000000 0.000000 0.000000 0.000000
25.375000 -74.710950 66.500000 0.000000 0.000000 0.000000
25.375000 -74.660513 70.000000 0.000000 0.000000 0.000000
25.375000 -74.769255 73.500000 0.000000 0.000000 0.000000
27.125000 -74.683609 66.500000 0.000000 0.000000 0.000000
27.125000 -74.633172 70.000000 0.000000 0.000000 0.000000
28.875000 -74.707928 70.000000 0.000000 0.000000 0.000000
28.875000 -74.816670 73.500000 0.000000 0.000000 0.000000
30.625000 -74.935295 73.500000 0.000000 0.000000 0.000000
30.625000 -75.044595 77.000000 0.000000 0.000000 0.000000
30.625000 -75.001727 80.500000 0.000000 0.000000 0.000000
32.375000 -75.146588 77.000000 0.000000 0.000000 0.000000
34.125000 -75.366248 84.000000 0.000000 0.000000 0.000000
35.875000 -75.454288 84.000000 0.000000 0.000000 0.000000
35.875000 -75.489254 87.500000 0.000000 0.000000 0.000000
35.875000 -75.507204 91.000000 0.000000 0.000000 0.000000
35.875000 -75.484004 94.500000 0.000000 0.000000 0.000000
37.625000 -75.502786 84.000000 0.000000 0.000000 0.000000
37.625000 -75.537752 87.500000 0.000000 0.000000 0.000000
37.625000 -75.555702 91.000000 0.000000 0.000000 0.000000
37.625000 -75.532502 94.500000 0.000000 0.000000 0.000000
39.375000 -75.644643 91.000000 0.000000 0.000000 0.000000
39.375000 -75.804395 98.000000 0.000000 0.000000 0.000000
39.375000 -75.809963 101.500000 0.000000 0.000000 0.000000
41.125000 -75.646022 91.000000 0.000000 0.000000 0.000000
41.125000 -75.805774 98.000000 0.000000 0.000000 0.000000
41.125000 -75.811342 101.500000 0.000000 0.000000 0.000000
42.875000 -75.934852 98.000000 0.000000 0.000000 0.000000
42.875000 -75.940420 101.500000 0.000000 0.000000 0.000000
42.875000 -76.020786 105.000000 0.000000 0.000000 0.000000
42.875000 -76.072810 108.500000 0.000000 0.000000 0.000000
44.625000 -76.091176 105.000000 0.000000 0.000000 0.000000
44.625000 -76.143200 108.500000 0.000000 0.000000 0.000000
46.375000 -76.126532 105.000000 0.000000 0.000000 0.000000
46.375000 -76.178556 108.500000 0.000000 0.000000 0.000000
46.375000 -76.290408 112.000000 0.000000 0.000000 0.000000
48.125000 -76.246680 108.500000 0.000000 0.000000 0.000000
48.125000 -76.358532 112.000000 0.000000 0.000000 0.000000
48.125000 -76.438050 115.500000 0.000000 0.000000 0.000000
49.875000 -76.561120 115.500000 0.000000 0.000000 0.000000
49.875000 -76.620653 119.000000 0.000000 0.000000 0.000000
51.625000 -76.623030 115.500000 0.000000 0.000000 0.000000
51.625000 -76.682563 119.000000 0.000000 0.000000 0.000000
51.625000 -76.803577 122.500000 0.000000 0.000000 0.000000
53.375000 -76.497587 115.500000 0.000000 0.000000 0.000000
53.375000 -76.557120 119.000000 0.000000 0.000000 0.000000
55.125000 -76.610196 119.000000 0.000000 0.000000 0.000000
56.875000 -76.903042 122.500000 0.000000 0.000000 0.000000
56.875000 -76.900839 126.000000 0.000000 0.000000 0.000000
56.875000 -76.843133 129.500000 0.000000 0.000000 0.000000
58.625000 -77.016391 136.500000 0.000000 0.000000 0.000000
60.375000 -77.659487 140.000000 0.000000 0.000000 0.000000
62.125000 -77.751714 140.000000 0.000000 0.000000 0.000000
62.125000 -77.836819 143.500000 0.000000 0.000000 0.000000
63.875000 -77.703023 140.000000 0.000000 0.000000 0.000000
63.875000 -77.788128 143.500000 0.000000 0.000000 0.000000
63.875000 -77.763753 147.000000 0.000000 0.000000 0.000000
65.625000 -77.890497 143.500000 0.000000 0.000000 0.000000
65.625000 -77.866122 147.000000 0.000000 0.000000 0.000000
69.125000 -78.658174 157.500000 0.000000 0.000000 0.000000
70.875000 -78.950848 161.000000 0.000000 0.000000 0.000000
72.625000 -79.206404 164.500000 0.000000 0.000000 0.000000
74.375000 -79.467245 168.000000 0.000000 0.000000 0.000000
76.125000 -79.562075 168.000000 0.000000 0.000000 0.000000
76.125000 -79.579882 171.500000 0.000000 0.000000 0.000000
79.625000 -80.076934 178.500000 0.000000 0.000000 0.000000
84.875000 -80.965326 189.000000 0.000000 0.000000 0.000000
86.625000 -81.109830 192.500000 0.000000 0.000000 0.000000
88.375000 -81.578589 196.000000 0.000000 0.000000 0.000000
6.578892 -72.922620 37.103120 0.000000 0.000000 0.000000
4.991559 -73.179230 35.297187 0.000000 0.000000 0.000000
5.525930 -73.174740 33.099693 0.000000 0.000000 0.000000
4.391081 -73.193800 31.866716 0.000000 0.000000 0.000000
5.920972 -73.266272 29.104062 0.000000 0.000000 0.000000
4.127608 -73.259580 27.647242 0.000000 0.000000 0.000000
0.415577 -73.277948 28.343851 0.000000 0.000000 0.000000
0.260507 -73.538372 26.368039 0.000000 0.000000 0.000000
6.662262 -73.489648 25.701418 0.000000 0.000000 0.000000
6.292899 -73.564700 24.953590 0.000000 0.000000 0.000000
6.028989 -73.601166 23.375370 0.000000 0.000000 0.000000
4.542217 -73.607680 21.048057 0.000000 0.000000 0.000000
16.625000 -74.132486 42.000000 0.000000 0.000000 0.000000
18.375000 -74.132352 42.000000 0.000000 0.000000 0.000000
18.375000 -74.199725 45.500000 0.000000 0.000000 0.000000
20.125000 -74.129352 42.000000 0.000000 0.000000 0.000000
20.125000 -74.196725 45.500000 0.000000 0.000000 0.000000
20.125000 -74.229532 49.000000 0.000000 0.000000 0.000000
21.875000 -74.310126 49.000000 0.000000 0.000000 0.000000
21.875000 -74.322214 52.500000 0.000000 0.000000 0.000000
27.125000 -74.536859 59.500000 0.000000 0.000000 0.000000
27.125000 -74.597494 63.000000 0.000000 0.000000 0.000000
28.875000 -74.758365 66.500000 0.000000 0.000000 0.000000
53.375000 -76.418069 112.000000 0.000000 0.000000 0.000000
55.125000 -76.550663 115.500000 0.000000 0.000000 0.000000
# Line 2: n=60 a=(-1.564,-73.043,52.801) b=(0.160,-0.013,-0.987) start=(-7.523,-72.549,89.466) end=(5.619,-73.638,8.598)
# x y z globalTime peakAmplitude integratedCharge
-1.269964 -72.919970 53.571726 0.000000 0.000000 0.000000
-2.202906 -72.894330 52.094427 0.000000 0.000000 0.000000
1.802388 -72.844532 51.141704 0.000000 0.000000 0.000000
-2.366561 -72.898992 50.309508 0.000000 0.000000 0.000000
0.468385 -72.899994 48.522795 0.000000 0.000000 0.000000
-0.964118 -72.924720 49.370792 0.000000 0.000000 0.000000
0.926968 -72.931460 47.896534 0.000000 0.000000 0.000000
-0.530552 -72.939094 46.519768 0.000000 0.000000 0.000000
2.571365 -72.983796 45.000853 0.000000 0.000000 0.000000
-2.338773 -73.002780 45.421058 0.000000 0.000000 0.000000
2.665191 -72.997674 44.398064 0.000000 0.000000 0.000000
-1.657002 -72.985900 43.283819 0.000000 0.000000 0.000000
1.447973 -73.045200 42.084070 0.000000 0.000000 0.000000
-2.689790 -73.070252 42.408744 0.000000 0.000000 0.000000
0.224249 -73.075286 40.176599 0.000000 0.000000 0.000000
1.988250 -73.113494 37.997946 0.000000 0.000000 0.000000
1.155214 -73.131872 36.775860 0.000000 0.000000 0.000000
0.220757 -73.187380 35.652705 0.000000 0.000000 0.000000
1.128269 -73.182654 33.857515 0.000000 0.000000 0.000000
0.265320 -73.231390 30.857641 0.000000 0.000000 0.000000
0.863806 -73.269372 30.403364 0.000000 0.000000 0.000000
-5.218622 -72.348510 83.865795 0.000000 0.000000 0.000000
5.755938 -73.660760 19.902852 0.000000 0.000000 0.000000
5.711758 -73.692712 18.028167 0.000000 0.000000 0.000000
4.839842 -73.758320 16.255358 0.000000 0.000000 0.000000
3.841086 -73.702520 13.663807 0.000000 0.000000 0.000000
6.433706 -73.815766 12.426949 0.000000 0.000000 0.000000
3.665610 -73.847150 10.691180 0.000000 0.000000 0.000000
3.660396 -73.908716 8.283641 0.000000 0.000000 0.000000
-6.367822 -72.638680 81.702300 0.000000 0.000000 0.000000
-6.406502 -72.694068 80.431595 0.000000 0.000000 0.000000
-6.837955 -72.756652 78.741558 0.000000 0.000000 0.000000
-4.438317 -72.788946 76.462246 0.000000 0.000000 0.000000
-4.452504 -72.781120 75.679959 0.000000 0.000000 0.000000
-5.529130 -72.753112 73.509758 0.000000 0.000000 0.000000
-4.801030 -72.774090 71.632083 0.000000 0.000000 0.000000
-6.107691 -72.860474 70.035048 0.000000 0.000000 0.000000
-2.743608 -72.903314 70.155506 0.000000 0.000000 0.000000
-5.019228 -72.921430 67.863993 0.000000 0.000000 0.000000
-2.209292 -72.965924 68.997873 0.000000 0.000000 0.000000
-5.040535 -72.952500 67.168858 0.000000 0.000000 0.000000
-2.595159 -72.937300 66.836314 0.000000 0.000000 0.000000
-4.004009 -72.934046 65.287163 0.000000 0.000000 0.000000
-3.338176 -72.939734 64.517535 0.000000 0.000000 0.000000
-3.264102 -72.990308 63.010073 0.000000 0.000000 0.000000
-5.216034 -72.959454 60.683292 0.000000 0.000000 0.000000
-1.365385 -73.022614 61.412101 0.000000 0.000000 0.000000
-4.896840 -72.921960 59.854168 0.000000 0.000000 0.000000
-2.397590 -73.061890 58.799103 0.000000 0.000000 0.000000
-1.048972 -73.066290 58.054869 0.000000 0.000000 0.000000
-3.250316 -73.099506 56.610867 0.000000 0.000000 0.000000
-7.176595 -72.935800 89.527362 0.000000 0.000000 0.000000
-9.218396 -72.740992 87.915990 0.000000 0.000000 0.000000
-7.149919 -72.659840 85.479744 0.000000 0.000000 0.000000
-6.100328 -72.923706 62.428572 0.000000 0.000000 0.000000
-5.875109 -72.991950 57.517110 0.000000 0.000000 0.000000
-9.930406 -72.671246 83.740976 0.000000 0.000000 0.000000
-10.008662 -72.724760 81.942249 0.000000 0.000000 0.000000
-10.105339 -72.683276 80.820585 0.000000 0.000000 0.000000
-9.534555 -72.838000 79.218651 0.000000 0.000000 0.000000
# Line 3: n=27 a=(75.721,-79.845,175.000) b=(0.456,-0.065,0.888) start=(50.808,-76.301,126.456) end=(99.042,-83.163,220.441)
# x y z globalTime peakAmplitude integratedCharge
49.875000 -76.681758 129.500000 0.000000 0.000000 0.000000
51.625000 -76.801374 126.000000 0.000000 0.000000 0.000000
51.625000 -76.743668 129.500000 0.000000 0.000000 0.000000
56.875000 -76.927209 136.500000 0.000000 0.000000 0.000000
60.375000 -77.744592 143.500000 0.000000 0.000000 0.000000
60.375000 -77.720217 147.000000 0.000000 0.000000 0.000000
62.125000 -77.812444 147.000000 0.000000 0.000000 0.000000
63.875000 -77.841198 154.000000 0.000000 0.000000 0.000000
65.625000 -77.943567 154.000000 0.000000 0.000000 0.000000
67.375000 -78.603928 157.500000 0.000000 0.000000 0.000000
74.375000 -79.485052 171.500000 0.000000 0.000000 0.000000
76.125000 -79.693312 175.000000 0.000000 0.000000 0.000000
77.875000 -79.996209 178.500000 0.000000 0.000000 0.000000
77.875000 -80.095607 182.000000 0.000000 0.000000 0.000000
79.625000 -80.176332 182.000000 0.000000 0.000000 0.000000
81.375000 -80.506202 185.500000 0.000000 0.000000 0.000000
83.125000 -80.869004 189.000000 0.000000 0.000000 0.000000
84.875000 -81.012668 192.500000 0.000000 0.000000 0.000000
88.375000 -81.670138 199.500000 0.000000 0.000000 0.000000
90.125000 -81.776019 199.500000 0.000000 0.000000 0.000000
90.125000 -81.930582 203.000000 0.000000 0.000000 0.000000
91.875000 -82.208784 206.500000 0.000000 0.000000 0.000000
93.625000 -82.538462 210.000000 0.000000 0.000000 0.000000
95.375000 -82.821497 213.500000 0.000000 0.000000 0.000000
95.375000 -82.840738 217.000000 0.000000 0.000000 0.000000
98.875000 -83.531740 220.500000 0.000000 0.000000 0.000000
62.125000 -77.889889 154.000000 0.000000 0.000000 0.000000
