# Event 5014
# Params: dx_requested=3.585059 dx_event(vote)=3.585059 rline(inlier)=3.585059 minvotes=4 nstart=2 cover=0.800 nlines=4
# HoughMemory: requested_MB=80.062 allocated_MB=80.062 num_x=128 directions=1281 coarsened=0 maxmem_MB=0.000
# N0=188 assigned=188 remaining_after_force=0
# Line 1: n=113 a=(0.236,-72.609,53.742) b=(0.010,-0.000,-1.000) start=(-0.478,-72.597,124.539) end=(0.688,-72.617,8.961)
# x y z globalTime peakAmplitude integratedCharge
1.210767 -72.219480 53.608431 0.000000 0.000000 0.000000
-0.315813 -72.311640 54.060761 0.000000 0.000000 0.000000
3.062752 -72.365870 52.648804 0.000000 0.000000 0.000000
-2.040047 -72.333790 52.467469 0.000000 0.000000 0.000000
0.413289 -72.374860 51.049778 0.000000 0.000000 0.000000
-2.142999 -72.278692 50.872015 0.000000 0.000000 0.000000
3.145968 -72.266864 49.326000 0.000000 0.000000 0.000000
1.788278 -72.323660 46.516147 0.000000 0.000000 0.000000
-2.054326 -72.328040 46.628196 0.000000 0.000000 0.000000
0.142375 -72.452460 46.248892 0.000000 0.000000 0.000000
1.807070 -72.326440 44.318381 0.000000 0.000000 0.000000
-1.516346 -72.352140 43.155130 0.000000 0.000000 0.000000
3.311027 -72.389594 41.427029 0.000000 0.000000 0.000000
-0.400668 -72.361066 41.637131 0.000000 0.000000 0.000000
0.388033 -72.379480 39.521798 0.000000 0.000000 0.000000
-0.287404 -72.384920 40.331820 0.000000 0.000000 0.000000
1.184241 -72.386480 39.088630 0.000000 0.000000 0.000000
-0.538187 -72.348852 38.468910 0.000000 0.000000 0.000000
1.198476 -72.347780 36.802722 0.000000 0.000000 0.000000
-1.137629 -72.338140 36.017410 0.000000 0.000000 0.000000
1.780417 -72.513128 34.344963 0.000000 0.000000 0.000000
-1.996401 -72.361694 34.995114 0.000000 0.000000 0.000000
1.673032 -72.473548 33.169980 0.000000 0.000000 0.000000
-1.689155 -72.393470 33.478706 0.000000 0.000000 0.000000
0.598902 -72.449640 31.618755 0.000000 0.000000 0.000000
-1.232322 -72.435132 31.985154 0.000000 0.000000 0.000000
0.119142 -72.519250 29.690016 0.000000 0.000000 0.000000
-0.275890 -72.404572 30.072604 0.000000 0.000000 0.000000
1.826193 -72.499932 28.668220 0.000000 0.000000 0.000000
-1.487722 -72.465216 27.612263 0.000000 0.000000 0.000000
-0.452047 -73.404020 108.608058 0.000000 0.000000 0.000000
-2.394922 -73.419928 106.302135 0.000000 0.000000 0.000000
-2.499227 -73.276020 104.620734 0.000000 0.000000 0.000000
-0.904575 -73.227716 103.395383 0.000000 0.000000 0.000000
-2.364294 -73.120240 101.627409 0.000000 0.000000 0.000000
-1.086169 -73.071906 99.584454 0.000000 0.000000 0.000000
-3.032592 -72.968160 98.178757 0.000000 0.000000 0.000000
-2.992916 -72.872674 96.109831 0.000000 0.000000 0.000000
-0.900691 -72.802106 94.698451 0.000000 0.000000 0.000000
-2.357093 -72.701948 92.024148 0.000000 0.000000 0.000000
2.216965 -72.505620 90.876123 0.000000 0.000000 0.000000
-0.256033 -72.610800 91.631681 0.000000 0.000000 0.000000
2.722813 -72.472106 89.725879 0.000000 0.000000 0.000000
-2.817445 -72.486652 88.832662 0.000000 0.000000 0.000000
0.962751 -72.374530 88.208669 0.000000 0.000000 0.000000
2.643516 -72.446360 85.974041 0.000000 0.000000 0.000000
-0.711329 -72.445148 85.347722 0.000000 0.000000 0.000000
1.544279 -72.429566 84.308928 0.000000 0.000000 0.000000
-1.085045 -72.686590 26.937697 0.000000 0.000000 0.000000
2.990691 -72.637300 26.978407 0.000000 0.000000 0.000000
-2.042379 -72.720948 24.849013 0.000000 0.000000 0.000000
2.691693 -72.701568 24.903883 0.000000 0.000000 0.000000
-0.250561 -72.784228 22.654192 0.000000 0.000000 0.000000
2.575686 -72.765466 22.213057 0.000000 0.000000 0.000000
-2.739279 -72.737354 21.033426 0.000000 0.000000 0.000000
2.120483 -72.815490 21.165032 0.000000 0.000000 0.000000
-0.169348 -72.827008 19.683366 0.000000 0.000000 0.000000
2.986299 -72.862580 19.952613 0.000000 0.000000 0.000000
-1.466990 -72.829516 17.944451 0.000000 0.000000 0.000000
0.508972 -72.904736 17.864088 0.000000 0.000000 0.000000
-2.342942 -72.883648 16.273442 0.000000 0.000000 0.000000
3.368245 -72.978430 16.116525 0.000000 0.000000 0.000000
-0.805681 -72.984440 14.378355 0.000000 0.000000 0.000000
3.236246 -72.923950 13.288772 0.000000 0.000000 0.000000
-0.429272 -73.031134 11.696725 0.000000 0.000000 0.000000
2.382389 -73.063494 11.871055 0.000000 0.000000 0.000000
-2.368388 -73.086646 11.191523 0.000000 0.000000 0.000000
2.835408 -73.136176 10.990853 0.000000 0.000000 0.000000
-1.901651 -73.107794 8.958609 0.000000 0.000000 0.000000
0.215883 -73.182306 8.956158 0.000000 0.000000 0.000000
2.553282 -72.615496 81.937430 0.000000 0.000000 0.000000
-2.392792 -72.524976 80.421343 0.000000 0.000000 0.000000
3.191140 -72.545008 81.222366 0.000000 0.000000 0.000000
-2.871096 -72.512446 79.113985 0.000000 0.000000 0.000000
1.812021 -72.522790 79.084581 0.000000 0.000000 0.000000
-1.695828 -72.466932 76.357533 0.000000 0.000000 0.000000
3.115399 -72.526928 77.584262 0.000000 0.000000 0.000000
-2.754934 -72.470208 75.692572 0.000000 0.000000 0.000000
3.056695 -72.520720 75.117211 0.000000 0.000000 0.000000
-2.006626 -72.512920 72.991811 0.000000 0.000000 0.000000
2.184246 -72.428888 72.818825 0.000000 0.000000 0.000000
0.722048 -72.503940 71.191407 0.000000 0.000000 0.000000
-0.790790 -72.472772 70.228468 0.000000 0.000000 0.000000
2.273052 -72.501330 69.594428 0.000000 0.000000 0.000000
-0.823523 -72.462036 68.960253 0.000000 0.000000 0.000000
2.710585 -72.545086 68.403219 0.000000 0.000000 0.000000
-1.536753 -72.453332 66.701939 0.000000 0.000000 0.000000
3.431841 -72.480590 66.124783 0.000000 0.000000 0.000000
-0.110205 -72.482640 64.763944 0.000000 0.000000 0.000000
3.289847 -72.415686 64.747699 0.000000 0.000000 0.000000
-0.694794 -72.514788 62.702520 0.000000 0.000000 0.000000
3.232475 -72.413900 63.416159 0.000000 0.000000 0.000000
-0.259489 -72.516240 61.872235 0.000000 0.000000 0.000000
3.333175 -72.563440 61.098344 0.000000 0.000000 0.000000
-2.679563 -72.519280 58.897528 0.000000 0.000000 0.000000
1.817204 -72.591730 59.885857 0.000000 0.000000 0.000000
1.922258 -72.572080 57.546167 0.000000 0.000000 0.000000
-1.001318 -72.518488 55.537056 0.000000 0.000000 0.000000
0.172038 -72.451812 56.680251 0.000000 0.000000 0.000000
-3.133695 -72.273566 49.555269 0.000000 0.000000 0.000000
-3.409139 -72.362964 45.369937 0.000000 0.000000 0.000000
-6.470106 -73.586400 110.094781 0.000000 0.000000 0.000000
-6.444593 -73.464764 107.851840 0.000000 0.000000 0.000000
-6.030543 -73.413830 106.834053 0.000000 0.000000 0.000000
-5.148647 -73.318946 104.478879 0.000000 0.000000 0.000000
-3.205112 -72.465600 71.761194 0.000000 0.000000 0.000000
-3.384253 -72.543566 57.077380 0.000000 0.000000 0.000000
-5.877802 -73.817066 111.998358 0.000000 0.000000 0.000000
-8.334944 -73.402844 124.459708 0.000000 0.000000 0.000000
-8.347468 -73.485828 123.158108 0.000000 0.000000 0.000000
-10.351180 -73.684234 120.263782 0.000000 0.000000 0.000000
-9.868392 -73.828272 119.401691 0.000000 0.000000 0.000000
-8.740301 -73.938620 116.973214 0.000000 0.000000 0.000000
# Line 2: n=75 a=(48.588,-65.993,173.960) b=(0.513,0.055,0.857) start=(-5.368,-71.766,83.746) end=(76.791,-62.976,221.114)
# x y z globalTime peakAmplitude integratedCharge
14.875000 -70.302446 115.500000 0.000000 0.000000 0.000000
16.625000 -69.927784 119.000000 0.000000 0.000000 0.000000
16.625000 -69.782355 122.500000 0.000000 0.000000 0.000000
18.375000 -69.623074 122.500000 0.000000 0.000000 0.000000
20.125000 -69.315985 126.000000 0.000000 0.000000 0.000000
21.875000 -68.905325 129.500000 0.000000 0.000000 0.000000
23.625000 -68.600665 133.000000 0.000000 0.000000 0.000000
25.375000 -68.566658 133.000000 0.000000 0.000000 0.000000
25.375000 -68.500236 136.500000 0.000000 0.000000 0.000000
27.125000 -68.360266 136.500000 0.000000 0.000000 0.000000
27.125000 -68.191492 140.000000 0.000000 0.000000 0.000000
28.875000 -68.117664 140.000000 0.000000 0.000000 0.000000
30.625000 -67.808333 143.500000 0.000000 0.000000 0.000000
32.375000 -67.485849 147.000000 0.000000 0.000000 0.000000
32.375000 -67.402813 150.500000 0.000000 0.000000 0.000000
34.125000 -67.403278 147.000000 0.000000 0.000000 0.000000
34.125000 -67.320242 150.500000 0.000000 0.000000 0.000000
34.125000 -67.257431 154.000000 0.000000 0.000000 0.000000
35.875000 -67.238827 150.500000 0.000000 0.000000 0.000000
35.875000 -67.176016 154.000000 0.000000 0.000000 0.000000
37.625000 -66.910872 157.500000 0.000000 0.000000 0.000000
39.375000 -66.799530 157.500000 0.000000 0.000000 0.000000
39.375000 -66.632776 161.000000 0.000000 0.000000 0.000000
41.125000 -66.540360 161.000000 0.000000 0.000000 0.000000
42.875000 -66.289395 164.500000 0.000000 0.000000 0.000000
42.875000 -66.193692 168.000000 0.000000 0.000000 0.000000
44.625000 -66.227740 164.500000 0.000000 0.000000 0.000000
44.625000 -66.132037 168.000000 0.000000 0.000000 0.000000
44.625000 -66.081103 171.500000 0.000000 0.000000 0.000000
46.375000 -66.067230 168.000000 0.000000 0.000000 0.000000
46.375000 -66.016296 171.500000 0.000000 0.000000 0.000000
48.125000 -65.912088 171.500000 0.000000 0.000000 0.000000
49.875000 -65.596775 175.000000 0.000000 0.000000 0.000000
49.875000 -65.530747 178.500000 0.000000 0.000000 0.000000
51.625000 -65.508304 175.000000 0.000000 0.000000 0.000000
51.625000 -65.442276 178.500000 0.000000 0.000000 0.000000
51.625000 -65.376242 182.000000 0.000000 0.000000 0.000000
53.375000 -65.363320 178.500000 0.000000 0.000000 0.000000
53.375000 -65.297286 182.000000 0.000000 0.000000 0.000000
53.375000 -65.197655 185.500000 0.000000 0.000000 0.000000
55.125000 -65.121015 185.500000 0.000000 0.000000 0.000000
55.125000 -65.018934 189.000000 0.000000 0.000000 0.000000
56.875000 -65.082495 185.500000 0.000000 0.000000 0.000000
56.875000 -64.980414 189.000000 0.000000 0.000000 0.000000
58.625000 -65.032565 185.500000 0.000000 0.000000 0.000000
58.625000 -64.930484 189.000000 0.000000 0.000000 0.000000
58.625000 -64.872452 192.500000 0.000000 0.000000 0.000000
60.375000 -64.826804 189.000000 0.000000 0.000000 0.000000
60.375000 -64.768772 192.500000 0.000000 0.000000 0.000000
60.375000 -64.640833 196.000000 0.000000 0.000000 0.000000
62.125000 -64.574808 196.000000 0.000000 0.000000 0.000000
63.875000 -64.274652 199.500000 0.000000 0.000000 0.000000
63.875000 -64.234103 203.000000 0.000000 0.000000 0.000000
65.625000 -64.241275 199.500000 0.000000 0.000000 0.000000
65.625000 -64.200726 203.000000 0.000000 0.000000 0.000000
65.625000 -64.101998 206.500000 0.000000 0.000000 0.000000
67.375000 -64.150451 203.000000 0.000000 0.000000 0.000000
67.375000 -64.051723 206.500000 0.000000 0.000000 0.000000
69.125000 -63.957510 206.500000 0.000000 0.000000 0.000000
69.125000 -63.877567 210.000000 0.000000 0.000000 0.000000
70.875000 -63.821072 210.000000 0.000000 0.000000 0.000000
70.875000 -63.768210 213.500000 0.000000 0.000000 0.000000
72.625000 -63.684025 213.500000 0.000000 0.000000 0.000000
72.625000 -63.554755 217.000000 0.000000 0.000000 0.000000
74.375000 -63.463265 217.000000 0.000000 0.000000 0.000000
74.375000 -63.460638 220.500000 0.000000 0.000000 0.000000
76.125000 -63.480285 217.000000 0.000000 0.000000 0.000000
76.125000 -63.477658 220.500000 0.000000 0.000000 0.000000
77.875000 -63.509152 217.000000 0.000000 0.000000 0.000000
77.875000 -63.506525 220.500000 0.000000 0.000000 0.000000
-2.996106 -72.463460 87.145957 0.000000 0.000000 0.000000
69.125000 -63.824705 213.500000 0.000000 0.000000 0.000000
72.625000 -63.552128 220.500000 0.000000 0.000000 0.000000
-3.025286 -72.414936 83.568393 0.000000 0.000000 0.000000
-3.248912 -72.564332 82.529479 0.000000 0.000000 0.000000
