# Event 4680
# Params: dx_requested=3.585334 dx_event(vote)=3.585334 rline(inlier)=3.585334 minvotes=4 nstart=2 cover=0.800 nlines=4
# HoughMemory: requested_MB=80.062 allocated_MB=80.062 num_x=128 directions=1281 coarsened=0 maxmem_MB=0.000
# N0=114 assigned=114 remaining_after_force=0
# Line 1: n=62 a=(4.327,-77.121,59.822) b=(0.103,0.004,0.995) start=(-0.888,-77.317,9.228) end=(8.814,-76.953,103.347)
# x y z globalTime peakAmplitude integratedCharge
3.127585 -76.720710 53.932679 0.000000 0.000000 0.000000
2.223185 -76.716880 52.241475 0.000000 0.000000 0.000000
2.528753 -76.732580 50.718965 0.000000 0.000000 0.000000
1.575574 -76.753504 49.200483 0.000000 0.000000 0.000000
2.913398 -76.794550 46.903569 0.000000 0.000000 0.000000
2.669612 -76.877368 45.550888 0.000000 0.000000 0.000000
2.702271 -76.870654 43.919048 0.000000 0.000000 0.000000
2.781221 -76.858886 41.886302 0.000000 0.000000 0.000000
1.562013 -76.950024 39.614510 0.000000 0.000000 0.000000
0.300861 -76.937708 38.153343 0.000000 0.000000 0.000000
2.780594 -77.014056 36.701228 0.000000 0.000000 0.000000
0.732977 -77.064508 35.567571 0.000000 0.000000 0.000000
1.950432 -77.073730 32.893084 0.000000 0.000000 0.000000
1.093747 -77.128350 31.945507 0.000000 0.000000 0.000000
0.416489 -77.190980 29.441194 0.000000 0.000000 0.000000
2.817903 -77.238380 27.378419 0.000000 0.000000 0.000000
5.418770 -77.058832 85.858447 0.000000 0.000000 0.000000
5.256090 -76.950068 83.660904 0.000000 0.000000 0.000000
2.121450 -77.538244 26.805068 0.000000 0.000000 0.000000
1.682874 -77.552620 24.997449 0.000000 0.000000 0.000000
0.323304 -77.663840 22.978936 0.000000 0.000000 0.000000
1.325183 -77.687240 20.648169 0.000000 0.000000 0.000000
0.121169 -77.750660 18.691623 0.000000 0.000000 0.000000
2.257569 -77.839752 17.476088 0.000000 0.000000 0.000000
1.178036 -77.945624 13.368124 0.000000 0.000000 0.000000
0.495375 -78.216388 9.089288 0.000000 0.000000 0.000000
6.297910 -77.103780 81.809265 0.000000 0.000000 0.000000
4.996168 -77.036364 80.456434 0.000000 0.000000 0.000000
6.091930 -77.008514 79.026270 0.000000 0.000000 0.000000
5.617676 -76.968054 76.688469 0.000000 0.000000 0.000000
5.020542 -76.874114 74.933599 0.000000 0.000000 0.000000
4.275444 -76.846430 73.741131 0.000000 0.000000 0.000000
6.703197 -76.795764 71.194403 0.000000 0.000000 0.000000
4.627619 -76.727400 69.873086 0.000000 0.000000 0.000000
2.918855 -76.734332 68.566998 0.000000 0.000000 0.000000
6.842249 -76.726312 68.940447 0.000000 0.000000 0.000000
3.328611 -76.740894 65.400192 0.000000 0.000000 0.000000
2.430813 -76.819434 61.618333 0.000000 0.000000 0.000000
2.037079 -76.838280 60.118393 0.000000 0.000000 0.000000
2.787074 -76.857336 57.387294 0.000000 0.000000 0.000000
2.267259 -76.914960 55.906528 0.000000 0.000000 0.000000
8.020000 -77.458892 103.431077 0.000000 0.000000 0.000000
9.520459 -77.358856 101.148202 0.000000 0.000000 0.000000
8.678043 -77.364734 99.497016 0.000000 0.000000 0.000000
9.960176 -77.373932 97.669331 0.000000 0.000000 0.000000
8.555722 -77.363604 95.884962 0.000000 0.000000 0.000000
10.086960 -77.349444 94.403619 0.000000 0.000000 0.000000
8.207318 -77.329240 92.911991 0.000000 0.000000 0.000000
8.566270 -77.261146 91.366152 0.000000 0.000000 0.000000
9.734703 -77.255670 88.802399 0.000000 0.000000 0.000000
8.668417 -77.140210 88.225974 0.000000 0.000000 0.000000
8.422900 -77.085724 85.223276 0.000000 0.000000 0.000000
9.412517 -77.029828 84.102035 0.000000 0.000000 0.000000
7.247489 -77.058924 82.418465 0.000000 0.000000 0.000000
4.210943 -77.267840 91.258290 0.000000 0.000000 0.000000
4.529004 -77.203156 89.903175 0.000000 0.000000 0.000000
4.480961 -77.122200 87.939622 0.000000 0.000000 0.000000
3.234872 -77.866500 15.981545 0.000000 0.000000 0.000000
3.347516 -78.047266 12.899798 0.000000 0.000000 0.000000
2.460882 -78.148974 11.236118 0.000000 0.000000 0.000000
0.115517 -76.742010 66.483423 0.000000 0.000000 0.000000
0.758952 -76.770788 63.579695 0.000000 0.000000 0.000000
# Line 2: n=52 a=(-51.072,-66.863,170.211) b=(0.480,-0.073,-0.874) start=(-78.493,-62.724,220.108) end=(3.450,-75.095,70.997)
# x y z globalTime peakAmplitude integratedCharge
-77.875000 -63.417577 217.000000 0.000000 0.000000 0.000000
-76.125000 -63.549528 213.500000 0.000000 0.000000 0.000000
-74.375000 -63.605365 213.500000 0.000000 0.000000 0.000000
-72.625000 -63.906897 206.500000 0.000000 0.000000 0.000000
-72.625000 -63.834616 210.000000 0.000000 0.000000 0.000000
-70.875000 -64.039947 206.500000 0.000000 0.000000 0.000000
-69.125000 -64.284262 203.000000 0.000000 0.000000 0.000000
-65.625000 -64.723770 196.000000 0.000000 0.000000 0.000000
-65.625000 -64.594439 199.500000 0.000000 0.000000 0.000000
-63.875000 -64.765533 196.000000 0.000000 0.000000 0.000000
-62.125000 -65.189453 189.000000 0.000000 0.000000 0.000000
-62.125000 -65.052533 192.500000 0.000000 0.000000 0.000000
-60.375000 -65.383728 185.500000 0.000000 0.000000 0.000000
-60.375000 -65.305267 189.000000 0.000000 0.000000 0.000000
-58.625000 -65.447635 185.500000 0.000000 0.000000 0.000000
-56.875000 -65.775348 182.000000 0.000000 0.000000 0.000000
-55.125000 -66.003665 178.500000 0.000000 0.000000 0.000000
-53.375000 -66.419190 171.500000 0.000000 0.000000 0.000000
-53.375000 -66.308320 175.000000 0.000000 0.000000 0.000000
-51.625000 -66.532580 171.500000 0.000000 0.000000 0.000000
-49.875000 -66.781338 168.000000 0.000000 0.000000 0.000000
-48.125000 -66.976558 164.500000 0.000000 0.000000 0.000000
-48.125000 -66.903108 168.000000 0.000000 0.000000 0.000000
-46.375000 -67.321144 161.000000 0.000000 0.000000 0.000000
-44.625000 -67.634845 157.500000 0.000000 0.000000 0.000000
-42.875000 -67.887440 154.000000 0.000000 0.000000 0.000000
-39.375000 -68.551462 147.000000 0.000000 0.000000 0.000000
-39.375000 -68.416449 150.500000 0.000000 0.000000 0.000000
-37.625000 -68.852183 143.500000 0.000000 0.000000 0.000000
-37.625000 -68.693210 147.000000 0.000000 0.000000 0.000000
-34.125000 -69.520442 136.500000 0.000000 0.000000 0.000000
-34.125000 -69.426034 140.000000 0.000000 0.000000 0.000000
-32.375000 -69.676433 136.500000 0.000000 0.000000 0.000000
-30.625000 -70.106036 133.000000 0.000000 0.000000 0.000000
-27.125000 -70.835092 126.000000 0.000000 0.000000 0.000000
-25.375000 -71.133239 122.500000 0.000000 0.000000 0.000000
-21.875000 -71.572558 119.000000 0.000000 0.000000 0.000000
-18.375000 -72.377365 112.000000 0.000000 0.000000 0.000000
-77.875000 -63.359340 220.500000 0.000000 0.000000 0.000000
-76.125000 -63.475877 217.000000 0.000000 0.000000 0.000000
-76.125000 -63.417640 220.500000 0.000000 0.000000 0.000000
-74.375000 -63.531714 217.000000 0.000000 0.000000 0.000000
-72.625000 -63.732758 213.500000 0.000000 0.000000 0.000000
-30.625000 -70.196082 129.500000 0.000000 0.000000 0.000000
-23.625000 -71.621265 115.500000 0.000000 0.000000 0.000000
-23.625000 -71.541900 119.000000 0.000000 0.000000 0.000000
-21.875000 -71.651923 115.500000 0.000000 0.000000 0.000000
-18.375000 -72.513872 108.500000 0.000000 0.000000 0.000000
0.864421 -76.911390 74.951231 0.000000 0.000000 0.000000
2.431310 -76.845312 74.011422 0.000000 0.000000 0.000000
1.999971 -76.812604 71.485371 0.000000 0.000000 0.000000
2.598562 -76.774720 70.669024 0.000000 0.000000 0.000000
