# Event 2973
# Params: dx_requested=3.511275 dx_event(vote)=3.511275 rline(inlier)=3.511275 minvotes=4 nstart=2 cover=0.800 nlines=4
# HoughMemory: requested_MB=80.062 allocated_MB=80.062 num_x=128 directions=1281 coarsened=0 maxmem_MB=0.000
# N0=97 assigned=97 remaining_after_force=0
# Line 1: n=79 a=(-4.956,-72.634,64.592) b=(0.000,0.005,-1.000) start=(-4.986,-73.027,143.267) end=(-4.935,-72.358,9.277)
# x y z globalTime peakAmplitude integratedCharge
-6.730086 -72.212232 54.985162 0.000000 0.000000 0.000000
-4.067210 -72.237128 52.085783 0.000000 0.000000 0.000000
-5.089900 -72.258200 50.717083 0.000000 0.000000 0.000000
-4.427517 -72.298804 49.098348 0.000000 0.000000 0.000000
-6.592488 -72.235308 47.849137 0.000000 0.000000 0.000000
-4.864190 -72.251580 46.116473 0.000000 0.000000 0.000000
-3.912950 -72.242774 43.006858 0.000000 0.000000 0.000000
-5.870224 -72.213952 41.766098 0.000000 0.000000 0.000000
-4.331045 -72.220276 40.597907 0.000000 0.000000 0.000000
-3.576469 -72.205444 38.695873 0.000000 0.000000 0.000000
-6.714584 -72.284280 37.201246 0.000000 0.000000 0.000000
-6.252635 -72.314312 34.422187 0.000000 0.000000 0.000000
-6.421290 -72.308588 32.531164 0.000000 0.000000 0.000000
-5.510845 -72.329888 31.276497 0.000000 0.000000 0.000000
-6.024654 -72.347260 30.036993 0.000000 0.000000 0.000000
-4.359667 -72.377130 28.567245 0.000000 0.000000 0.000000
-3.684533 -72.925416 109.637771 0.000000 0.000000 0.000000
-3.786152 -72.676354 108.828257 0.000000 0.000000 0.000000
-6.700145 -72.489166 107.408056 0.000000 0.000000 0.000000
-6.648530 -72.389990 105.151168 0.000000 0.000000 0.000000
-3.757461 -72.340624 102.599542 0.000000 0.000000 0.000000
-4.391760 -72.325312 101.288173 0.000000 0.000000 0.000000
-4.983205 -72.287574 99.950582 0.000000 0.000000 0.000000
-6.738106 -72.301330 97.402261 0.000000 0.000000 0.000000
-5.778565 -72.313886 96.068763 0.000000 0.000000 0.000000
-6.337963 -72.333990 94.526667 0.000000 0.000000 0.000000
-4.901453 -72.344360 92.049942 0.000000 0.000000 0.000000
-6.428597 -72.343520 91.015754 0.000000 0.000000 0.000000
-3.947913 -72.307306 89.703823 0.000000 0.000000 0.000000
-5.751394 -72.298980 86.876367 0.000000 0.000000 0.000000
-4.819279 -72.316596 86.126727 0.000000 0.000000 0.000000
-6.836275 -72.284380 83.565415 0.000000 0.000000 0.000000
-3.648956 -72.571954 26.684861 0.000000 0.000000 0.000000
-4.629180 -72.643896 24.864613 0.000000 0.000000 0.000000
-6.503288 -72.638500 23.415765 0.000000 0.000000 0.000000
-4.698220 -72.684216 21.258894 0.000000 0.000000 0.000000
-5.777594 -72.691510 19.980753 0.000000 0.000000 0.000000
-4.846778 -72.712720 17.821461 0.000000 0.000000 0.000000
-6.797188 -72.749114 15.467564 0.000000 0.000000 0.000000
-4.613671 -72.822644 14.568847 0.000000 0.000000 0.000000
-1.769810 -72.829860 14.691354 0.000000 0.000000 0.000000
-4.435093 -72.833280 11.630167 0.000000 0.000000 0.000000
-3.573260 -72.938380 11.239112 0.000000 0.000000 0.000000
-1.096089 -72.954456 11.155201 0.000000 0.000000 0.000000
-5.704568 -73.029804 9.273135 0.000000 0.000000 0.000000
-2.902945 -73.002340 9.370461 0.000000 0.000000 0.000000
-6.275583 -72.455670 81.974304 0.000000 0.000000 0.000000
-5.810457 -72.483776 80.158596 0.000000 0.000000 0.000000
-5.980729 -72.493960 78.350197 0.000000 0.000000 0.000000
-6.071193 -72.474896 77.020664 0.000000 0.000000 0.000000
-5.276985 -72.481488 74.625828 0.000000 0.000000 0.000000
-3.582687 -72.444708 73.597734 0.000000 0.000000 0.000000
-6.227804 -72.453906 71.146307 0.000000 0.000000 0.000000
-3.920089 -72.431054 69.694632 0.000000 0.000000 0.000000
-4.179151 -72.464140 67.740692 0.000000 0.000000 0.000000
-4.018939 -72.417940 66.483981 0.000000 0.000000 0.000000
-5.562361 -72.447000 65.303195 0.000000 0.000000 0.000000
-5.744731 -72.447846 62.505493 0.000000 0.000000 0.000000
-5.458316 -72.469280 60.824639 0.000000 0.000000 0.000000
-4.853214 -72.420972 59.988844 0.000000 0.000000 0.000000
-5.440277 -72.448572 58.084691 0.000000 0.000000 0.000000
-6.574828 -72.441046 55.646624 0.000000 0.000000 0.000000
-3.134927 -74.534490 120.364962 0.000000 0.000000 0.000000
-2.808144 -74.031714 117.753172 0.000000 0.000000 0.000000
-5.338498 -73.901172 117.704488 0.000000 0.000000 0.000000
-3.267458 -73.822364 115.846556 0.000000 0.000000 0.000000
-4.793739 -73.759356 115.864760 0.000000 0.000000 0.000000
-2.843606 -73.641340 114.465360 0.000000 0.000000 0.000000
-5.441361 -73.538928 113.330518 0.000000 0.000000 0.000000
-1.346778 -73.434700 112.470466 0.000000 0.000000 0.000000
-6.708615 -73.353870 112.532662 0.000000 0.000000 0.000000
4.942866 -78.452154 143.243492 0.000000 0.000000 0.000000
5.366839 -78.051880 141.242446 0.000000 0.000000 0.000000
-0.822310 -72.822210 12.140853 0.000000 0.000000 0.000000
-3.256153 -75.649230 127.322505 0.000000 0.000000 0.000000
-3.268046 -75.284626 126.718246 0.000000 0.000000 0.000000
-0.674604 -75.063586 124.090799 0.000000 0.000000 0.000000
-2.334643 -74.803920 122.844354 0.000000 0.000000 0.000000
-0.911898 -74.253308 118.408835 0.000000 0.000000 0.000000
# Line 2: n=18 a=(-47.153,-52.877,187.056) b=(0.438,-0.200,-0.876) start=(-63.857,-45.263,220.464) end=(-23.609,-63.608,139.969)
# x y z globalTime peakAmplitude integratedCharge
-63.875000 -45.458672 220.500000 0.000000 0.000000 0.000000
-62.125000 -46.178415 217.000000 0.000000 0.000000 0.000000
-60.375000 -46.905748 213.500000 0.000000 0.000000 0.000000
-58.625000 -47.703919 210.000000 0.000000 0.000000 0.000000
-56.875000 -48.385350 206.500000 0.000000 0.000000 0.000000
-55.125000 -49.256435 203.000000 0.000000 0.000000 0.000000
-53.375000 -50.078147 199.500000 0.000000 0.000000 0.000000
-51.625000 -50.735542 196.000000 0.000000 0.000000 0.000000
-49.875000 -51.541273 192.500000 0.000000 0.000000 0.000000
-48.125000 -52.296997 189.000000 0.000000 0.000000 0.000000
-46.375000 -53.131207 185.500000 0.000000 0.000000 0.000000
-44.625000 -53.959933 182.000000 0.000000 0.000000 0.000000
-42.875000 -54.681296 178.500000 0.000000 0.000000 0.000000
-41.125000 -55.576306 175.000000 0.000000 0.000000 0.000000
-37.625000 -57.160926 168.000000 0.000000 0.000000 0.000000
-27.125000 -62.059443 147.000000 0.000000 0.000000 0.000000
-25.375000 -62.895395 143.500000 0.000000 0.000000 0.000000
-23.625000 -63.777744 140.000000 0.000000 0.000000 0.000000
