# Event 2291
# Params: dx_requested=3.489500 dx_event(vote)=3.489500 rline(inlier)=3.489500 minvotes=4 nstart=2 cover=0.800 nlines=4
# HoughMemory: requested_MB=80.062 allocated_MB=80.062 num_x=128 directions=1281 coarsened=0 maxmem_MB=0.000
# N0=113 assigned=113 remaining_after_force=0
# Line 1: n=78 a=(-5.409,-73.336,57.775) b=(0.002,0.001,1.000) start=(-5.506,-73.405,9.116) end=(-5.088,-73.103,220.404)
# x y z globalTime peakAmplitude integratedCharge
-5.708446 -73.055600 53.841600 0.000000 0.000000 0.000000
-6.419283 -73.066140 52.503887 0.000000 0.000000 0.000000
-6.602875 -73.074708 51.106503 0.000000 0.000000 0.000000
-3.618754 -73.072248 49.327056 0.000000 0.000000 0.000000
-6.123417 -73.076410 47.783179 0.000000 0.000000 0.000000
-4.784818 -73.092626 45.427573 0.000000 0.000000 0.000000
-4.967539 -73.091754 43.618650 0.000000 0.000000 0.000000
-6.134193 -73.051934 42.539852 0.000000 0.000000 0.000000
-6.181828 -73.078060 39.878633 0.000000 0.000000 0.000000
-5.056123 -73.109040 38.248531 0.000000 0.000000 0.000000
-6.543662 -73.151104 36.433255 0.000000 0.000000 0.000000
-4.142392 -73.170496 35.006142 0.000000 0.000000 0.000000
-5.557763 -73.166944 32.830070 0.000000 0.000000 0.000000
-4.230972 -73.224494 31.713299 0.000000 0.000000 0.000000
-6.210528 -73.223768 29.526912 0.000000 0.000000 0.000000
-4.967255 -73.263752 27.881242 0.000000 0.000000 0.000000
-3.315612 -74.543444 109.137129 0.000000 0.000000 0.000000
-2.824028 -74.058990 103.346972 0.000000 0.000000 0.000000
-5.061727 -73.625970 101.883043 0.000000 0.000000 0.000000
-6.565173 -73.541080 99.561877 0.000000 0.000000 0.000000
-4.400420 -73.464106 97.389949 0.000000 0.000000 0.000000
-6.302142 -73.377056 95.619783 0.000000 0.000000 0.000000
-6.729331 -73.273786 94.328203 0.000000 0.000000 0.000000
-4.933082 -73.219532 93.412640 0.000000 0.000000 0.000000
-5.472072 -73.217180 91.663255 0.000000 0.000000 0.000000
-5.494022 -73.185412 89.499479 0.000000 0.000000 0.000000
-5.230579 -73.166150 87.448233 0.000000 0.000000 0.000000
-5.566374 -73.176008 86.290970 0.000000 0.000000 0.000000
-4.435550 -73.155300 83.385269 0.000000 0.000000 0.000000
-5.317687 -73.456646 26.492732 0.000000 0.000000 0.000000
-4.382117 -73.492840 24.611956 0.000000 0.000000 0.000000
-5.049687 -73.528748 23.177220 0.000000 0.000000 0.000000
-6.173522 -73.620868 20.426688 0.000000 0.000000 0.000000
-6.773161 -73.605900 19.902233 0.000000 0.000000 0.000000
-6.566443 -73.647216 17.023440 0.000000 0.000000 0.000000
-5.600804 -73.647754 15.817194 0.000000 0.000000 0.000000
-3.561079 -73.767740 13.250792 0.000000 0.000000 0.000000
-5.332278 -73.785406 11.706700 0.000000 0.000000 0.000000
-6.481574 -73.845306 10.505953 0.000000 0.000000 0.000000
-5.930116 -73.985804 9.117735 0.000000 0.000000 0.000000
-4.879798 -73.311600 81.944206 0.000000 0.000000 0.000000
-4.740247 -73.350794 81.039660 0.000000 0.000000 0.000000
-6.032832 -73.360108 79.322877 0.000000 0.000000 0.000000
-6.552086 -73.354346 77.695508 0.000000 0.000000 0.000000
-6.676150 -73.284580 74.659892 0.000000 0.000000 0.000000
-3.925725 -73.274054 73.285508 0.000000 0.000000 0.000000
-5.595010 -73.275300 72.342438 0.000000 0.000000 0.000000
-5.152802 -73.274240 69.532206 0.000000 0.000000 0.000000
-5.267019 -73.289746 68.910592 0.000000 0.000000 0.000000
-6.874552 -73.222040 67.190513 0.000000 0.000000 0.000000
-6.882561 -73.256980 64.648424 0.000000 0.000000 0.000000
-5.848799 -73.264184 63.164334 0.000000 0.000000 0.000000
-4.779700 -73.255646 61.139207 0.000000 0.000000 0.000000
-3.696862 -73.239120 60.123598 0.000000 0.000000 0.000000
-4.377605 -73.258840 58.411831 0.000000 0.000000 0.000000
-3.814588 -73.244970 56.187336 0.000000 0.000000 0.000000
-8.491598 -72.255000 100.924727 0.000000 0.000000 0.000000
-65.625000 -56.782438 217.000000 0.000000 0.000000 0.000000
-65.625000 -56.624782 220.500000 0.000000 0.000000 0.000000
-63.875000 -56.880301 217.000000 0.000000 0.000000 0.000000
-62.125000 -57.251071 213.500000 0.000000 0.000000 0.000000
-60.375000 -57.655247 210.000000 0.000000 0.000000 0.000000
-58.625000 -58.184484 206.500000 0.000000 0.000000 0.000000
-56.875000 -58.528110 203.000000 0.000000 0.000000 0.000000
-53.375000 -59.381112 196.000000 0.000000 0.000000 0.000000
-51.625000 -59.806822 192.500000 0.000000 0.000000 0.000000
-49.875000 -60.242110 189.000000 0.000000 0.000000 0.000000
-46.375000 -61.138764 182.000000 0.000000 0.000000 0.000000
-44.625000 -61.832674 175.000000 0.000000 0.000000 0.000000
-41.125000 -62.781983 168.000000 0.000000 0.000000 0.000000
-41.125000 -62.596684 171.500000 0.000000 0.000000 0.000000
-34.125000 -64.783016 154.000000 0.000000 0.000000 0.000000
-30.625000 -65.778858 147.000000 0.000000 0.000000 0.000000
-30.625000 -65.638270 150.500000 0.000000 0.000000 0.000000
-27.125000 -66.589258 143.500000 0.000000 0.000000 0.000000
-25.375000 -67.195982 136.500000 0.000000 0.000000 0.000000
-25.375000 -67.137948 140.000000 0.000000 0.000000 0.000000
-16.625000 -69.701354 119.000000 0.000000 0.000000 0.000000
# Line 2: n=35 a=(-0.292,-74.664,104.314) b=(0.072,-0.073,0.995) start=(-2.669,-72.266,71.688) end=(1.661,-76.636,131.128)
# x y z globalTime peakAmplitude integratedCharge
0.074173 -74.642504 110.768220 0.000000 0.000000 0.000000
-2.158444 -74.675180 109.529162 0.000000 0.000000 0.000000
2.055713 -74.491468 108.965703 0.000000 0.000000 0.000000
-1.008019 -74.351788 107.056710 0.000000 0.000000 0.000000
-2.514406 -74.176586 104.340990 0.000000 0.000000 0.000000
-1.769950 -73.885046 101.329714 0.000000 0.000000 0.000000
-2.020065 -73.772492 99.419314 0.000000 0.000000 0.000000
-1.388065 -73.601820 97.384927 0.000000 0.000000 0.000000
-2.556090 -73.485880 95.991729 0.000000 0.000000 0.000000
-2.651833 -73.306586 94.406440 0.000000 0.000000 0.000000
-2.330208 -73.194476 92.991289 0.000000 0.000000 0.000000
-2.128283 -73.218714 90.393393 0.000000 0.000000 0.000000
-0.429266 -73.144776 88.945047 0.000000 0.000000 0.000000
-2.585009 -73.157734 86.037611 0.000000 0.000000 0.000000
-0.478494 -73.303820 82.427394 0.000000 0.000000 0.000000
-1.883367 -73.327930 80.205462 0.000000 0.000000 0.000000
-0.060839 -73.304584 78.306081 0.000000 0.000000 0.000000
-1.201235 -73.352796 76.979988 0.000000 0.000000 0.000000
-2.420891 -73.291840 73.319498 0.000000 0.000000 0.000000
-1.596909 -73.330456 71.531467 0.000000 0.000000 0.000000
1.112545 -77.402020 131.111620 0.000000 0.000000 0.000000
0.781702 -77.459130 129.337029 0.000000 0.000000 0.000000
3.169460 -77.125086 127.711267 0.000000 0.000000 0.000000
1.640183 -76.781580 126.619338 0.000000 0.000000 0.000000
1.330606 -76.454316 124.222762 0.000000 0.000000 0.000000
3.359422 -76.192640 123.145292 0.000000 0.000000 0.000000
2.877998 -76.044680 120.132119 0.000000 0.000000 0.000000
0.144847 -75.829236 119.043684 0.000000 0.000000 0.000000
0.933921 -75.651092 117.314967 0.000000 0.000000 0.000000
0.233250 -75.414984 116.032490 0.000000 0.000000 0.000000
-1.026756 -75.400006 116.005222 0.000000 0.000000 0.000000
2.230463 -75.212960 113.045774 0.000000 0.000000 0.000000
-0.810605 -75.177076 113.314477 0.000000 0.000000 0.000000
3.201232 -75.049914 111.486112 0.000000 0.000000 0.000000
-0.357900 -75.042864 112.147540 0.000000 0.000000 0.000000
