# Event 5441
# Params: dx_requested=3.530405 dx_event(vote)=3.530405 rline(inlier)=3.530405 minvotes=4 nstart=2 cover=0.800 nlines=4
# HoughMemory: requested_MB=80.062 allocated_MB=80.062 num_x=128 directions=1281 coarsened=0 maxmem_MB=0.000
# N0=100 assigned=100 remaining_after_force=0
# Line 1: n=72 a=(5.569,-77.587,65.117) b=(0.013,-0.005,1.000) start=(4.818,-77.300,8.279) end=(6.323,-77.876,122.283)
# x y z globalTime peakAmplitude integratedCharge
4.470077 -77.068890 54.630729 0.000000 0.000000 0.000000
5.166855 -77.075100 52.923274 0.000000 0.000000 0.000000
6.527595 -77.118180 50.988668 0.000000 0.000000 0.000000
6.463678 -77.154748 48.725875 0.000000 0.000000 0.000000
4.405180 -77.185424 47.937946 0.000000 0.000000 0.000000
6.679709 -77.211566 45.629954 0.000000 0.000000 0.000000
4.424931 -77.174090 43.802906 0.000000 0.000000 0.000000
3.710158 -77.235650 41.643225 0.000000 0.000000 0.000000
5.977522 -77.233594 40.885833 0.000000 0.000000 0.000000
5.032785 -77.204376 38.364469 0.000000 0.000000 0.000000
5.369808 -77.260290 37.322792 0.000000 0.000000 0.000000
5.332602 -77.255810 34.959330 0.000000 0.000000 0.000000
3.906014 -77.273052 33.768079 0.000000 0.000000 0.000000
4.754433 -77.304620 32.219283 0.000000 0.000000 0.000000
5.212492 -77.311346 29.577069 0.000000 0.000000 0.000000
5.243343 -77.333234 27.428605 0.000000 0.000000 0.000000
5.927580 -78.390510 109.931646 0.000000 0.000000 0.000000
4.044329 -78.334430 108.004875 0.000000 0.000000 0.000000
5.250287 -78.206384 106.103919 0.000000 0.000000 0.000000
5.382975 -78.097100 104.649802 0.000000 0.000000 0.000000
6.867757 -77.979644 102.901710 0.000000 0.000000 0.000000
5.590507 -77.913220 100.978852 0.000000 0.000000 0.000000
6.839435 -77.798560 99.225522 0.000000 0.000000 0.000000
6.527505 -77.702948 97.900667 0.000000 0.000000 0.000000
6.802885 -77.623670 96.090285 0.000000 0.000000 0.000000
4.396031 -77.516174 93.840428 0.000000 0.000000 0.000000
6.201499 -77.384620 92.396768 0.000000 0.000000 0.000000
4.696027 -77.297820 91.129524 0.000000 0.000000 0.000000
3.611247 -77.182934 88.523504 0.000000 0.000000 0.000000
5.000017 -77.146120 86.971890 0.000000 0.000000 0.000000
4.092074 -77.184564 85.010801 0.000000 0.000000 0.000000
5.794270 -77.155004 84.628805 0.000000 0.000000 0.000000
5.939281 -77.606380 26.652414 0.000000 0.000000 0.000000
6.242779 -77.649860 24.472052 0.000000 0.000000 0.000000
4.387465 -77.700592 22.229533 0.000000 0.000000 0.000000
5.259870 -77.809130 20.449761 0.000000 0.000000 0.000000
6.374053 -77.809974 19.376988 0.000000 0.000000 0.000000
5.915481 -77.783480 18.120654 0.000000 0.000000 0.000000
6.053628 -77.906700 16.202055 0.000000 0.000000 0.000000
3.738565 -77.971972 13.550405 0.000000 0.000000 0.000000
6.528181 -78.085280 12.871086 0.000000 0.000000 0.000000
5.551913 -78.069820 11.090897 0.000000 0.000000 0.000000
3.684149 -78.162568 8.289470 0.000000 0.000000 0.000000
6.604505 -77.330206 82.047752 0.000000 0.000000 0.000000
4.188029 -77.306366 80.859935 0.000000 0.000000 0.000000
6.108933 -77.315814 79.082476 0.000000 0.000000 0.000000
4.426030 -77.347010 77.529010 0.000000 0.000000 0.000000
5.839001 -77.261840 74.807610 0.000000 0.000000 0.000000
5.651126 -77.238312 73.511466 0.000000 0.000000 0.000000
4.266987 -77.240014 71.941244 0.000000 0.000000 0.000000
4.032692 -77.255256 69.780622 0.000000 0.000000 0.000000
5.516605 -77.293060 68.995372 0.000000 0.000000 0.000000
4.294530 -77.310540 65.784697 0.000000 0.000000 0.000000
6.604910 -77.297040 64.487816 0.000000 0.000000 0.000000
5.168975 -77.332416 63.527875 0.000000 0.000000 0.000000
6.822864 -77.284290 61.673222 0.000000 0.000000 0.000000
4.084555 -77.304600 59.421116 0.000000 0.000000 0.000000
4.784505 -77.322570 58.464148 0.000000 0.000000 0.000000
6.127107 -77.332006 56.271383 0.000000 0.000000 0.000000
7.916406 -78.493660 110.337937 0.000000 0.000000 0.000000
7.379157 -78.389086 107.876620 0.000000 0.000000 0.000000
7.852867 -78.279760 106.457816 0.000000 0.000000 0.000000
7.278990 -78.015300 102.995817 0.000000 0.000000 0.000000
7.644289 -78.724760 122.261090 0.000000 0.000000 0.000000
7.259445 -78.734234 121.438310 0.000000 0.000000 0.000000
8.298213 -78.475100 115.755283 0.000000 0.000000 0.000000
10.140114 -78.144146 105.074018 0.000000 0.000000 0.000000
10.223733 -78.043940 101.106541 0.000000 0.000000 0.000000
10.070186 -78.610156 118.309985 0.000000 0.000000 0.000000
9.675434 -78.541644 117.924290 0.000000 0.000000 0.000000
9.426954 -78.531512 113.285461 0.000000 0.000000 0.000000
10.046738 -78.555828 111.833108 0.000000 0.000000 0.000000
# Line 2: n=28 a=(-45.125,-66.024,182.625) b=(0.483,-0.092,-0.871) start=(-65.979,-62.030,220.260) end=(-19.682,-70.896,136.709)
# x y z globalTime peakAmplitude integratedCharge
-65.625000 -62.548718 217.000000 0.000000 0.000000 0.000000
-65.625000 -62.448583 220.500000 0.000000 0.000000 0.000000
-63.875000 -62.633565 217.000000 0.000000 0.000000 0.000000
-62.125000 -62.939352 213.500000 0.000000 0.000000 0.000000
-60.375000 -63.269760 210.000000 0.000000 0.000000 0.000000
-58.625000 -63.596018 206.500000 0.000000 0.000000 0.000000
-56.875000 -63.837418 203.000000 0.000000 0.000000 0.000000
-56.875000 -63.717392 206.500000 0.000000 0.000000 0.000000
-55.125000 -64.138693 199.500000 0.000000 0.000000 0.000000
-53.375000 -64.441058 196.000000 0.000000 0.000000 0.000000
-51.625000 -64.688505 192.500000 0.000000 0.000000 0.000000
-51.625000 -64.556885 196.000000 0.000000 0.000000 0.000000
-49.875000 -64.818733 192.500000 0.000000 0.000000 0.000000
-48.125000 -65.121881 189.000000 0.000000 0.000000 0.000000
-46.375000 -65.356381 185.500000 0.000000 0.000000 0.000000
-44.625000 -65.790774 182.000000 0.000000 0.000000 0.000000
-42.875000 -66.175794 178.500000 0.000000 0.000000 0.000000
-41.125000 -66.604257 175.000000 0.000000 0.000000 0.000000
-39.375000 -66.987475 171.500000 0.000000 0.000000 0.000000
-37.625000 -67.305723 168.000000 0.000000 0.000000 0.000000
-34.125000 -67.854088 164.500000 0.000000 0.000000 0.000000
-30.625000 -68.678147 157.500000 0.000000 0.000000 0.000000
-28.875000 -69.124063 154.000000 0.000000 0.000000 0.000000
-27.125000 -69.581022 150.500000 0.000000 0.000000 0.000000
-25.375000 -69.914212 147.000000 0.000000 0.000000 0.000000
-23.625000 -70.486072 143.500000 0.000000 0.000000 0.000000
-21.875000 -70.823239 140.000000 0.000000 0.000000 0.000000
-20.125000 -71.234890 136.500000 0.000000 0.000000 0.000000
