# Event 1069
# Params: dx_requested=3.386239 dx_event(vote)=3.386239 rline(inlier)=3.386239 minvotes=4 nstart=2 cover=0.800 nlines=4
# HoughMemory: requested_MB=80.062 allocated_MB=80.062 num_x=128 directions=1281 coarsened=0 maxmem_MB=0.000
# N0=167 assigned=167 remaining_after_force=0
# Line 1: n=84 a=(3.550,-73.669,60.000) b=(0.042,0.029,0.999) start=(1.363,-75.142,8.597) end=(5.895,-72.090,115.098)
# x y z globalTime peakAmplitude integratedCharge
4.309662 -73.652692 54.996637 0.000000 0.000000 0.000000
0.408855 -73.618634 54.400370 0.000000 0.000000 0.000000
5.456352 -73.697504 52.713464 0.000000 0.000000 0.000000
1.605015 -73.682104 52.241431 0.000000 0.000000 0.000000
4.516179 -73.750520 50.100769 0.000000 0.000000 0.000000
1.078693 -73.720752 50.142081 0.000000 0.000000 0.000000
4.708315 -73.834840 49.506863 0.000000 0.000000 0.000000
2.426112 -73.721624 48.780424 0.000000 0.000000 0.000000
5.481023 -73.854510 47.771985 0.000000 0.000000 0.000000
0.400690 -73.832392 47.405562 0.000000 0.000000 0.000000
5.862678 -73.935010 45.370914 0.000000 0.000000 0.000000
3.298600 -73.864832 45.546989 0.000000 0.000000 0.000000
5.462588 -74.019110 43.011080 0.000000 0.000000 0.000000
0.520045 -74.024384 43.351468 0.000000 0.000000 0.000000
3.669346 -74.062880 42.632253 0.000000 0.000000 0.000000
0.444522 -73.991888 42.637592 0.000000 0.000000 0.000000
3.009534 -74.100928 40.561664 0.000000 0.000000 0.000000
4.068108 -74.229820 36.715019 0.000000 0.000000 0.000000
1.762293 -74.197924 37.020626 0.000000 0.000000 0.000000
0.595998 -74.157250 34.986305 0.000000 0.000000 0.000000
1.930780 -74.271260 33.060273 0.000000 0.000000 0.000000
3.181214 -74.403626 30.842097 0.000000 0.000000 0.000000
3.943141 -74.383080 30.020245 0.000000 0.000000 0.000000
0.258929 -74.342230 29.032415 0.000000 0.000000 0.000000
4.446989 -74.481880 28.204130 0.000000 0.000000 0.000000
0.368693 -74.491160 27.272209 0.000000 0.000000 0.000000
6.280712 -72.343328 110.013291 0.000000 0.000000 0.000000
6.238844 -72.380848 109.145832 0.000000 0.000000 0.000000
4.126966 -72.387750 107.408511 0.000000 0.000000 0.000000
5.987254 -72.400994 104.933991 0.000000 0.000000 0.000000
6.133615 -72.395636 103.011391 0.000000 0.000000 0.000000
4.804522 -72.462568 101.359921 0.000000 0.000000 0.000000
5.407972 -72.507770 100.434612 0.000000 0.000000 0.000000
4.580521 -72.529614 97.396733 0.000000 0.000000 0.000000
3.838483 -72.568566 95.730241 0.000000 0.000000 0.000000
5.958177 -72.658980 94.778627 0.000000 0.000000 0.000000
6.542431 -72.663800 92.625837 0.000000 0.000000 0.000000
3.931079 -72.711554 91.141087 0.000000 0.000000 0.000000
5.656833 -72.731840 88.766530 0.000000 0.000000 0.000000
2.811328 -72.725628 89.508327 0.000000 0.000000 0.000000
4.560358 -72.759528 88.014684 0.000000 0.000000 0.000000
6.609701 -72.832560 85.277996 0.000000 0.000000 0.000000
5.163713 -72.855964 84.017832 0.000000 0.000000 0.000000
1.744158 -74.749200 25.913687 0.000000 0.000000 0.000000
4.393180 -74.756592 25.773077 0.000000 0.000000 0.000000
2.851312 -74.921246 25.099193 0.000000 0.000000 0.000000
3.788703 -74.845900 24.500804 0.000000 0.000000 0.000000
1.489837 -74.847880 23.018093 0.000000 0.000000 0.000000
0.058598 -74.931440 21.705891 0.000000 0.000000 0.000000
3.331397 -74.935212 19.566243 0.000000 0.000000 0.000000
2.900815 -75.067988 18.187580 0.000000 0.000000 0.000000
0.484787 -75.226904 15.382931 0.000000 0.000000 0.000000
0.687451 -75.216590 14.661226 0.000000 0.000000 0.000000
0.246376 -75.419110 12.926747 0.000000 0.000000 0.000000
0.797395 -75.457856 11.227780 0.000000 0.000000 0.000000
1.294550 -75.575200 8.611986 0.000000 0.000000 0.000000
1.812547 -73.034430 82.034895 0.000000 0.000000 0.000000
6.421726 -73.097912 82.854547 0.000000 0.000000 0.000000
6.719775 -73.121808 79.918965 0.000000 0.000000 0.000000
3.862153 -73.200476 78.719771 0.000000 0.000000 0.000000
4.166107 -73.261170 76.658124 0.000000 0.000000 0.000000
4.225605 -73.254730 75.702160 0.000000 0.000000 0.000000
3.046202 -73.255780 73.851701 0.000000 0.000000 0.000000
5.094009 -73.321400 73.847004 0.000000 0.000000 0.000000
4.767014 -73.390314 71.120858 0.000000 0.000000 0.000000
3.322909 -73.387340 70.459172 0.000000 0.000000 0.000000
5.742898 -73.383014 70.226506 0.000000 0.000000 0.000000
1.112858 -73.515430 68.097655 0.000000 0.000000 0.000000
6.656593 -73.462780 68.859122 0.000000 0.000000 0.000000
0.973354 -73.489800 66.297092 0.000000 0.000000 0.000000
6.105899 -73.504676 65.978973 0.000000 0.000000 0.000000
2.078012 -73.473632 65.317880 0.000000 0.000000 0.000000
4.483368 -73.548500 64.918423 0.000000 0.000000 0.000000
0.584765 -73.467614 63.615073 0.000000 0.000000 0.000000
4.186446 -73.625854 62.622308 0.000000 0.000000 0.000000
2.878424 -73.587104 60.572157 0.000000 0.000000 0.000000
3.839324 -73.754212 59.737492 0.000000 0.000000 0.000000
2.529012 -73.863636 58.362850 0.000000 0.000000 0.000000
5.241514 -73.806280 57.940491 0.000000 0.000000 0.000000
0.172035 -73.769024 56.318858 0.000000 0.000000 0.000000
6.341553 -73.865400 55.989999 0.000000 0.000000 0.000000
5.167470 -72.497126 115.140772 0.000000 0.000000 0.000000
6.923522 -72.515420 114.322535 0.000000 0.000000 0.000000
3.853548 -72.530580 112.056659 0.000000 0.000000 0.000000
# Line 2: n=47 a=(28.490,-68.388,173.550) b=(0.322,0.047,0.946) start=(-0.743,-72.694,87.577) end=(44.467,-66.034,220.536)
# x y z globalTime peakAmplitude integratedCharge
14.875000 -70.670193 129.500000 0.000000 0.000000 0.000000
14.875000 -70.602000 133.000000 0.000000 0.000000 0.000000
16.625000 -70.307927 136.500000 0.000000 0.000000 0.000000
16.625000 -70.269993 140.000000 0.000000 0.000000 0.000000
18.375000 -69.920478 143.500000 0.000000 0.000000 0.000000
18.375000 -69.791300 147.000000 0.000000 0.000000 0.000000
20.125000 -69.625083 147.000000 0.000000 0.000000 0.000000
20.125000 -69.487229 150.500000 0.000000 0.000000 0.000000
21.875000 -69.349720 150.500000 0.000000 0.000000 0.000000
21.875000 -69.267603 154.000000 0.000000 0.000000 0.000000
21.875000 -69.175846 157.500000 0.000000 0.000000 0.000000
23.625000 -69.040872 157.500000 0.000000 0.000000 0.000000
23.625000 -68.968252 161.000000 0.000000 0.000000 0.000000
25.375000 -68.712500 164.500000 0.000000 0.000000 0.000000
27.125000 -68.406161 168.000000 0.000000 0.000000 0.000000
27.125000 -68.336099 171.500000 0.000000 0.000000 0.000000
28.875000 -68.214823 171.500000 0.000000 0.000000 0.000000
28.875000 -68.139555 175.000000 0.000000 0.000000 0.000000
28.875000 -68.056443 178.500000 0.000000 0.000000 0.000000
30.625000 -67.935495 178.500000 0.000000 0.000000 0.000000
30.625000 -67.831448 182.000000 0.000000 0.000000 0.000000
32.375000 -67.684222 182.000000 0.000000 0.000000 0.000000
32.375000 -67.625934 185.500000 0.000000 0.000000 0.000000
32.375000 -67.573648 189.000000 0.000000 0.000000 0.000000
34.125000 -67.579913 185.500000 0.000000 0.000000 0.000000
34.125000 -67.527627 189.000000 0.000000 0.000000 0.000000
34.125000 -67.420031 192.500000 0.000000 0.000000 0.000000
35.875000 -67.286466 192.500000 0.000000 0.000000 0.000000
35.875000 -67.256007 196.000000 0.000000 0.000000 0.000000
35.875000 -67.156226 199.500000 0.000000 0.000000 0.000000
37.625000 -67.054516 199.500000 0.000000 0.000000 0.000000
37.625000 -66.993847 203.000000 0.000000 0.000000 0.000000
39.375000 -66.905597 203.000000 0.000000 0.000000 0.000000
39.375000 -66.839734 206.500000 0.000000 0.000000 0.000000
39.375000 -66.795295 210.000000 0.000000 0.000000 0.000000
41.125000 -66.735571 206.500000 0.000000 0.000000 0.000000
41.125000 -66.691132 210.000000 0.000000 0.000000 0.000000
41.125000 -66.639167 213.500000 0.000000 0.000000 0.000000
42.875000 -66.534736 213.500000 0.000000 0.000000 0.000000
42.875000 -66.456742 217.000000 0.000000 0.000000 0.000000
44.625000 -66.394553 217.000000 0.000000 0.000000 0.000000
44.625000 -66.379677 220.500000 0.000000 0.000000 0.000000
1.623951 -72.365948 103.611609 0.000000 0.000000 0.000000
0.828562 -72.670040 90.428681 0.000000 0.000000 0.000000
0.359698 -72.774572 87.205615 0.000000 0.000000 0.000000
41.125000 -66.561173 217.000000 0.000000 0.000000 0.000000
42.875000 -66.441866 220.500000 0.000000 0.000000 0.000000
# Line 3: n=36 a=(3.247,-73.687,67.816) b=(0.049,-0.026,-0.998) start=(-0.084,-71.921,135.748) end=(6.147,-75.224,8.661)
# x y z globalTime peakAmplitude integratedCharge
6.081200 -74.109280 40.656084 0.000000 0.000000 0.000000
6.308561 -74.095130 39.049890 0.000000 0.000000 0.000000
6.593938 -74.271130 35.588294 0.000000 0.000000 0.000000
6.204937 -74.315906 33.429910 0.000000 0.000000 0.000000
5.422992 -74.359852 31.245376 0.000000 0.000000 0.000000
0.769180 -72.416668 109.908866 0.000000 0.000000 0.000000
0.430019 -72.434360 108.526673 0.000000 0.000000 0.000000
0.572374 -72.396784 106.585175 0.000000 0.000000 0.000000
0.344599 -72.352130 104.323739 0.000000 0.000000 0.000000
5.121284 -74.915644 22.108773 0.000000 0.000000 0.000000
4.779078 -74.949100 21.025346 0.000000 0.000000 0.000000
5.536311 -75.038380 19.873066 0.000000 0.000000 0.000000
5.561342 -75.111580 17.330065 0.000000 0.000000 0.000000
4.775177 -75.182920 16.375710 0.000000 0.000000 0.000000
6.731058 -75.246640 14.338750 0.000000 0.000000 0.000000
4.108703 -75.363520 12.153476 0.000000 0.000000 0.000000
6.279994 -75.436816 11.057766 0.000000 0.000000 0.000000
6.044435 -75.572004 8.665145 0.000000 0.000000 0.000000
1.023372 -73.229548 78.283039 0.000000 0.000000 0.000000
1.143776 -73.299628 75.629253 0.000000 0.000000 0.000000
0.930904 -71.954188 135.798490 0.000000 0.000000 0.000000
0.414043 -72.329792 134.623159 0.000000 0.000000 0.000000
1.029547 -72.411432 130.190006 0.000000 0.000000 0.000000
0.699901 -72.448140 123.914311 0.000000 0.000000 0.000000
0.180284 -72.445336 122.732503 0.000000 0.000000 0.000000
1.313921 -72.497280 117.160074 0.000000 0.000000 0.000000
2.399154 -72.504792 114.771167 0.000000 0.000000 0.000000
0.103162 -72.537560 113.517260 0.000000 0.000000 0.000000
6.933608 -73.657636 60.628319 0.000000 0.000000 0.000000
2.018242 -72.308588 133.611900 0.000000 0.000000 0.000000
2.826092 -72.300620 131.522147 0.000000 0.000000 0.000000
2.322333 -72.406286 128.097085 0.000000 0.000000 0.000000
3.312036 -72.454376 125.649134 0.000000 0.000000 0.000000
2.446511 -72.454960 120.278295 0.000000 0.000000 0.000000
3.033619 -72.496460 118.847143 0.000000 0.000000 0.000000
3.163193 -72.565326 111.745058 0.000000 0.000000 0.000000
