# Event 3535
# Params: dx_requested=3.363209 dx_event(vote)=3.363209 rline(inlier)=3.363209 minvotes=4 nstart=2 cover=0.800 nlines=4
# HoughMemory: requested_MB=80.062 allocated_MB=80.062 num_x=128 directions=1281 coarsened=0 maxmem_MB=0.000
# N0=124 assigned=124 remaining_after_force=0
# Line 1: n=57 a=(-1.030,-73.172,100.797) b=(0.119,0.008,-0.993) start=(-5.650,-73.490,139.300) end=(4.540,-72.788,54.385)
# x y z globalTime peakAmplitude integratedCharge
2.577073 -72.992840 54.148098 0.000000 0.000000 0.000000
-3.228739 -73.273352 110.086714 0.000000 0.000000 0.000000
-2.094335 -73.222052 108.280502 0.000000 0.000000 0.000000
-2.579237 -73.094980 107.206985 0.000000 0.000000 0.000000
0.404895 -72.929992 104.715443 0.000000 0.000000 0.000000
-1.587106 -72.999432 105.533805 0.000000 0.000000 0.000000
-2.122265 -72.877276 103.810269 0.000000 0.000000 0.000000
0.254667 -72.655548 100.461873 0.000000 0.000000 0.000000
2.764952 -72.642066 97.611512 0.000000 0.000000 0.000000
1.702392 -72.625696 96.788266 0.000000 0.000000 0.000000
2.378777 -72.649128 94.024567 0.000000 0.000000 0.000000
0.595658 -72.651560 92.796589 0.000000 0.000000 0.000000
2.757671 -72.635376 90.832736 0.000000 0.000000 0.000000
3.081253 -72.651184 89.092563 0.000000 0.000000 0.000000
1.151741 -72.693200 87.600822 0.000000 0.000000 0.000000
0.758412 -72.697796 86.363699 0.000000 0.000000 0.000000
2.738714 -72.735876 84.512373 0.000000 0.000000 0.000000
1.134338 -72.915420 82.319616 0.000000 0.000000 0.000000
0.875119 -72.924396 80.804552 0.000000 0.000000 0.000000
2.228550 -72.932764 78.667386 0.000000 0.000000 0.000000
2.230018 -72.921368 77.288543 0.000000 0.000000 0.000000
2.839499 -72.939356 75.906885 0.000000 0.000000 0.000000
0.688836 -72.929334 73.393445 0.000000 0.000000 0.000000
2.911099 -72.938100 71.693071 0.000000 0.000000 0.000000
0.545001 -72.974664 70.446727 0.000000 0.000000 0.000000
2.593002 -72.996386 68.077638 0.000000 0.000000 0.000000
1.803169 -73.022254 66.788616 0.000000 0.000000 0.000000
1.601425 -73.105884 63.197546 0.000000 0.000000 0.000000
2.468595 -73.122626 61.616023 0.000000 0.000000 0.000000
3.324106 -73.187500 58.261628 0.000000 0.000000 0.000000
3.161066 -73.218480 56.463076 0.000000 0.000000 0.000000
-6.917301 -72.656652 136.356367 0.000000 0.000000 0.000000
-6.097091 -72.953204 135.230664 0.000000 0.000000 0.000000
-5.663593 -73.293890 132.422185 0.000000 0.000000 0.000000
-3.743323 -73.438770 131.531615 0.000000 0.000000 0.000000
-5.360375 -73.602894 128.824894 0.000000 0.000000 0.000000
-5.257088 -73.706040 128.269150 0.000000 0.000000 0.000000
-2.062178 -73.771424 125.803701 0.000000 0.000000 0.000000
-5.938300 -73.676800 125.612763 0.000000 0.000000 0.000000
-1.032404 -73.714936 124.810077 0.000000 0.000000 0.000000
-5.098862 -73.747236 124.457803 0.000000 0.000000 0.000000
-1.351800 -73.773492 122.587021 0.000000 0.000000 0.000000
-6.507495 -73.736968 122.054984 0.000000 0.000000 0.000000
-2.757870 -73.715204 121.028335 0.000000 0.000000 0.000000
-4.268441 -73.763666 120.116698 0.000000 0.000000 0.000000
-0.237077 -73.706324 119.529910 0.000000 0.000000 0.000000
-5.859912 -73.703272 118.983050 0.000000 0.000000 0.000000
-1.817016 -73.700916 116.514275 0.000000 0.000000 0.000000
-4.000502 -73.653986 116.579263 0.000000 0.000000 0.000000
-3.039898 -73.613984 115.437465 0.000000 0.000000 0.000000
-5.774999 -73.693090 114.770685 0.000000 0.000000 0.000000
-1.401823 -73.575286 113.037219 0.000000 0.000000 0.000000
-0.788240 -73.516712 111.337026 0.000000 0.000000 0.000000
-8.576703 -72.416740 138.957470 0.000000 0.000000 0.000000
-6.646067 -73.577192 114.175432 0.000000 0.000000 0.000000
-8.788474 -72.607630 136.726128 0.000000 0.000000 0.000000
-9.907242 -72.883320 134.281766 0.000000 0.000000 0.000000
# Line 2: n=45 a=(47.631,-64.474,187.205) b=(0.465,0.065,0.883) start=(2.693,-70.773,101.783) end=(65.242,-62.005,220.681)
# x y z globalTime peakAmplitude integratedCharge
23.625000 -68.257035 140.000000 0.000000 0.000000 0.000000
25.375000 -67.943900 143.500000 0.000000 0.000000 0.000000
27.125000 -67.603760 147.000000 0.000000 0.000000 0.000000
27.125000 -67.482270 150.500000 0.000000 0.000000 0.000000
30.625000 -66.912920 154.000000 0.000000 0.000000 0.000000
30.625000 -66.780906 157.500000 0.000000 0.000000 0.000000
32.375000 -66.688263 157.500000 0.000000 0.000000 0.000000
34.125000 -66.399277 161.000000 0.000000 0.000000 0.000000
35.875000 -66.054842 164.500000 0.000000 0.000000 0.000000
37.625000 -65.808992 168.000000 0.000000 0.000000 0.000000
39.375000 -65.436710 171.500000 0.000000 0.000000 0.000000
41.125000 -65.164429 175.000000 0.000000 0.000000 0.000000
41.125000 -65.069449 178.500000 0.000000 0.000000 0.000000
42.875000 -64.944205 178.500000 0.000000 0.000000 0.000000
44.625000 -64.630175 182.000000 0.000000 0.000000 0.000000
46.375000 -64.391118 185.500000 0.000000 0.000000 0.000000
46.375000 -64.293357 189.000000 0.000000 0.000000 0.000000
48.125000 -64.355350 185.500000 0.000000 0.000000 0.000000
48.125000 -64.257589 189.000000 0.000000 0.000000 0.000000
49.875000 -64.154452 189.000000 0.000000 0.000000 0.000000
49.875000 -64.030637 192.500000 0.000000 0.000000 0.000000
51.625000 -63.914200 192.500000 0.000000 0.000000 0.000000
51.625000 -63.802734 196.000000 0.000000 0.000000 0.000000
53.375000 -63.658666 196.000000 0.000000 0.000000 0.000000
53.375000 -63.506667 199.500000 0.000000 0.000000 0.000000
55.125000 -63.397837 199.500000 0.000000 0.000000 0.000000
55.125000 -63.318360 203.000000 0.000000 0.000000 0.000000
56.875000 -63.206260 203.000000 0.000000 0.000000 0.000000
56.875000 -63.108314 206.500000 0.000000 0.000000 0.000000
58.625000 -63.022854 206.500000 0.000000 0.000000 0.000000
58.625000 -62.894073 210.000000 0.000000 0.000000 0.000000
60.375000 -62.771136 210.000000 0.000000 0.000000 0.000000
60.375000 -62.681311 213.500000 0.000000 0.000000 0.000000
62.125000 -62.596283 213.500000 0.000000 0.000000 0.000000
62.125000 -62.492175 217.000000 0.000000 0.000000 0.000000
63.875000 -62.437363 217.000000 0.000000 0.000000 0.000000
63.875000 -62.355548 220.500000 0.000000 0.000000 0.000000
65.625000 -62.363635 217.000000 0.000000 0.000000 0.000000
65.625000 -62.281820 220.500000 0.000000 0.000000 0.000000
14.875000 -69.887665 126.000000 0.000000 0.000000 0.000000
16.625000 -69.603897 129.500000 0.000000 0.000000 0.000000
18.375000 -69.207196 133.000000 0.000000 0.000000 0.000000
20.125000 -68.785257 136.500000 0.000000 0.000000 0.000000
2.561780 -72.850872 103.361372 0.000000 0.000000 0.000000
2.658593 -72.747126 101.947061 0.000000 0.000000 0.000000
# Line 3: n=22 a=(1.853,-73.313,39.130) b=(0.034,-0.020,-0.999) start=(0.991,-72.798,64.651) end=(2.521,-73.712,19.355)
# x y z globalTime peakAmplitude integratedCharge
0.354232 -72.998414 52.630876 0.000000 0.000000 0.000000
0.878327 -73.033720 50.276689 0.000000 0.000000 0.000000
1.293062 -73.017860 49.708580 0.000000 0.000000 0.000000
1.671179 -73.086664 47.587093 0.000000 0.000000 0.000000
3.273092 -73.115876 45.248642 0.000000 0.000000 0.000000
1.644465 -73.163910 43.551336 0.000000 0.000000 0.000000
1.566075 -73.184008 41.725688 0.000000 0.000000 0.000000
1.953319 -73.182856 40.362034 0.000000 0.000000 0.000000
2.466569 -73.227420 38.697470 0.000000 0.000000 0.000000
3.263238 -73.245276 36.257798 0.000000 0.000000 0.000000
1.965520 -73.310792 34.511355 0.000000 0.000000 0.000000
3.105075 -73.353106 33.435488 0.000000 0.000000 0.000000
0.756526 -73.408252 32.113655 0.000000 0.000000 0.000000
1.397110 -73.418268 29.896742 0.000000 0.000000 0.000000
3.119091 -73.452740 27.737060 0.000000 0.000000 0.000000
1.872715 -73.661926 25.685843 0.000000 0.000000 0.000000
0.396743 -73.772360 24.378327 0.000000 0.000000 0.000000
3.172113 -73.870260 23.336087 0.000000 0.000000 0.000000
2.670847 -73.890160 20.311455 0.000000 0.000000 0.000000
0.771651 -73.034332 64.648497 0.000000 0.000000 0.000000
1.327706 -73.145148 59.621682 0.000000 0.000000 0.000000
0.181452 -73.962146 19.281176 0.000000 0.000000 0.000000
