# Event 5486
# Params: dx_requested=3.690264 dx_event(vote)=3.690264 rline(inlier)=3.690264 minvotes=4 nstart=2 cover=0.800 nlines=4
# HoughMemory: requested_MB=80.062 allocated_MB=80.062 num_x=128 directions=1281 coarsened=0 maxmem_MB=0.000
# N0=114 assigned=114 remaining_after_force=0
# Line 1: n=67 a=(-37.745,-77.095,98.505) b=(0.445,0.053,-0.894) start=(-82.530,-82.390,188.461) end=(-4.820,-73.202,32.370)
# x y z globalTime peakAmplitude integratedCharge
-81.375000 -83.004862 189.000000 0.000000 0.000000 0.000000
-77.875000 -82.202399 178.500000 0.000000 0.000000 0.000000
-77.875000 -82.316800 182.000000 0.000000 0.000000 0.000000
-76.125000 -82.072186 178.500000 0.000000 0.000000 0.000000
-74.375000 -81.709759 175.000000 0.000000 0.000000 0.000000
-72.625000 -81.308520 168.000000 0.000000 0.000000 0.000000
-72.625000 -81.387795 171.500000 0.000000 0.000000 0.000000
-70.875000 -81.075163 164.500000 0.000000 0.000000 0.000000
-70.875000 -81.208995 168.000000 0.000000 0.000000 0.000000
-69.125000 -80.951806 164.500000 0.000000 0.000000 0.000000
-51.625000 -78.411720 126.000000 0.000000 0.000000 0.000000
-49.875000 -78.003433 115.500000 0.000000 0.000000 0.000000
-49.875000 -78.088680 119.000000 0.000000 0.000000 0.000000
-49.875000 -78.147824 122.500000 0.000000 0.000000 0.000000
-48.125000 -78.026645 115.500000 0.000000 0.000000 0.000000
-48.125000 -78.111892 119.000000 0.000000 0.000000 0.000000
-48.125000 -78.171036 122.500000 0.000000 0.000000 0.000000
-46.375000 -77.883973 115.500000 0.000000 0.000000 0.000000
-44.625000 -77.480203 108.500000 0.000000 0.000000 0.000000
-44.625000 -77.559393 112.000000 0.000000 0.000000 0.000000
-42.875000 -77.380847 105.000000 0.000000 0.000000 0.000000
-42.875000 -77.407043 108.500000 0.000000 0.000000 0.000000
-42.875000 -77.486233 112.000000 0.000000 0.000000 0.000000
-41.125000 -77.146927 101.500000 0.000000 0.000000 0.000000
-41.125000 -77.290524 105.000000 0.000000 0.000000 0.000000
-41.125000 -77.316720 108.500000 0.000000 0.000000 0.000000
-39.375000 -76.980254 98.000000 0.000000 0.000000 0.000000
-39.375000 -77.031667 101.500000 0.000000 0.000000 0.000000
-37.625000 -76.772262 94.500000 0.000000 0.000000 0.000000
-37.625000 -76.865686 98.000000 0.000000 0.000000 0.000000
-34.125000 -76.427664 87.500000 0.000000 0.000000 0.000000
-34.125000 -76.483267 91.000000 0.000000 0.000000 0.000000
-32.375000 -76.422741 87.500000 0.000000 0.000000 0.000000
-32.375000 -76.478344 91.000000 0.000000 0.000000 0.000000
-30.625000 -76.160782 80.500000 0.000000 0.000000 0.000000
-30.625000 -76.180463 84.000000 0.000000 0.000000 0.000000
-28.875000 -75.976092 77.000000 0.000000 0.000000 0.000000
-28.875000 -76.066274 80.500000 0.000000 0.000000 0.000000
-28.875000 -76.085955 84.000000 0.000000 0.000000 0.000000
-27.125000 -75.899588 73.500000 0.000000 0.000000 0.000000
-27.125000 -75.909928 77.000000 0.000000 0.000000 0.000000
-25.375000 -75.697635 70.000000 0.000000 0.000000 0.000000
-25.375000 -75.836569 73.500000 0.000000 0.000000 0.000000
-25.375000 -75.846909 77.000000 0.000000 0.000000 0.000000
-23.625000 -75.486997 66.500000 0.000000 0.000000 0.000000
-23.625000 -75.587671 70.000000 0.000000 0.000000 0.000000
-21.875000 -75.357116 63.000000 0.000000 0.000000 0.000000
-21.875000 -75.378110 66.500000 0.000000 0.000000 0.000000
-18.375000 -75.099056 56.000000 0.000000 0.000000 0.000000
-16.625000 -74.994106 52.500000 0.000000 0.000000 0.000000
-16.625000 -75.063906 56.000000 0.000000 0.000000 0.000000
-6.396877 -73.191254 43.562200 0.000000 0.000000 0.000000
-6.419927 -73.221490 42.216748 0.000000 0.000000 0.000000
-4.064942 -73.290986 40.022686 0.000000 0.000000 0.000000
-6.413056 -73.375634 38.653436 0.000000 0.000000 0.000000
-4.271577 -73.458166 36.158883 0.000000 0.000000 0.000000
-3.737352 -73.559100 34.296106 0.000000 0.000000 0.000000
-4.491730 -73.599896 32.510264 0.000000 0.000000 0.000000
-6.303016 -73.675780 31.892642 0.000000 0.000000 0.000000
-28.875000 -75.965752 73.500000 0.000000 0.000000 0.000000
-23.625000 -75.466003 63.000000 0.000000 0.000000 0.000000
-21.875000 -75.312979 59.500000 0.000000 0.000000 0.000000
-20.125000 -75.029330 52.500000 0.000000 0.000000 0.000000
-20.125000 -75.099130 56.000000 0.000000 0.000000 0.000000
-18.375000 -75.029256 52.500000 0.000000 0.000000 0.000000
-16.625000 -74.934126 49.000000 0.000000 0.000000 0.000000
-10.342898 -73.940210 33.921278 0.000000 0.000000 0.000000
# Line 2: n=37 a=(-0.886,-72.937,52.470) b=(0.209,0.034,0.977) start=(-10.056,-74.431,9.495) end=(5.618,-71.878,82.954)
# x y z globalTime peakAmplitude integratedCharge
-1.520288 -73.184730 54.869944 0.000000 0.000000 0.000000
-3.179577 -73.169580 52.626178 0.000000 0.000000 0.000000
-0.494421 -73.259060 50.128284 0.000000 0.000000 0.000000
-2.654671 -73.345260 49.047635 0.000000 0.000000 0.000000
-1.112335 -71.961096 47.075551 0.000000 0.000000 0.000000
6.203333 -71.580866 82.818935 0.000000 0.000000 0.000000
6.844477 -71.731460 80.977275 0.000000 0.000000 0.000000
6.484213 -71.968700 78.881622 0.000000 0.000000 0.000000
4.025508 -72.085174 76.879097 0.000000 0.000000 0.000000
3.876655 -72.114056 75.901130 0.000000 0.000000 0.000000
2.684531 -72.637054 73.359355 0.000000 0.000000 0.000000
3.716614 -72.201630 73.063088 0.000000 0.000000 0.000000
1.222444 -72.551410 71.252023 0.000000 0.000000 0.000000
5.286675 -72.280816 72.234759 0.000000 0.000000 0.000000
0.560238 -72.594012 69.299862 0.000000 0.000000 0.000000
0.913179 -72.596508 68.277976 0.000000 0.000000 0.000000
1.356343 -72.686004 67.081916 0.000000 0.000000 0.000000
1.930557 -72.740960 64.694589 0.000000 0.000000 0.000000
0.476093 -72.836300 63.362346 0.000000 0.000000 0.000000
0.564799 -72.943580 61.095181 0.000000 0.000000 0.000000
0.419676 -73.095972 58.940586 0.000000 0.000000 0.000000
0.563223 -71.916080 58.163945 0.000000 0.000000 0.000000
-7.807423 -74.052436 26.450635 0.000000 0.000000 0.000000
-9.485827 -74.121270 21.019109 0.000000 0.000000 0.000000
-7.797127 -74.112348 19.158373 0.000000 0.000000 0.000000
-8.478493 -74.063104 17.798248 0.000000 0.000000 0.000000
-7.888909 -74.133710 16.108078 0.000000 0.000000 0.000000
-9.590064 -74.190784 14.634959 0.000000 0.000000 0.000000
-8.569079 -74.201172 12.928873 0.000000 0.000000 0.000000
-7.382875 -74.236020 10.128952 0.000000 0.000000 0.000000
-8.505790 -74.441680 9.164530 0.000000 0.000000 0.000000
8.975012 -70.953340 81.610938 0.000000 0.000000 0.000000
-8.024626 -73.961792 30.854796 0.000000 0.000000 0.000000
-8.483555 -74.007680 30.050567 0.000000 0.000000 0.000000
-9.290428 -74.029060 27.323922 0.000000 0.000000 0.000000
-9.532811 -74.034560 24.082491 0.000000 0.000000 0.000000
-9.889182 -74.094840 23.250264 0.000000 0.000000 0.000000
# Line 3: n=10 a=(-89.600,-84.730,207.200) b=(0.417,0.091,-0.904) start=(-95.667,-86.051,220.366) end=(-82.880,-83.266,192.618)
# x y z globalTime peakAmplitude integratedCharge
-95.375000 -85.864988 217.000000 0.000000 0.000000 0.000000
-95.375000 -86.050196 220.500000 0.000000 0.000000 0.000000
-93.625000 -85.699692 217.000000 0.000000 0.000000 0.000000
-91.875000 -85.116506 210.000000 0.000000 0.000000 0.000000
-91.875000 -85.208486 213.500000 0.000000 0.000000 0.000000
-88.375000 -84.575220 206.500000 0.000000 0.000000 0.000000
-86.625000 -83.948251 199.500000 0.000000 0.000000 0.000000
-84.875000 -83.707460 196.000000 0.000000 0.000000 0.000000
-84.875000 -83.810353 199.500000 0.000000 0.000000 0.000000
-83.125000 -83.314597 192.500000 0.000000 0.000000 0.000000
