# Event 45
# Params: dx_requested=3.553894 dx_event(vote)=3.553894 rline(inlier)=3.553894 minvotes=4 nstart=2 cover=0.800 nlines=4
# HoughMemory: requested_MB=80.062 allocated_MB=80.062 num_x=128 directions=1281 coarsened=0 maxmem_MB=0.000
# N0=264 assigned=264 remaining_after_force=0
# Line 1: n=131 a=(34.017,-64.227,121.830) b=(0.341,0.028,0.939) start=(-1.819,-67.117,23.232) end=(69.784,-61.341,220.238)
# x y z globalTime peakAmplitude integratedCharge
13.125000 -65.915225 66.500000 0.000000 0.000000 0.000000
13.125000 -65.849795 70.000000 0.000000 0.000000 0.000000
13.125000 -65.719314 73.500000 0.000000 0.000000 0.000000
14.875000 -65.796814 70.000000 0.000000 0.000000 0.000000
14.875000 -65.666333 73.500000 0.000000 0.000000 0.000000
16.625000 -65.584918 73.500000 0.000000 0.000000 0.000000
16.625000 -65.486759 77.000000 0.000000 0.000000 0.000000
16.625000 -65.471417 80.500000 0.000000 0.000000 0.000000
18.375000 -65.533581 73.500000 0.000000 0.000000 0.000000
18.375000 -65.435422 77.000000 0.000000 0.000000 0.000000
18.375000 -65.420080 80.500000 0.000000 0.000000 0.000000
20.125000 -65.169896 84.000000 0.000000 0.000000 0.000000
20.125000 -65.165186 87.500000 0.000000 0.000000 0.000000
20.125000 -65.051334 91.000000 0.000000 0.000000 0.000000
21.875000 -64.937964 91.000000 0.000000 0.000000 0.000000
21.875000 -64.890030 94.500000 0.000000 0.000000 0.000000
23.625000 -64.113858 98.000000 0.000000 0.000000 0.000000
23.625000 -64.124060 101.500000 0.000000 0.000000 0.000000
25.375000 -64.354294 105.000000 0.000000 0.000000 0.000000
27.125000 -64.191471 98.000000 0.000000 0.000000 0.000000
27.125000 -64.201673 101.500000 0.000000 0.000000 0.000000
27.125000 -64.237262 105.000000 0.000000 0.000000 0.000000
27.125000 -64.221921 108.500000 0.000000 0.000000 0.000000
27.125000 -64.197196 112.000000 0.000000 0.000000 0.000000
28.875000 -64.120682 101.500000 0.000000 0.000000 0.000000
28.875000 -64.140930 108.500000 0.000000 0.000000 0.000000
28.875000 -64.116205 112.000000 0.000000 0.000000 0.000000
28.875000 -64.109507 115.500000 0.000000 0.000000 0.000000
30.625000 -64.185266 105.000000 0.000000 0.000000 0.000000
30.625000 -64.169925 108.500000 0.000000 0.000000 0.000000
30.625000 -64.145200 112.000000 0.000000 0.000000 0.000000
30.625000 -64.138502 115.500000 0.000000 0.000000 0.000000
30.625000 -64.043234 119.000000 0.000000 0.000000 0.000000
32.375000 -64.080073 115.500000 0.000000 0.000000 0.000000
32.375000 -63.984805 119.000000 0.000000 0.000000 0.000000
34.125000 -64.086482 115.500000 0.000000 0.000000 0.000000
34.125000 -63.991214 119.000000 0.000000 0.000000 0.000000
34.125000 -63.916626 122.500000 0.000000 0.000000 0.000000
34.125000 -63.923826 126.000000 0.000000 0.000000 0.000000
35.875000 -63.917092 119.000000 0.000000 0.000000 0.000000
35.875000 -63.842504 122.500000 0.000000 0.000000 0.000000
35.875000 -63.849704 126.000000 0.000000 0.000000 0.000000
35.875000 -63.818160 129.500000 0.000000 0.000000 0.000000
35.875000 -63.767720 133.000000 0.000000 0.000000 0.000000
37.625000 -63.792837 122.500000 0.000000 0.000000 0.000000
37.625000 -63.800037 126.000000 0.000000 0.000000 0.000000
37.625000 -63.768493 129.500000 0.000000 0.000000 0.000000
37.625000 -63.718053 133.000000 0.000000 0.000000 0.000000
39.375000 -63.602153 133.000000 0.000000 0.000000 0.000000
39.375000 -63.496233 136.500000 0.000000 0.000000 0.000000
39.375000 -63.503237 140.000000 0.000000 0.000000 0.000000
41.125000 -63.443102 136.500000 0.000000 0.000000 0.000000
41.125000 -63.450106 140.000000 0.000000 0.000000 0.000000
41.125000 -63.323709 143.500000 0.000000 0.000000 0.000000
42.875000 -63.254831 143.500000 0.000000 0.000000 0.000000
42.875000 -63.218130 147.000000 0.000000 0.000000 0.000000
44.625000 -63.168079 143.500000 0.000000 0.000000 0.000000
44.625000 -63.131378 147.000000 0.000000 0.000000 0.000000
44.625000 -63.056354 150.500000 0.000000 0.000000 0.000000
44.625000 -63.050512 154.000000 0.000000 0.000000 0.000000
46.375000 -62.965234 150.500000 0.000000 0.000000 0.000000
46.375000 -62.959392 154.000000 0.000000 0.000000 0.000000
46.375000 -62.879902 157.500000 0.000000 0.000000 0.000000
48.125000 -62.972808 154.000000 0.000000 0.000000 0.000000
48.125000 -62.893318 157.500000 0.000000 0.000000 0.000000
49.875000 -62.748550 157.500000 0.000000 0.000000 0.000000
49.875000 -62.682774 161.000000 0.000000 0.000000 0.000000
49.875000 -62.675667 168.000000 0.000000 0.000000 0.000000
49.875000 -62.671397 171.500000 0.000000 0.000000 0.000000
51.625000 -62.663357 168.000000 0.000000 0.000000 0.000000
51.625000 -62.659087 171.500000 0.000000 0.000000 0.000000
51.625000 -62.637676 175.000000 0.000000 0.000000 0.000000
53.375000 -62.702257 168.000000 0.000000 0.000000 0.000000
53.375000 -62.697987 171.500000 0.000000 0.000000 0.000000
53.375000 -62.676576 175.000000 0.000000 0.000000 0.000000
53.375000 -62.643140 178.500000 0.000000 0.000000 0.000000
55.125000 -62.692718 175.000000 0.000000 0.000000 0.000000
55.125000 -62.659282 178.500000 0.000000 0.000000 0.000000
56.875000 -62.560482 178.500000 0.000000 0.000000 0.000000
56.875000 -62.530062 182.000000 0.000000 0.000000 0.000000
56.875000 -62.462665 192.500000 0.000000 0.000000 0.000000
58.625000 -62.521900 185.500000 0.000000 0.000000 0.000000
58.625000 -62.453875 189.000000 0.000000 0.000000 0.000000
58.625000 -62.445328 192.500000 0.000000 0.000000 0.000000
60.375000 -62.412206 189.000000 0.000000 0.000000 0.000000
60.375000 -62.403659 192.500000 0.000000 0.000000 0.000000
60.375000 -62.360391 199.500000 0.000000 0.000000 0.000000
60.375000 -62.372473 203.000000 0.000000 0.000000 0.000000
62.125000 -62.263555 196.000000 0.000000 0.000000 0.000000
62.125000 -62.325802 199.500000 0.000000 0.000000 0.000000
62.125000 -62.337884 203.000000 0.000000 0.000000 0.000000
63.875000 -62.339965 199.500000 0.000000 0.000000 0.000000
63.875000 -62.352047 203.000000 0.000000 0.000000 0.000000
63.875000 -62.371133 206.500000 0.000000 0.000000 0.000000
65.625000 -62.324493 206.500000 0.000000 0.000000 0.000000
65.625000 -62.252070 210.000000 0.000000 0.000000 0.000000
65.625000 -62.230230 213.500000 0.000000 0.000000 0.000000
67.375000 -62.206404 210.000000 0.000000 0.000000 0.000000
67.375000 -62.184564 213.500000 0.000000 0.000000 0.000000
67.375000 -62.156842 220.500000 0.000000 0.000000 0.000000
69.125000 -62.033521 217.000000 0.000000 0.000000 0.000000
69.125000 -62.099405 220.500000 0.000000 0.000000 0.000000
6.152187 -66.772894 48.781715 0.000000 0.000000 0.000000
5.346153 -66.839654 47.060602 0.000000 0.000000 0.000000
5.326543 -66.923640 44.820715 0.000000 0.000000 0.000000
3.775959 -66.911090 43.382377 0.000000 0.000000 0.000000
3.211973 -66.902326 43.026167 0.000000 0.000000 0.000000
6.198447 -66.943268 41.893470 0.000000 0.000000 0.000000
2.166370 -66.949316 42.501458 0.000000 0.000000 0.000000
5.219513 -66.992560 39.994201 0.000000 0.000000 0.000000
2.508180 -66.982620 40.463399 0.000000 0.000000 0.000000
5.419700 -66.981860 38.922663 0.000000 0.000000 0.000000
1.140207 -67.025134 38.907651 0.000000 0.000000 0.000000
4.215752 -67.094172 36.182463 0.000000 0.000000 0.000000
0.345659 -67.084028 36.739495 0.000000 0.000000 0.000000
4.408694 -67.155300 34.434823 0.000000 0.000000 0.000000
2.868909 -67.162536 34.513986 0.000000 0.000000 0.000000
3.739676 -67.181714 33.546522 0.000000 0.000000 0.000000
1.873144 -67.197540 32.747193 0.000000 0.000000 0.000000
3.761238 -67.251934 31.457910 0.000000 0.000000 0.000000
0.805172 -67.210060 30.790952 0.000000 0.000000 0.000000
3.068142 -67.319250 30.368969 0.000000 0.000000 0.000000
2.915229 -67.358780 28.013811 0.000000 0.000000 0.000000
0.348853 -67.592066 25.513638 0.000000 0.000000 0.000000
1.716617 -67.631446 24.801245 0.000000 0.000000 0.000000
0.865311 -67.749566 22.275253 0.000000 0.000000 0.000000
20.125000 -65.003400 94.500000 0.000000 0.000000 0.000000
30.625000 -64.149677 101.500000 0.000000 0.000000 0.000000
34.125000 -64.093180 112.000000 0.000000 0.000000 0.000000
42.875000 -63.374224 136.500000 0.000000 0.000000 0.000000
65.625000 -62.202508 220.500000 0.000000 0.000000 0.000000
# Line 2: n=75 a=(-1.752,-67.209,58.192) b=(0.139,-0.014,-0.990) start=(-8.140,-66.543,103.783) end=(5.199,-67.933,8.594)
# x y z globalTime peakAmplitude integratedCharge
0.642389 -66.787896 54.931506 0.000000 0.000000 0.000000
-2.771057 -66.688830 54.920902 0.000000 0.000000 0.000000
0.834128 -66.790350 50.524006 0.000000 0.000000 0.000000
0.317697 -66.788726 48.964924 0.000000 0.000000 0.000000
0.391262 -66.845770 46.934192 0.000000 0.000000 0.000000
1.985743 -66.886016 45.761911 0.000000 0.000000 0.000000
-6.489553 -66.937140 97.991540 0.000000 0.000000 0.000000
-5.963548 -66.816540 96.384184 0.000000 0.000000 0.000000
-4.359739 -66.704420 94.738502 0.000000 0.000000 0.000000
-6.397816 -66.613788 92.059925 0.000000 0.000000 0.000000
-6.672868 -66.590920 91.637610 0.000000 0.000000 0.000000
-4.341106 -66.535546 88.527171 0.000000 0.000000 0.000000
-5.048604 -66.530988 86.969034 0.000000 0.000000 0.000000
-5.038864 -66.568286 85.772935 0.000000 0.000000 0.000000
-6.080108 -66.587348 83.643408 0.000000 0.000000 0.000000
4.931690 -67.509460 26.028876 0.000000 0.000000 0.000000
4.375009 -67.596148 24.388290 0.000000 0.000000 0.000000
5.374918 -67.689190 23.201768 0.000000 0.000000 0.000000
2.973326 -67.772640 20.646961 0.000000 0.000000 0.000000
5.107484 -67.685784 20.527408 0.000000 0.000000 0.000000
1.888947 -67.883954 19.916825 0.000000 0.000000 0.000000
5.297971 -67.839020 19.792880 0.000000 0.000000 0.000000
1.927939 -67.934686 17.696589 0.000000 0.000000 0.000000
4.006588 -67.874292 17.313180 0.000000 0.000000 0.000000
3.169504 -67.999860 15.934997 0.000000 0.000000 0.000000
4.772564 -67.977260 16.110633 0.000000 0.000000 0.000000
3.251817 -68.098240 13.988536 0.000000 0.000000 0.000000
3.615177 -67.976452 14.008589 0.000000 0.000000 0.000000
2.778616 -68.129644 12.067734 0.000000 0.000000 0.000000
5.264019 -68.156684 12.799680 0.000000 0.000000 0.000000
2.282004 -68.297406 9.847252 0.000000 0.000000 0.000000
4.953319 -68.238568 11.240854 0.000000 0.000000 0.000000
1.405070 -68.418084 8.760081 0.000000 0.000000 0.000000
6.481941 -68.399620 8.780524 0.000000 0.000000 0.000000
-3.660936 -66.764540 81.812526 0.000000 0.000000 0.000000
-5.114039 -66.778400 80.647200 0.000000 0.000000 0.000000
-2.552236 -66.743152 81.172687 0.000000 0.000000 0.000000
-6.634826 -66.847468 79.152083 0.000000 0.000000 0.000000
-6.107770 -66.839014 77.665017 0.000000 0.000000 0.000000
-5.110467 -66.809376 75.011768 0.000000 0.000000 0.000000
-2.410037 -66.846704 75.159163 0.000000 0.000000 0.000000
-3.723057 -66.879650 73.993111 0.000000 0.000000 0.000000
-2.067884 -66.857260 74.170967 0.000000 0.000000 0.000000
-3.590793 -66.836712 72.149356 0.000000 0.000000 0.000000
-1.456500 -66.858050 72.431560 0.000000 0.000000 0.000000
-3.165259 -66.900240 68.824974 0.000000 0.000000 0.000000
-2.475178 -66.884064 66.827646 0.000000 0.000000 0.000000
-1.271444 -66.920434 64.363921 0.000000 0.000000 0.000000
-2.947766 -66.965320 62.348712 0.000000 0.000000 0.000000
-2.515082 -66.971136 60.911658 0.000000 0.000000 0.000000
-0.064495 -66.977246 59.020854 0.000000 0.000000 0.000000
-3.337295 -67.001886 57.168174 0.000000 0.000000 0.000000
-1.424280 -66.959528 55.553948 0.000000 0.000000 0.000000
-8.854940 -66.997192 103.689483 0.000000 0.000000 0.000000
-8.564077 -67.370124 101.405924 0.000000 0.000000 0.000000
-8.008983 -67.400714 99.255799 0.000000 0.000000 0.000000
-8.148117 -67.281030 98.177150 0.000000 0.000000 0.000000
-9.436157 -67.139954 96.858078 0.000000 0.000000 0.000000
-10.013411 -66.876734 94.801715 0.000000 0.000000 0.000000
-10.189066 -66.937170 92.674523 0.000000 0.000000 0.000000
-8.864522 -66.959246 91.671853 0.000000 0.000000 0.000000
3.224816 -66.760340 52.471609 0.000000 0.000000 0.000000
6.438989 -67.254810 29.445745 0.000000 0.000000 0.000000
6.502220 -67.288080 28.007526 0.000000 0.000000 0.000000
-1.219514 -66.690466 81.779673 0.000000 0.000000 0.000000
-1.819651 -66.828826 78.176539 0.000000 0.000000 0.000000
-1.143027 -66.818464 77.183593 0.000000 0.000000 0.000000
-0.136889 -66.901490 70.561297 0.000000 0.000000 0.000000
2.132694 -66.849488 67.025293 0.000000 0.000000 0.000000
3.007733 -66.911554 64.262988 0.000000 0.000000 0.000000
3.203233 -66.945356 62.638803 0.000000 0.000000 0.000000
2.448227 -66.987060 60.851067 0.000000 0.000000 0.000000
3.294424 -67.005828 60.156517 0.000000 0.000000 0.000000
1.943907 -66.974316 57.170094 0.000000 0.000000 0.000000
3.128219 -67.003466 55.695603 0.000000 0.000000 0.000000
# Line 3: n=58 a=(61.799,-62.438,185.744) b=(0.294,0.011,0.956) start=(50.706,-62.852,149.704) end=(72.508,-62.039,220.535)
# x y z globalTime peakAmplitude integratedCharge
48.125000 -62.978650 150.500000 0.000000 0.000000 0.000000
51.625000 -62.670464 161.000000 0.000000 0.000000 0.000000
53.375000 -62.775140 157.500000 0.000000 0.000000 0.000000
53.375000 -62.709364 161.000000 0.000000 0.000000 0.000000
55.125000 -62.791282 157.500000 0.000000 0.000000 0.000000
55.125000 -62.725506 161.000000 0.000000 0.000000 0.000000
55.125000 -62.718399 168.000000 0.000000 0.000000 0.000000
55.125000 -62.714129 171.500000 0.000000 0.000000 0.000000
56.875000 -62.626706 161.000000 0.000000 0.000000 0.000000
56.875000 -62.476608 164.500000 0.000000 0.000000 0.000000
56.875000 -62.619599 168.000000 0.000000 0.000000 0.000000
56.875000 -62.615329 171.500000 0.000000 0.000000 0.000000
56.875000 -62.593918 175.000000 0.000000 0.000000 0.000000
58.625000 -62.602262 168.000000 0.000000 0.000000 0.000000
58.625000 -62.597992 171.500000 0.000000 0.000000 0.000000
58.625000 -62.576581 175.000000 0.000000 0.000000 0.000000
58.625000 -62.543145 178.500000 0.000000 0.000000 0.000000
58.625000 -62.512725 182.000000 0.000000 0.000000 0.000000
60.375000 -62.501476 178.500000 0.000000 0.000000 0.000000
60.375000 -62.471056 182.000000 0.000000 0.000000 0.000000
60.375000 -62.480231 185.500000 0.000000 0.000000 0.000000
62.125000 -62.436467 182.000000 0.000000 0.000000 0.000000
62.125000 -62.445642 185.500000 0.000000 0.000000 0.000000
62.125000 -62.377617 189.000000 0.000000 0.000000 0.000000
62.125000 -62.369070 192.500000 0.000000 0.000000 0.000000
63.875000 -62.459805 185.500000 0.000000 0.000000 0.000000
63.875000 -62.391780 189.000000 0.000000 0.000000 0.000000
63.875000 -62.383233 192.500000 0.000000 0.000000 0.000000
65.625000 -62.336593 192.500000 0.000000 0.000000 0.000000
65.625000 -62.231078 196.000000 0.000000 0.000000 0.000000
65.625000 -62.293325 199.500000 0.000000 0.000000 0.000000
65.625000 -62.305407 203.000000 0.000000 0.000000 0.000000
67.375000 -62.247659 199.500000 0.000000 0.000000 0.000000
67.375000 -62.259741 203.000000 0.000000 0.000000 0.000000
67.375000 -62.278827 206.500000 0.000000 0.000000 0.000000
69.125000 -62.148967 210.000000 0.000000 0.000000 0.000000
69.125000 -62.127127 213.500000 0.000000 0.000000 0.000000
70.875000 -62.117060 210.000000 0.000000 0.000000 0.000000
70.875000 -62.095220 213.500000 0.000000 0.000000 0.000000
70.875000 -62.001614 217.000000 0.000000 0.000000 0.000000
70.875000 -62.067498 220.500000 0.000000 0.000000 0.000000
72.625000 -62.052741 217.000000 0.000000 0.000000 0.000000
72.625000 -62.118625 220.500000 0.000000 0.000000 0.000000
58.625000 -62.459271 164.500000 0.000000 0.000000 0.000000
60.375000 -62.417602 164.500000 0.000000 0.000000 0.000000
63.875000 -62.481050 178.500000 0.000000 0.000000 0.000000
63.875000 -62.450630 182.000000 0.000000 0.000000 0.000000
65.625000 -62.345140 189.000000 0.000000 0.000000 0.000000
67.375000 -62.299474 189.000000 0.000000 0.000000 0.000000
67.375000 -62.290927 192.500000 0.000000 0.000000 0.000000
67.375000 -62.185412 196.000000 0.000000 0.000000 0.000000
69.125000 -62.127975 196.000000 0.000000 0.000000 0.000000
70.875000 -62.096068 196.000000 0.000000 0.000000 0.000000
72.625000 -62.147195 196.000000 0.000000 0.000000 0.000000
72.625000 -62.209442 199.500000 0.000000 0.000000 0.000000
72.625000 -62.221524 203.000000 0.000000 0.000000 0.000000
72.625000 -62.168187 210.000000 0.000000 0.000000 0.000000
72.625000 -62.146347 213.500000 0.000000 0.000000 0.000000
