# Event 3496
# Params: dx_requested=3.671188 dx_event(vote)=3.671188 rline(inlier)=3.671188 minvotes=4 nstart=2 cover=0.800 nlines=4
# HoughMemory: requested_MB=80.062 allocated_MB=80.062 num_x=128 directions=1281 coarsened=0 maxmem_MB=0.000
# N0=121 assigned=121 remaining_after_force=0
# Line 1: n=106 a=(-3.778,-85.731,65.666) b=(0.053,0.062,-0.997) start=(-6.851,-89.313,122.942) end=(-0.698,-82.142,8.275)
# x y z globalTime peakAmplitude integratedCharge
-3.076703 -84.583674 54.762540 0.000000 0.000000 0.000000
-4.580108 -84.541724 54.398942 0.000000 0.000000 0.000000
-2.987198 -84.492646 53.112350 0.000000 0.000000 0.000000
-4.058998 -84.528754 52.484958 0.000000 0.000000 0.000000
-3.387140 -84.452440 50.153536 0.000000 0.000000 0.000000
-5.143063 -84.377832 51.073258 0.000000 0.000000 0.000000
-1.869053 -84.376368 48.285082 0.000000 0.000000 0.000000
-3.852965 -84.423870 48.302241 0.000000 0.000000 0.000000
-0.533709 -84.301824 46.578932 0.000000 0.000000 0.000000
-4.115144 -84.304236 47.574142 0.000000 0.000000 0.000000
-0.334875 -84.281610 44.761791 0.000000 0.000000 0.000000
-3.626400 -84.254950 45.943820 0.000000 0.000000 0.000000
-0.916240 -84.231536 43.646236 0.000000 0.000000 0.000000
-5.018323 -84.290400 44.246399 0.000000 0.000000 0.000000
-0.278153 -84.171650 42.448960 0.000000 0.000000 0.000000
-2.644196 -84.145014 40.391657 0.000000 0.000000 0.000000
-2.702931 -84.062976 38.864421 0.000000 0.000000 0.000000
-3.743489 -84.081920 38.293192 0.000000 0.000000 0.000000
-1.197166 -84.033040 37.480623 0.000000 0.000000 0.000000
-4.138962 -83.929016 36.519656 0.000000 0.000000 0.000000
-0.297478 -84.007160 34.791631 0.000000 0.000000 0.000000
-4.018609 -84.036280 34.705674 0.000000 0.000000 0.000000
-1.722638 -83.979914 33.486188 0.000000 0.000000 0.000000
-3.182466 -83.936920 31.529327 0.000000 0.000000 0.000000
-2.871471 -83.857440 29.651238 0.000000 0.000000 0.000000
-0.988352 -83.819874 28.136079 0.000000 0.000000 0.000000
-4.104429 -89.289160 108.193017 0.000000 0.000000 0.000000
-5.961325 -89.103412 106.194589 0.000000 0.000000 0.000000
-4.320106 -88.813640 105.535113 0.000000 0.000000 0.000000
-5.331247 -88.465496 103.016905 0.000000 0.000000 0.000000
-4.149323 -88.193444 101.514589 0.000000 0.000000 0.000000
-6.942745 -87.894068 99.554257 0.000000 0.000000 0.000000
-5.214656 -87.555240 97.611829 0.000000 0.000000 0.000000
-4.008559 -87.234640 95.903820 0.000000 0.000000 0.000000
-6.044119 -86.924664 94.514327 0.000000 0.000000 0.000000
-2.714389 -86.325886 92.543812 0.000000 0.000000 0.000000
-3.803763 -86.595844 92.204298 0.000000 0.000000 0.000000
-6.052810 -86.330872 90.940205 0.000000 0.000000 0.000000
-4.623754 -86.164234 89.755542 0.000000 0.000000 0.000000
-6.376804 -86.050116 87.940215 0.000000 0.000000 0.000000
-2.506648 -86.045728 85.078061 0.000000 0.000000 0.000000
-5.511164 -85.982386 85.570342 0.000000 0.000000 0.000000
-2.304380 -85.903686 84.364679 0.000000 0.000000 0.000000
-6.849428 -85.892444 83.658243 0.000000 0.000000 0.000000
-2.874457 -83.951226 26.046640 0.000000 0.000000 0.000000
-1.785260 -83.949152 24.467085 0.000000 0.000000 0.000000
-1.919238 -83.950060 22.530318 0.000000 0.000000 0.000000
-0.505468 -83.854748 20.564709 0.000000 0.000000 0.000000
-1.151024 -83.833216 19.406238 0.000000 0.000000 0.000000
-2.134120 -83.875854 17.798316 0.000000 0.000000 0.000000
-1.169849 -83.862380 16.260828 0.000000 0.000000 0.000000
-1.325204 -83.857120 14.596081 0.000000 0.000000 0.000000
-1.662195 -83.861188 12.590916 0.000000 0.000000 0.000000
-2.177781 -83.828280 10.396797 0.000000 0.000000 0.000000
-5.334726 -85.916828 81.501282 0.000000 0.000000 0.000000
-0.941316 -85.980554 81.922520 0.000000 0.000000 0.000000
-6.583200 -85.928340 80.064832 0.000000 0.000000 0.000000
-1.156247 -85.916010 80.855121 0.000000 0.000000 0.000000
-5.123184 -85.847700 79.267943 0.000000 0.000000 0.000000
-2.518344 -85.876812 79.477106 0.000000 0.000000 0.000000
-4.094728 -85.733180 76.715270 0.000000 0.000000 0.000000
-3.018957 -85.787786 76.583637 0.000000 0.000000 0.000000
-6.258632 -85.653948 75.561243 0.000000 0.000000 0.000000
-1.668895 -85.688840 74.579515 0.000000 0.000000 0.000000
-4.728536 -85.528588 74.247718 0.000000 0.000000 0.000000
-0.605724 -85.574100 73.859240 0.000000 0.000000 0.000000
-4.152712 -85.476856 71.780636 0.000000 0.000000 0.000000
-3.063159 -85.487140 72.334502 0.000000 0.000000 0.000000
-3.685427 -85.383332 69.648432 0.000000 0.000000 0.000000
-2.545070 -85.435906 70.015255 0.000000 0.000000 0.000000
-5.409996 -85.348828 67.546217 0.000000 0.000000 0.000000
-2.528755 -85.314728 67.942714 0.000000 0.000000 0.000000
-5.057807 -85.247906 66.033927 0.000000 0.000000 0.000000
-3.407162 -85.261840 66.112798 0.000000 0.000000 0.000000
-5.646778 -85.165008 64.351170 0.000000 0.000000 0.000000
-1.430316 -85.201246 64.985179 0.000000 0.000000 0.000000
-1.282212 -85.161988 63.515705 0.000000 0.000000 0.000000
-4.417276 -84.998530 61.371248 0.000000 0.000000 0.000000
-1.002089 -85.092736 61.819479 0.000000 0.000000 0.000000
-2.880047 -84.996008 58.877155 0.000000 0.000000 0.000000
-5.423367 -84.921948 57.803721 0.000000 0.000000 0.000000
-0.657583 -84.916492 57.055011 0.000000 0.000000 0.000000
-5.706207 -84.861240 55.833611 0.000000 0.000000 0.000000
-3.393840 -84.837940 55.947233 0.000000 0.000000 0.000000
-7.730744 -89.413586 107.232314 0.000000 0.000000 0.000000
-7.374507 -89.132672 104.870702 0.000000 0.000000 0.000000
-7.900204 -88.853834 103.693131 0.000000 0.000000 0.000000
-8.302188 -91.716960 122.713795 0.000000 0.000000 0.000000
-8.116972 -91.540344 120.554872 0.000000 0.000000 0.000000
-9.590315 -91.036560 117.891505 0.000000 0.000000 0.000000
-8.873257 -90.797132 115.865151 0.000000 0.000000 0.000000
-7.341580 -90.565692 113.437197 0.000000 0.000000 0.000000
-7.557022 -90.285010 112.741357 0.000000 0.000000 0.000000
-6.745718 -84.190234 41.581630 0.000000 0.000000 0.000000
-6.917461 -83.956652 33.298796 0.000000 0.000000 0.000000
-0.782363 -86.298108 90.707864 0.000000 0.000000 0.000000
-0.852621 -86.236220 89.036383 0.000000 0.000000 0.000000
-1.282152 -86.130914 88.143356 0.000000 0.000000 0.000000
-3.190308 -83.851780 8.034432 0.000000 0.000000 0.000000
-6.565242 -85.075348 63.223351 0.000000 0.000000 0.000000
-6.143040 -84.970246 60.108031 0.000000 0.000000 0.000000
-9.601448 -90.009430 109.614964 0.000000 0.000000 0.000000
-10.007942 -89.742126 108.026292 0.000000 0.000000 0.000000
-10.204951 -88.506116 101.629866 0.000000 0.000000 0.000000
-10.364900 -88.304156 100.012733 0.000000 0.000000 0.000000
-9.621047 -91.291230 119.217243 0.000000 0.000000 0.000000
# Line 2: n=15 a=(50.750,-59.684,177.000) b=(0.537,0.237,0.809) start=(-2.898,-83.376,96.190) end=(79.569,-46.958,220.409)
# x y z globalTime peakAmplitude integratedCharge
16.625000 -75.137843 126.000000 0.000000 0.000000 0.000000
23.625000 -71.808685 136.500000 0.000000 0.000000 0.000000
30.625000 -68.516893 147.000000 0.000000 0.000000 0.000000
35.875000 -66.245577 154.000000 0.000000 0.000000 0.000000
42.875000 -63.020693 164.500000 0.000000 0.000000 0.000000
44.625000 -62.195447 168.000000 0.000000 0.000000 0.000000
49.875000 -59.920752 175.000000 0.000000 0.000000 0.000000
51.625000 -59.024109 178.500000 0.000000 0.000000 0.000000
58.625000 -56.018781 189.000000 0.000000 0.000000 0.000000
63.875000 -53.861786 196.000000 0.000000 0.000000 0.000000
65.625000 -52.979590 199.500000 0.000000 0.000000 0.000000
72.625000 -50.171098 210.000000 0.000000 0.000000 0.000000
74.375000 -49.287425 213.500000 0.000000 0.000000 0.000000
79.625000 -47.394012 220.500000 0.000000 0.000000 0.000000
-0.291317 -86.040216 95.239866 0.000000 0.000000 0.000000
