# Event 3350
# Params: dx_requested=3.617504 dx_event(vote)=3.617504 rline(inlier)=3.617504 minvotes=4 nstart=2 cover=0.800 nlines=4
# HoughMemory: requested_MB=80.062 allocated_MB=80.062 num_x=128 directions=1281 coarsened=0 maxmem_MB=0.000
# N0=97 assigned=97 remaining_after_force=0
# Line 1: n=70 a=(3.204,-84.025,41.840) b=(0.151,-0.060,0.987) start=(-1.818,-82.035,8.942) end=(9.244,-86.418,81.408)
# x y z globalTime peakAmplitude integratedCharge
4.675418 -84.303834 54.353509 0.000000 0.000000 0.000000
4.897210 -84.137580 53.158247 0.000000 0.000000 0.000000
2.019551 -84.174480 52.353992 0.000000 0.000000 0.000000
6.601990 -83.985800 50.375031 0.000000 0.000000 0.000000
2.838835 -83.987740 51.323375 0.000000 0.000000 0.000000
5.233347 -83.813250 49.527355 0.000000 0.000000 0.000000
0.960217 -83.822772 48.748999 0.000000 0.000000 0.000000
4.482838 -83.659156 47.963288 0.000000 0.000000 0.000000
0.519473 -83.664780 46.831082 0.000000 0.000000 0.000000
5.369816 -83.480560 45.558465 0.000000 0.000000 0.000000
0.658615 -83.527166 44.945542 0.000000 0.000000 0.000000
5.930341 -83.355750 43.443918 0.000000 0.000000 0.000000
2.451343 -83.383850 43.888776 0.000000 0.000000 0.000000
6.650775 -83.207928 42.277262 0.000000 0.000000 0.000000
3.249459 -83.203156 42.013022 0.000000 0.000000 0.000000
0.533253 -83.042730 39.823283 0.000000 0.000000 0.000000
0.909917 -82.868512 38.558780 0.000000 0.000000 0.000000
0.433986 -82.737634 36.268925 0.000000 0.000000 0.000000
2.529569 -82.736260 35.280538 0.000000 0.000000 0.000000
0.422573 -82.651208 33.011815 0.000000 0.000000 0.000000
1.150155 -82.652332 32.219877 0.000000 0.000000 0.000000
-0.425168 -82.605474 31.337269 0.000000 0.000000 0.000000
2.409968 -82.631304 29.868141 0.000000 0.000000 0.000000
0.705138 -82.665954 28.065964 0.000000 0.000000 0.000000
-2.201523 -82.688848 28.385219 0.000000 0.000000 0.000000
0.666725 -82.905384 25.781513 0.000000 0.000000 0.000000
-2.499221 -82.925680 24.718099 0.000000 0.000000 0.000000
3.187749 -82.919628 24.519487 0.000000 0.000000 0.000000
-1.549644 -82.912976 23.493834 0.000000 0.000000 0.000000
0.308988 -82.939788 23.257463 0.000000 0.000000 0.000000
-0.309278 -82.919336 20.251297 0.000000 0.000000 0.000000
2.636085 -83.018536 21.716981 0.000000 0.000000 0.000000
-2.681516 -83.030920 19.572556 0.000000 0.000000 0.000000
2.714732 -82.980320 18.735559 0.000000 0.000000 0.000000
-1.233606 -82.996570 17.179241 0.000000 0.000000 0.000000
1.161542 -83.052484 17.951851 0.000000 0.000000 0.000000
-2.393428 -83.028100 15.971362 0.000000 0.000000 0.000000
1.695083 -83.097772 15.789808 0.000000 0.000000 0.000000
-1.123467 -83.070826 13.749127 0.000000 0.000000 0.000000
1.799132 -83.110334 14.225899 0.000000 0.000000 0.000000
-3.315912 -83.046320 11.683280 0.000000 0.000000 0.000000
0.966606 -83.140094 11.755909 0.000000 0.000000 0.000000
-1.282428 -83.127410 10.752276 0.000000 0.000000 0.000000
-0.358764 -83.245500 8.646224 0.000000 0.000000 0.000000
0.963654 -83.274584 9.427409 0.000000 0.000000 0.000000
5.676317 -86.057574 68.470604 0.000000 0.000000 0.000000
4.198740 -85.892670 67.156364 0.000000 0.000000 0.000000
4.682986 -85.695380 64.587925 0.000000 0.000000 0.000000
6.793850 -85.498224 63.606636 0.000000 0.000000 0.000000
6.192157 -85.267420 60.587572 0.000000 0.000000 0.000000
4.303415 -85.101392 59.891566 0.000000 0.000000 0.000000
5.084146 -84.919100 57.465296 0.000000 0.000000 0.000000
5.768377 -84.728632 56.522141 0.000000 0.000000 0.000000
10.086202 -87.731196 81.200054 0.000000 0.000000 0.000000
9.845218 -87.506934 78.531986 0.000000 0.000000 0.000000
9.294398 -87.273320 77.074471 0.000000 0.000000 0.000000
9.946606 -87.027844 75.351696 0.000000 0.000000 0.000000
7.420280 -86.749384 74.229351 0.000000 0.000000 0.000000
8.844360 -86.500400 71.948650 0.000000 0.000000 0.000000
8.852532 -86.234420 70.345922 0.000000 0.000000 0.000000
9.529709 -85.744372 65.960779 0.000000 0.000000 0.000000
9.184318 -85.573272 64.682206 0.000000 0.000000 0.000000
9.640554 -85.392980 62.502201 0.000000 0.000000 0.000000
7.340073 -84.945196 58.907815 0.000000 0.000000 0.000000
-3.374058 -82.588740 29.799305 0.000000 0.000000 0.000000
-3.042346 -82.918060 26.755473 0.000000 0.000000 0.000000
3.359747 -83.185688 10.272168 0.000000 0.000000 0.000000
10.341806 -85.984260 67.665213 0.000000 0.000000 0.000000
9.945930 -85.188532 60.914356 0.000000 0.000000 0.000000
9.590092 -84.805328 57.965471 0.000000 0.000000 0.000000
# Line 2: n=27 a=(-52.045,-64.356,164.220) b=(0.393,-0.122,-0.911) start=(-76.566,-56.727,221.013) end=(2.009,-81.174,39.026)
# x y z globalTime peakAmplitude integratedCharge
-77.875000 -57.114328 220.500000 0.000000 0.000000 0.000000
-76.125000 -57.172480 220.500000 0.000000 0.000000 0.000000
-74.375000 -57.593386 217.000000 0.000000 0.000000 0.000000
-72.625000 -57.967023 213.500000 0.000000 0.000000 0.000000
-70.875000 -58.757580 206.500000 0.000000 0.000000 0.000000
-69.125000 -59.161529 203.000000 0.000000 0.000000 0.000000
-65.625000 -60.012918 196.000000 0.000000 0.000000 0.000000
-63.875000 -60.431055 192.500000 0.000000 0.000000 0.000000
-62.125000 -60.824624 189.000000 0.000000 0.000000 0.000000
-60.375000 -61.482503 182.000000 0.000000 0.000000 0.000000
-60.375000 -61.359786 185.500000 0.000000 0.000000 0.000000
-56.875000 -62.694629 175.000000 0.000000 0.000000 0.000000
-55.125000 -63.244774 171.500000 0.000000 0.000000 0.000000
-51.625000 -64.367422 161.000000 0.000000 0.000000 0.000000
-48.125000 -65.234368 157.500000 0.000000 0.000000 0.000000
-44.625000 -66.434845 147.000000 0.000000 0.000000 0.000000
-42.875000 -66.942653 143.500000 0.000000 0.000000 0.000000
-41.125000 -67.581253 140.000000 0.000000 0.000000 0.000000
-37.625000 -68.936932 129.500000 0.000000 0.000000 0.000000
-34.125000 -70.065995 122.500000 0.000000 0.000000 0.000000
-32.375000 -70.548209 119.000000 0.000000 0.000000 0.000000
-28.875000 -71.938251 108.500000 0.000000 0.000000 0.000000
-27.125000 -72.117926 108.500000 0.000000 0.000000 0.000000
-25.375000 -72.906110 101.500000 0.000000 0.000000 0.000000
-21.875000 -74.018863 94.500000 0.000000 0.000000 0.000000
-16.625000 -75.801035 80.500000 0.000000 0.000000 0.000000
-1.991459 -82.613494 37.492456 0.000000 0.000000 0.000000
