# Event 2071
# Params: dx_requested=3.614851 dx_event(vote)=3.614851 rline(inlier)=3.614851 minvotes=4 nstart=2 cover=0.800 nlines=4
# HoughMemory: requested_MB=80.062 allocated_MB=80.062 num_x=128 directions=1281 coarsened=0 maxmem_MB=0.000
# N0=155 assigned=155 remaining_after_force=0
# Line 1: n=110 a=(-5.551,-72.356,54.818) b=(0.065,0.035,0.997) start=(-8.562,-73.972,8.864) end=(-1.125,-69.980,122.349)
# x y z globalTime peakAmplitude integratedCharge
-5.065960 -72.550836 54.335306 0.000000 0.000000 0.000000
-4.081963 -72.562690 51.948359 0.000000 0.000000 0.000000
-4.319117 -72.664154 50.587163 0.000000 0.000000 0.000000
-6.647063 -72.637040 49.292352 0.000000 0.000000 0.000000
-6.924618 -72.697504 46.708137 0.000000 0.000000 0.000000
-3.736767 -72.643152 45.537676 0.000000 0.000000 0.000000
-4.420553 -72.698420 43.968432 0.000000 0.000000 0.000000
-6.281649 -72.656920 41.470799 0.000000 0.000000 0.000000
-5.969525 -72.693994 39.766400 0.000000 0.000000 0.000000
-5.920577 -72.770214 38.245659 0.000000 0.000000 0.000000
-5.200792 -72.779880 36.153376 0.000000 0.000000 0.000000
-3.807137 -72.889508 34.351774 0.000000 0.000000 0.000000
-5.808423 -72.891456 33.113617 0.000000 0.000000 0.000000
-6.761614 -72.933612 31.594544 0.000000 0.000000 0.000000
-6.114311 -72.933564 29.825297 0.000000 0.000000 0.000000
-3.974500 -72.992884 28.342997 0.000000 0.000000 0.000000
1.302047 -69.544460 110.351580 0.000000 0.000000 0.000000
1.541343 -69.625660 108.145793 0.000000 0.000000 0.000000
0.073160 -69.796860 107.118177 0.000000 0.000000 0.000000
0.229232 -69.886676 104.349351 0.000000 0.000000 0.000000
-3.016404 -69.988984 105.470397 0.000000 0.000000 0.000000
1.208558 -70.115180 103.401140 0.000000 0.000000 0.000000
-1.974217 -70.147784 103.023249 0.000000 0.000000 0.000000
-2.285538 -70.240860 102.023547 0.000000 0.000000 0.000000
-2.975452 -70.366796 99.155855 0.000000 0.000000 0.000000
-2.437742 -70.518616 98.092679 0.000000 0.000000 0.000000
-3.119321 -70.658280 96.519889 0.000000 0.000000 0.000000
-0.449459 -70.784656 93.769669 0.000000 0.000000 0.000000
-2.373882 -70.857636 92.502073 0.000000 0.000000 0.000000
-2.488322 -70.992240 91.221768 0.000000 0.000000 0.000000
-3.363999 -71.075946 88.988611 0.000000 0.000000 0.000000
-4.370645 -71.041094 89.379630 0.000000 0.000000 0.000000
-0.397944 -71.190930 87.465275 0.000000 0.000000 0.000000
-5.836391 -71.158576 87.619852 0.000000 0.000000 0.000000
-2.710619 -71.291546 86.023094 0.000000 0.000000 0.000000
-6.158917 -71.287946 86.317425 0.000000 0.000000 0.000000
-1.389464 -71.445540 83.511586 0.000000 0.000000 0.000000
-5.742091 -71.407568 83.555670 0.000000 0.000000 0.000000
-6.181250 -73.190124 26.737082 0.000000 0.000000 0.000000
-4.746903 -73.241468 24.628191 0.000000 0.000000 0.000000
-6.092295 -73.251480 22.923354 0.000000 0.000000 0.000000
-6.865830 -73.340300 21.260519 0.000000 0.000000 0.000000
-5.400372 -73.411834 19.136891 0.000000 0.000000 0.000000
-5.914092 -73.503140 16.491521 0.000000 0.000000 0.000000
-6.393640 -73.537512 13.398665 0.000000 0.000000 0.000000
-4.813761 -73.629248 11.914688 0.000000 0.000000 0.000000
-5.085473 -73.702200 10.777903 0.000000 0.000000 0.000000
-5.854224 -73.823914 9.345486 0.000000 0.000000 0.000000
-5.967863 -71.690888 82.590200 0.000000 0.000000 0.000000
-1.029087 -71.696350 82.170086 0.000000 0.000000 0.000000
-6.282767 -71.808820 81.197533 0.000000 0.000000 0.000000
-0.667778 -71.757172 80.969534 0.000000 0.000000 0.000000
-6.749678 -71.910656 78.345527 0.000000 0.000000 0.000000
-6.224150 -72.040948 77.330719 0.000000 0.000000 0.000000
-4.774580 -72.129760 75.196947 0.000000 0.000000 0.000000
-6.584588 -72.188952 73.847360 0.000000 0.000000 0.000000
-6.405619 -72.290070 71.528880 0.000000 0.000000 0.000000
-4.082214 -72.418620 69.852093 0.000000 0.000000 0.000000
-6.070725 -72.534552 68.271639 0.000000 0.000000 0.000000
-6.717576 -72.610486 66.496605 0.000000 0.000000 0.000000
-4.903457 -72.672540 64.382947 0.000000 0.000000 0.000000
-6.764231 -72.706220 63.421841 0.000000 0.000000 0.000000
-5.700727 -72.724066 61.513804 0.000000 0.000000 0.000000
-4.041568 -72.723300 60.073602 0.000000 0.000000 0.000000
-5.802320 -72.707100 57.684775 0.000000 0.000000 0.000000
-5.399296 -72.733868 55.764782 0.000000 0.000000 0.000000
-7.373746 -72.628430 67.028432 0.000000 0.000000 0.000000
-7.870761 -72.689196 63.109244 0.000000 0.000000 0.000000
-7.069447 -72.727954 55.882628 0.000000 0.000000 0.000000
-8.958313 -72.787116 54.105405 0.000000 0.000000 0.000000
-8.888154 -72.841094 51.042796 0.000000 0.000000 0.000000
-9.132407 -72.843316 49.329567 0.000000 0.000000 0.000000
-9.230753 -72.851980 47.758735 0.000000 0.000000 0.000000
-9.433082 -72.872772 45.033430 0.000000 0.000000 0.000000
-8.829116 -72.903106 43.322895 0.000000 0.000000 0.000000
-7.918342 -72.897326 42.363238 0.000000 0.000000 0.000000
-9.963718 -72.929150 39.739001 0.000000 0.000000 0.000000
-7.642116 -73.029920 36.288202 0.000000 0.000000 0.000000
-9.488853 -73.086880 34.693770 0.000000 0.000000 0.000000
-7.261465 -73.079950 32.863003 0.000000 0.000000 0.000000
-7.549788 -73.118908 31.033639 0.000000 0.000000 0.000000
-8.033020 -73.169900 29.167002 0.000000 0.000000 0.000000
-8.834712 -73.175354 27.881442 0.000000 0.000000 0.000000
-8.407653 -73.249760 26.253595 0.000000 0.000000 0.000000
-10.007798 -73.306086 24.409767 0.000000 0.000000 0.000000
-7.503428 -73.328124 22.423998 0.000000 0.000000 0.000000
-8.409718 -73.344100 21.026028 0.000000 0.000000 0.000000
-8.234702 -73.422424 19.675621 0.000000 0.000000 0.000000
-8.385904 -73.482056 17.501800 0.000000 0.000000 0.000000
-7.684695 -73.540000 15.231754 0.000000 0.000000 0.000000
-7.714033 -73.535492 14.389111 0.000000 0.000000 0.000000
-8.386120 -73.640966 11.546288 0.000000 0.000000 0.000000
-10.179847 -73.680072 10.309391 0.000000 0.000000 0.000000
-10.087107 -73.873352 8.960809 0.000000 0.000000 0.000000
1.305805 -70.199160 100.957744 0.000000 0.000000 0.000000
3.271073 -70.340632 99.868650 0.000000 0.000000 0.000000
1.046849 -70.495404 97.436064 0.000000 0.000000 0.000000
1.980679 -70.587020 96.160805 0.000000 0.000000 0.000000
-3.903241 -73.429120 17.845531 0.000000 0.000000 0.000000
6.466660 -69.781540 121.844319 0.000000 0.000000 0.000000
4.992999 -69.562384 121.116875 0.000000 0.000000 0.000000
6.803521 -69.625904 118.873879 0.000000 0.000000 0.000000
5.605828 -69.503632 117.312671 0.000000 0.000000 0.000000
2.447099 -69.541160 117.249674 0.000000 0.000000 0.000000
3.368013 -69.468066 115.878300 0.000000 0.000000 0.000000
2.383939 -69.488708 113.650193 0.000000 0.000000 0.000000
2.973686 -69.579486 112.145697 0.000000 0.000000 0.000000
-10.296378 -72.697370 59.207228 0.000000 0.000000 0.000000
-10.392115 -72.802032 51.838890 0.000000 0.000000 0.000000
-10.213474 -72.956780 38.005284 0.000000 0.000000 0.000000
# Line 2: n=45 a=(-46.819,-80.844,136.119) b=(0.479,0.109,-0.871) start=(-91.516,-90.968,217.320) end=(-5.216,-71.421,60.540)
# x y z globalTime peakAmplitude integratedCharge
-91.875000 -91.946344 217.000000 0.000000 0.000000 0.000000
-90.125000 -91.352227 213.500000 0.000000 0.000000 0.000000
-88.375000 -90.828031 210.000000 0.000000 0.000000 0.000000
-86.625000 -90.284614 206.500000 0.000000 0.000000 0.000000
-83.125000 -89.333540 203.000000 0.000000 0.000000 0.000000
-77.875000 -87.957434 192.500000 0.000000 0.000000 0.000000
-76.125000 -87.593090 189.000000 0.000000 0.000000 0.000000
-74.375000 -87.071428 185.500000 0.000000 0.000000 0.000000
-72.625000 -86.463092 182.000000 0.000000 0.000000 0.000000
-70.875000 -85.909220 178.500000 0.000000 0.000000 0.000000
-69.125000 -85.517709 175.000000 0.000000 0.000000 0.000000
-65.625000 -84.607475 168.000000 0.000000 0.000000 0.000000
-63.875000 -84.470985 168.000000 0.000000 0.000000 0.000000
-62.125000 -83.989473 164.500000 0.000000 0.000000 0.000000
-60.375000 -83.603391 161.000000 0.000000 0.000000 0.000000
-56.875000 -82.633637 154.000000 0.000000 0.000000 0.000000
-51.625000 -81.437623 143.500000 0.000000 0.000000 0.000000
-51.625000 -81.606495 147.000000 0.000000 0.000000 0.000000
-49.875000 -81.266101 143.500000 0.000000 0.000000 0.000000
-46.375000 -80.586783 136.500000 0.000000 0.000000 0.000000
-44.625000 -80.038321 133.000000 0.000000 0.000000 0.000000
-42.875000 -79.640128 129.500000 0.000000 0.000000 0.000000
-41.125000 -79.267847 126.000000 0.000000 0.000000 0.000000
-39.375000 -79.135361 126.000000 0.000000 0.000000 0.000000
-37.625000 -78.764905 122.500000 0.000000 0.000000 0.000000
-34.125000 -77.930716 115.500000 0.000000 0.000000 0.000000
-32.375000 -77.507788 112.000000 0.000000 0.000000 0.000000
-30.625000 -77.052272 108.500000 0.000000 0.000000 0.000000
-28.875000 -76.759668 105.000000 0.000000 0.000000 0.000000
-27.125000 -76.314836 101.500000 0.000000 0.000000 0.000000
-25.375000 -75.978583 98.000000 0.000000 0.000000 0.000000
-23.625000 -75.655998 94.500000 0.000000 0.000000 0.000000
-21.875000 -75.292582 91.000000 0.000000 0.000000 0.000000
-18.375000 -74.560840 84.000000 0.000000 0.000000 0.000000
-18.375000 -74.619443 87.500000 0.000000 0.000000 0.000000
-16.625000 -74.477929 84.000000 0.000000 0.000000 0.000000
-10.026048 -72.485940 69.929927 0.000000 0.000000 0.000000
-8.614196 -72.580600 68.879205 0.000000 0.000000 0.000000
-9.357393 -72.690832 65.459337 0.000000 0.000000 0.000000
-9.981791 -72.711914 61.354216 0.000000 0.000000 0.000000
-9.087947 -72.674460 58.251840 0.000000 0.000000 0.000000
-16.625000 -74.536532 87.500000 0.000000 0.000000 0.000000
-9.150971 -72.213540 74.592393 0.000000 0.000000 0.000000
-8.781021 -72.326800 73.772749 0.000000 0.000000 0.000000
-9.132917 -72.393934 72.430539 0.000000 0.000000 0.000000
