# Event 787
# Params: dx_requested=3.499521 dx_event(vote)=3.499521 rline(inlier)=3.499521 minvotes=4 nstart=2 cover=0.800 nlines=4
# HoughMemory: requested_MB=80.062 allocated_MB=80.062 num_x=128 directions=1281 coarsened=0 maxmem_MB=0.000
# N0=100 assigned=100 remaining_after_force=0
# Line 1: n=67 a=(2.876,-79.545,66.892) b=(0.133,-0.035,0.990) start=(-4.844,-77.509,9.386) end=(8.878,-81.129,111.603)
# x y z globalTime peakAmplitude integratedCharge
-1.592003 -78.079908 46.794315 0.000000 0.000000 0.000000
-0.790444 -78.123974 45.055958 0.000000 0.000000 0.000000
-2.221465 -78.142920 44.214621 0.000000 0.000000 0.000000
-2.760158 -78.185300 40.850667 0.000000 0.000000 0.000000
-0.973644 -78.042872 38.572587 0.000000 0.000000 0.000000
-2.409239 -78.085248 36.187592 0.000000 0.000000 0.000000
-3.101634 -78.134772 34.903587 0.000000 0.000000 0.000000
-1.519928 -78.175756 33.077571 0.000000 0.000000 0.000000
-3.394314 -78.137426 30.984143 0.000000 0.000000 0.000000
-0.506392 -78.212900 29.011803 0.000000 0.000000 0.000000
-3.287757 -78.239320 27.771715 0.000000 0.000000 0.000000
6.263841 -81.070480 99.670599 0.000000 0.000000 0.000000
6.134230 -80.939672 98.464159 0.000000 0.000000 0.000000
6.354174 -80.853504 96.974774 0.000000 0.000000 0.000000
6.778549 -80.681372 94.442500 0.000000 0.000000 0.000000
6.553415 -80.499036 92.447409 0.000000 0.000000 0.000000
6.044342 -80.410500 91.050669 0.000000 0.000000 0.000000
5.409850 -80.259272 88.766151 0.000000 0.000000 0.000000
6.161646 -80.132708 86.757816 0.000000 0.000000 0.000000
4.551973 -79.990296 85.959147 0.000000 0.000000 0.000000
5.715448 -79.770740 83.914662 0.000000 0.000000 0.000000
-3.223040 -78.418220 25.793901 0.000000 0.000000 0.000000
-2.604601 -78.410340 24.365067 0.000000 0.000000 0.000000
-1.671186 -78.555316 23.329984 0.000000 0.000000 0.000000
-1.951770 -78.588452 21.055368 0.000000 0.000000 0.000000
-3.167159 -78.512916 18.514091 0.000000 0.000000 0.000000
-0.714034 -78.587512 17.545135 0.000000 0.000000 0.000000
-3.153697 -78.627960 15.686312 0.000000 0.000000 0.000000
-3.423358 -78.853112 10.863327 0.000000 0.000000 0.000000
5.426189 -79.825532 82.226999 0.000000 0.000000 0.000000
3.914082 -79.620112 80.003382 0.000000 0.000000 0.000000
3.417029 -79.536926 78.427833 0.000000 0.000000 0.000000
4.850603 -79.482532 78.418504 0.000000 0.000000 0.000000
5.482508 -79.366346 77.122724 0.000000 0.000000 0.000000
3.763523 -79.159560 74.736997 0.000000 0.000000 0.000000
3.292440 -79.030146 73.073450 0.000000 0.000000 0.000000
3.429883 -78.864780 72.328160 0.000000 0.000000 0.000000
3.323548 -78.721580 70.392800 0.000000 0.000000 0.000000
2.726586 -78.595720 68.711678 0.000000 0.000000 0.000000
2.447913 -78.458094 66.413438 0.000000 0.000000 0.000000
8.970835 -81.679608 109.665393 0.000000 0.000000 0.000000
7.536134 -81.564868 108.603786 0.000000 0.000000 0.000000
8.226393 -81.381100 107.087975 0.000000 0.000000 0.000000
10.021375 -81.331720 105.036645 0.000000 0.000000 0.000000
10.150085 -81.365580 103.066450 0.000000 0.000000 0.000000
7.227325 -81.267974 101.441511 0.000000 0.000000 0.000000
7.415602 -81.175520 99.148548 0.000000 0.000000 0.000000
8.098658 -81.077874 97.436925 0.000000 0.000000 0.000000
7.886484 -81.041266 96.636208 0.000000 0.000000 0.000000
8.675906 -81.989344 111.599196 0.000000 0.000000 0.000000
-1.564551 -78.066944 54.536066 0.000000 0.000000 0.000000
-2.016000 -78.037812 52.876603 0.000000 0.000000 0.000000
-3.298556 -78.043000 50.735933 0.000000 0.000000 0.000000
-2.373091 -78.006396 48.689180 0.000000 0.000000 0.000000
-3.324274 -78.123548 41.803891 0.000000 0.000000 0.000000
5.594049 -81.009106 103.685464 0.000000 0.000000 0.000000
4.732042 -81.130584 100.765109 0.000000 0.000000 0.000000
-0.213311 -78.560584 14.244903 0.000000 0.000000 0.000000
-0.301325 -78.682592 12.908909 0.000000 0.000000 0.000000
-1.612075 -78.921260 8.901596 0.000000 0.000000 0.000000
0.436186 -79.359034 77.541782 0.000000 0.000000 0.000000
-3.187334 -78.318226 64.730266 0.000000 0.000000 0.000000
-3.059084 -78.256880 63.646820 0.000000 0.000000 0.000000
-2.785325 -78.203480 60.747313 0.000000 0.000000 0.000000
-1.834080 -78.305774 59.584297 0.000000 0.000000 0.000000
-1.029252 -78.239636 57.290194 0.000000 0.000000 0.000000
-2.915266 -78.252948 56.337606 0.000000 0.000000 0.000000
# Line 2: n=33 a=(-41.708,-65.829,176.050) b=(0.371,-0.095,-0.924) start=(-59.648,-61.221,220.750) end=(1.868,-77.022,67.470)
# x y z globalTime peakAmplitude integratedCharge
-60.375000 -61.635321 217.000000 0.000000 0.000000 0.000000
-60.375000 -61.627665 220.500000 0.000000 0.000000 0.000000
-58.625000 -61.695914 217.000000 0.000000 0.000000 0.000000
-58.625000 -61.688258 220.500000 0.000000 0.000000 0.000000
-56.875000 -62.042263 213.500000 0.000000 0.000000 0.000000
-55.125000 -62.216034 210.000000 0.000000 0.000000 0.000000
-55.125000 -62.199340 213.500000 0.000000 0.000000 0.000000
-53.375000 -62.751600 206.500000 0.000000 0.000000 0.000000
-51.625000 -63.315374 199.500000 0.000000 0.000000 0.000000
-51.625000 -63.179050 203.000000 0.000000 0.000000 0.000000
-49.875000 -63.594888 196.000000 0.000000 0.000000 0.000000
-48.125000 -64.078212 192.500000 0.000000 0.000000 0.000000
-46.375000 -64.546070 185.500000 0.000000 0.000000 0.000000
-46.375000 -64.396180 189.000000 0.000000 0.000000 0.000000
-44.625000 -64.954819 182.000000 0.000000 0.000000 0.000000
-42.875000 -65.357547 178.500000 0.000000 0.000000 0.000000
-41.125000 -65.688865 175.000000 0.000000 0.000000 0.000000
-39.375000 -66.263333 168.000000 0.000000 0.000000 0.000000
-39.375000 -66.229489 171.500000 0.000000 0.000000 0.000000
-37.625000 -66.653624 164.500000 0.000000 0.000000 0.000000
-34.125000 -67.511670 157.500000 0.000000 0.000000 0.000000
-34.125000 -67.481724 161.000000 0.000000 0.000000 0.000000
-28.875000 -68.980770 143.500000 0.000000 0.000000 0.000000
-28.875000 -69.046322 147.000000 0.000000 0.000000 0.000000
-25.375000 -70.101630 136.500000 0.000000 0.000000 0.000000
-21.875000 -71.197398 126.000000 0.000000 0.000000 0.000000
-21.875000 -71.027415 129.500000 0.000000 0.000000 0.000000
-20.125000 -71.652469 119.000000 0.000000 0.000000 0.000000
-20.125000 -71.663681 122.500000 0.000000 0.000000 0.000000
-18.375000 -72.083360 115.500000 0.000000 0.000000 0.000000
0.369417 -79.179040 74.937543 0.000000 0.000000 0.000000
-2.763766 -78.308448 68.676586 0.000000 0.000000 0.000000
-0.772210 -78.355660 66.548189 0.000000 0.000000 0.000000
