# Event 3783
# Params: dx_requested=3.322491 dx_event(vote)=3.322491 rline(inlier)=3.322491 minvotes=4 nstart=2 cover=0.800 nlines=4
# HoughMemory: requested_MB=80.062 allocated_MB=80.062 num_x=128 directions=1281 coarsened=0 maxmem_MB=0.000
# N0=71 assigned=71 remaining_after_force=0
# Line 1: n=38 a=(-8.594,-76.154,70.210) b=(0.022,0.075,-0.997) start=(-9.267,-78.491,101.120) end=(-7.786,-73.352,33.148)
# x y z globalTime peakAmplitude integratedCharge
-6.871996 -78.786126 95.807288 0.000000 0.000000 0.000000
-10.236501 -79.765350 101.002690 0.000000 0.000000 0.000000
-8.767804 -79.243780 100.315636 0.000000 0.000000 0.000000
-9.484848 -79.117376 97.761488 0.000000 0.000000 0.000000
-9.862629 -78.934870 96.380571 0.000000 0.000000 0.000000
-9.440957 -78.716656 94.221607 0.000000 0.000000 0.000000
-9.327438 -78.319190 93.346133 0.000000 0.000000 0.000000
-8.825536 -78.070452 90.845887 0.000000 0.000000 0.000000
-10.197768 -77.789624 89.820792 0.000000 0.000000 0.000000
-9.616465 -77.524820 87.654440 0.000000 0.000000 0.000000
-9.986123 -77.254846 85.471598 0.000000 0.000000 0.000000
-8.972633 -77.039040 83.945976 0.000000 0.000000 0.000000
-8.484510 -76.747352 81.626553 0.000000 0.000000 0.000000
-8.796032 -76.550128 80.307763 0.000000 0.000000 0.000000
-8.596937 -76.303486 78.594162 0.000000 0.000000 0.000000
-8.868695 -76.069494 77.261601 0.000000 0.000000 0.000000
-9.745445 -75.804212 75.500534 0.000000 0.000000 0.000000
-7.909636 -75.573880 72.811745 0.000000 0.000000 0.000000
-7.364612 -75.330580 71.094982 0.000000 0.000000 0.000000
-7.971895 -75.104676 69.600733 0.000000 0.000000 0.000000
-7.467128 -74.888592 68.956631 0.000000 0.000000 0.000000
-8.504946 -74.744744 66.487792 0.000000 0.000000 0.000000
-7.339246 -74.725690 64.074592 0.000000 0.000000 0.000000
-8.405650 -74.697864 63.599206 0.000000 0.000000 0.000000
-7.697007 -74.734356 61.980592 0.000000 0.000000 0.000000
-9.318422 -74.696136 59.867300 0.000000 0.000000 0.000000
-7.953614 -74.699890 57.648205 0.000000 0.000000 0.000000
-7.848317 -74.688680 56.645577 0.000000 0.000000 0.000000
-7.900981 -74.710296 54.254103 0.000000 0.000000 0.000000
-9.969293 -74.749414 52.491472 0.000000 0.000000 0.000000
-8.155074 -74.749384 51.440329 0.000000 0.000000 0.000000
-8.222524 -74.736384 47.971495 0.000000 0.000000 0.000000
-7.978211 -74.745904 45.261794 0.000000 0.000000 0.000000
-7.221768 -74.785748 44.356891 0.000000 0.000000 0.000000
-8.625033 -74.806208 40.779989 0.000000 0.000000 0.000000
-8.717566 -74.875520 38.452355 0.000000 0.000000 0.000000
-8.425391 -74.857496 37.285635 0.000000 0.000000 0.000000
-7.486196 -74.909406 33.037045 0.000000 0.000000 0.000000
# Line 2: n=26 a=(-8.810,-75.080,24.144) b=(0.017,-0.018,-1.000) start=(-12.177,-71.595,217.798) end=(-8.544,-75.354,8.889)
# x y z globalTime peakAmplitude integratedCharge
-10.268693 -74.761400 48.865615 0.000000 0.000000 0.000000
-9.786209 -74.786400 42.101421 0.000000 0.000000 0.000000
-9.630521 -74.889234 34.450254 0.000000 0.000000 0.000000
-8.485950 -74.899384 32.026200 0.000000 0.000000 0.000000
-8.387677 -74.944726 29.600453 0.000000 0.000000 0.000000
-7.140981 -74.957420 28.450052 0.000000 0.000000 0.000000
-8.344650 -74.978846 26.872192 0.000000 0.000000 0.000000
-8.364915 -75.016076 24.857490 0.000000 0.000000 0.000000
-7.163693 -75.038690 23.119900 0.000000 0.000000 0.000000
-7.987309 -75.108148 21.065307 0.000000 0.000000 0.000000
-9.107840 -75.142932 19.654464 0.000000 0.000000 0.000000
-8.882939 -75.150416 17.939942 0.000000 0.000000 0.000000
-10.372494 -75.217988 15.594107 0.000000 0.000000 0.000000
-9.832301 -75.267100 13.636414 0.000000 0.000000 0.000000
-8.405612 -75.308320 12.317265 0.000000 0.000000 0.000000
-9.730421 -75.392292 10.994637 0.000000 0.000000 0.000000
-7.869763 -75.497580 8.903275 0.000000 0.000000 0.000000
-34.125000 -48.442430 217.000000 0.000000 0.000000 0.000000
-32.375000 -49.464421 210.000000 0.000000 0.000000 0.000000
-30.625000 -51.267354 199.500000 0.000000 0.000000 0.000000
-28.875000 -53.035281 189.000000 0.000000 0.000000 0.000000
-27.125000 -54.822803 178.500000 0.000000 0.000000 0.000000
-25.375000 -56.648670 168.000000 0.000000 0.000000 0.000000
-21.875000 -60.536995 147.000000 0.000000 0.000000 0.000000
-20.125000 -62.485568 136.500000 0.000000 0.000000 0.000000
-18.375000 -64.476107 126.000000 0.000000 0.000000 0.000000
# Line 3: n=7 a=(-4.929,-79.177,101.273) b=(0.025,0.090,-0.996) start=(-5.079,-79.710,107.192) end=(-4.743,-78.522,94.000)
# x y z globalTime peakAmplitude integratedCharge
-4.824126 -79.417584 107.224673 0.000000 0.000000 0.000000
-5.168084 -79.587820 104.904874 0.000000 0.000000 0.000000
-4.933232 -79.509852 102.585893 0.000000 0.000000 0.000000
-4.427915 -79.342700 101.868832 0.000000 0.000000 0.000000
-6.937479 -79.126116 99.673996 0.000000 0.000000 0.000000
-3.626736 -78.879828 98.635884 0.000000 0.000000 0.000000
-4.582195 -78.374774 94.017574 0.000000 0.000000 0.000000
