# Event 793
# Params: dx_requested=3.388066 dx_event(vote)=3.388066 rline(inlier)=3.388066 minvotes=4 nstart=2 cover=0.800 nlines=4
# HoughMemory: requested_MB=80.062 allocated_MB=80.062 num_x=128 directions=1281 coarsened=0 maxmem_MB=0.000
# N0=126 assigned=126 remaining_after_force=0
# Line 1: n=95 a=(-4.840,-72.372,81.887) b=(0.014,0.016,1.000) start=(-5.843,-73.534,8.288) end=(-3.829,-71.200,156.022)
# x y z globalTime peakAmplitude integratedCharge
-6.388786 -72.542596 54.814794 0.000000 0.000000 0.000000
-3.665612 -72.601360 52.502102 0.000000 0.000000 0.000000
-4.383326 -72.639770 50.224537 0.000000 0.000000 0.000000
-4.403260 -72.659948 48.695159 0.000000 0.000000 0.000000
-6.193103 -72.707288 47.278559 0.000000 0.000000 0.000000
-4.177090 -72.742388 45.831281 0.000000 0.000000 0.000000
-5.253062 -72.765796 44.190426 0.000000 0.000000 0.000000
-6.774586 -72.792750 41.275253 0.000000 0.000000 0.000000
-5.291390 -72.794104 40.774285 0.000000 0.000000 0.000000
-6.412803 -72.817688 38.772483 0.000000 0.000000 0.000000
-5.684981 -72.868680 36.631658 0.000000 0.000000 0.000000
-5.380044 -72.925366 35.217411 0.000000 0.000000 0.000000
-6.149405 -72.985528 33.266638 0.000000 0.000000 0.000000
-6.436743 -73.018384 31.034491 0.000000 0.000000 0.000000
-4.738600 -73.057752 30.174563 0.000000 0.000000 0.000000
-6.482456 -73.148272 27.601802 0.000000 0.000000 0.000000
-5.968937 -72.020124 110.395796 0.000000 0.000000 0.000000
-4.613147 -71.994074 108.913688 0.000000 0.000000 0.000000
-4.198775 -72.018994 107.245352 0.000000 0.000000 0.000000
-5.605569 -72.009504 104.881187 0.000000 0.000000 0.000000
-4.210893 -71.985880 102.899751 0.000000 0.000000 0.000000
-6.863696 -71.987160 100.926283 0.000000 0.000000 0.000000
-4.918753 -72.023114 100.242592 0.000000 0.000000 0.000000
-4.699277 -72.017060 97.509880 0.000000 0.000000 0.000000
-4.741302 -72.020636 96.378680 0.000000 0.000000 0.000000
-3.754553 -72.066230 94.322288 0.000000 0.000000 0.000000
-6.508687 -72.057420 93.190381 0.000000 0.000000 0.000000
-4.733749 -72.079132 91.248758 0.000000 0.000000 0.000000
-6.627153 -72.077686 88.509061 0.000000 0.000000 0.000000
-5.407683 -72.052860 86.971844 0.000000 0.000000 0.000000
-3.594854 -72.079280 85.236609 0.000000 0.000000 0.000000
-6.322946 -72.082340 84.664589 0.000000 0.000000 0.000000
-1.423879 -70.318566 149.988964 0.000000 0.000000 0.000000
-1.932660 -70.690424 146.870324 0.000000 0.000000 0.000000
-1.302187 -70.759600 145.016140 0.000000 0.000000 0.000000
-2.849383 -70.892646 143.137471 0.000000 0.000000 0.000000
-3.356823 -71.035108 141.183468 0.000000 0.000000 0.000000
-5.127179 -73.331890 26.237217 0.000000 0.000000 0.000000
-4.191044 -73.414252 24.339423 0.000000 0.000000 0.000000
-4.447239 -73.479896 22.722792 0.000000 0.000000 0.000000
-4.488770 -73.529786 21.539153 0.000000 0.000000 0.000000
-5.319690 -73.575934 19.807827 0.000000 0.000000 0.000000
-6.129505 -73.668200 17.123320 0.000000 0.000000 0.000000
-5.618962 -73.709156 15.586690 0.000000 0.000000 0.000000
-3.919974 -73.788120 14.723324 0.000000 0.000000 0.000000
-5.955033 -73.820868 11.681749 0.000000 0.000000 0.000000
-3.790550 -73.921840 11.135891 0.000000 0.000000 0.000000
-6.624019 -74.070966 8.307239 0.000000 0.000000 0.000000
-5.656565 -72.316724 82.098233 0.000000 0.000000 0.000000
-6.524809 -72.330834 80.772144 0.000000 0.000000 0.000000
-4.767422 -72.353704 79.227045 0.000000 0.000000 0.000000
-5.610559 -72.401708 77.518919 0.000000 0.000000 0.000000
-4.034224 -72.366094 74.508063 0.000000 0.000000 0.000000
-4.397874 -72.403440 73.047477 0.000000 0.000000 0.000000
-4.532190 -72.425744 72.483754 0.000000 0.000000 0.000000
-6.323849 -72.406820 70.714959 0.000000 0.000000 0.000000
-3.875920 -72.424560 68.004288 0.000000 0.000000 0.000000
-5.663933 -72.471576 65.795460 0.000000 0.000000 0.000000
-6.107424 -72.513476 64.524886 0.000000 0.000000 0.000000
-5.146689 -72.578772 63.071867 0.000000 0.000000 0.000000
-4.542362 -72.593560 61.125652 0.000000 0.000000 0.000000
-4.422863 -72.630634 59.601486 0.000000 0.000000 0.000000
-3.752039 -72.693506 57.058473 0.000000 0.000000 0.000000
-5.821282 -72.701544 55.341280 0.000000 0.000000 0.000000
-1.657316 -71.494960 138.796641 0.000000 0.000000 0.000000
-5.833732 -71.473176 138.967279 0.000000 0.000000 0.000000
-1.711807 -71.540440 136.872023 0.000000 0.000000 0.000000
-4.758858 -71.573632 136.900776 0.000000 0.000000 0.000000
-1.441869 -71.699450 134.414615 0.000000 0.000000 0.000000
-3.572881 -71.716460 134.049983 0.000000 0.000000 0.000000
-1.850887 -71.769480 133.495270 0.000000 0.000000 0.000000
-5.857975 -71.785248 133.581714 0.000000 0.000000 0.000000
-2.659462 -71.857050 131.301645 0.000000 0.000000 0.000000
-4.396602 -71.884644 130.966714 0.000000 0.000000 0.000000
-2.141869 -71.890920 128.765401 0.000000 0.000000 0.000000
-6.217011 -71.985926 129.030623 0.000000 0.000000 0.000000
-5.840126 -72.046612 128.063979 0.000000 0.000000 0.000000
-5.349299 -72.112316 126.256848 0.000000 0.000000 0.000000
-4.338767 -72.231214 124.104181 0.000000 0.000000 0.000000
-3.913446 -72.228560 122.917072 0.000000 0.000000 0.000000
-5.560473 -72.240400 120.849801 0.000000 0.000000 0.000000
-5.920827 -72.249530 119.616718 0.000000 0.000000 0.000000
-5.060098 -72.243304 117.494349 0.000000 0.000000 0.000000
-6.891804 -72.238226 115.111366 0.000000 0.000000 0.000000
-6.472468 -72.224414 113.243147 0.000000 0.000000 0.000000
-6.524899 -72.209326 111.388481 0.000000 0.000000 0.000000
1.312145 -69.907490 155.931429 0.000000 0.000000 0.000000
0.992151 -70.165980 153.966086 0.000000 0.000000 0.000000
-0.288902 -70.087520 151.876948 0.000000 0.000000 0.000000
2.219482 -70.261900 152.611064 0.000000 0.000000 0.000000
1.944526 -70.274830 150.872808 0.000000 0.000000 0.000000
-0.777665 -70.554254 149.244619 0.000000 0.000000 0.000000
-6.916606 -71.173376 139.891586 0.000000 0.000000 0.000000
-0.682358 -71.157640 139.866783 0.000000 0.000000 0.000000
-0.105582 -74.175934 8.253509 0.000000 0.000000 0.000000
# Line 2: n=31 a=(-21.905,-75.192,166.465) b=(0.277,0.060,-0.959) start=(-37.814,-78.614,221.508) end=(-6.660,-71.913,113.719)
# x y z globalTime peakAmplitude integratedCharge
-39.375000 -79.349390 220.500000 0.000000 0.000000 0.000000
-37.625000 -78.666342 213.500000 0.000000 0.000000 0.000000
-34.125000 -77.854898 206.500000 0.000000 0.000000 0.000000
-32.375000 -77.306114 199.500000 0.000000 0.000000 0.000000
-32.375000 -77.433894 203.000000 0.000000 0.000000 0.000000
-30.625000 -76.823877 192.500000 0.000000 0.000000 0.000000
-30.625000 -76.970627 196.000000 0.000000 0.000000 0.000000
-28.875000 -76.525242 189.000000 0.000000 0.000000 0.000000
-27.125000 -76.167587 185.500000 0.000000 0.000000 0.000000
-25.375000 -75.723758 178.500000 0.000000 0.000000 0.000000
-25.375000 -75.855915 182.000000 0.000000 0.000000 0.000000
-23.625000 -75.514548 171.500000 0.000000 0.000000 0.000000
-23.625000 -75.504733 175.000000 0.000000 0.000000 0.000000
-23.625000 -75.589538 178.500000 0.000000 0.000000 0.000000
-21.875000 -75.072900 168.000000 0.000000 0.000000 0.000000
-20.125000 -74.867612 164.500000 0.000000 0.000000 0.000000
-20.125000 -74.976166 168.000000 0.000000 0.000000 0.000000
-18.375000 -74.522455 154.000000 0.000000 0.000000 0.000000
-18.375000 -74.494995 157.500000 0.000000 0.000000 0.000000
-18.375000 -74.664426 161.000000 0.000000 0.000000 0.000000
-18.375000 -74.686774 164.500000 0.000000 0.000000 0.000000
-9.447860 -72.512580 123.655372 0.000000 0.000000 0.000000
-9.986656 -72.345710 122.680971 0.000000 0.000000 0.000000
-10.131041 -72.486548 120.115457 0.000000 0.000000 0.000000
-9.461454 -72.372284 119.650403 0.000000 0.000000 0.000000
-8.594848 -72.438770 116.994207 0.000000 0.000000 0.000000
-7.717339 -72.360450 115.099578 0.000000 0.000000 0.000000
-7.622888 -72.287740 113.829056 0.000000 0.000000 0.000000
-41.125000 -79.427667 220.500000 0.000000 0.000000 0.000000
-39.375000 -79.192490 217.000000 0.000000 0.000000 0.000000
-10.054375 -72.580304 112.695817 0.000000 0.000000 0.000000
