# Event 678
# Params: dx_requested=3.419831 dx_event(vote)=3.419831 rline(inlier)=3.419831 minvotes=4 nstart=2 cover=0.800 nlines=4
# HoughMemory: requested_MB=80.062 allocated_MB=80.062 num_x=128 directions=1281 coarsened=0 maxmem_MB=0.000
# N0=124 assigned=124 remaining_after_force=0
# Line 1: n=106 a=(-1.537,-72.612,68.500) b=(0.005,-0.016,-1.000) start=(-1.949,-71.193,154.510) end=(-1.251,-73.595,8.892)
# x y z globalTime peakAmplitude integratedCharge
-0.328171 -72.767712 54.191456 0.000000 0.000000 0.000000
-3.372240 -72.752088 51.874123 0.000000 0.000000 0.000000
-2.163334 -72.807794 50.872059 0.000000 0.000000 0.000000
-3.192069 -72.774920 48.975661 0.000000 0.000000 0.000000
-1.135023 -72.769836 47.477359 0.000000 0.000000 0.000000
-1.504724 -72.829852 45.249405 0.000000 0.000000 0.000000
-0.203877 -72.827314 43.967173 0.000000 0.000000 0.000000
-2.051705 -72.881916 42.375687 0.000000 0.000000 0.000000
-2.687102 -72.888812 39.719928 0.000000 0.000000 0.000000
-1.272431 -72.883900 39.208106 0.000000 0.000000 0.000000
-1.027099 -72.908850 36.814988 0.000000 0.000000 0.000000
-1.136995 -72.911884 34.680122 0.000000 0.000000 0.000000
0.180691 -72.992768 32.539197 0.000000 0.000000 0.000000
-1.993155 -72.931340 33.431309 0.000000 0.000000 0.000000
-1.853884 -72.954334 31.036302 0.000000 0.000000 0.000000
-2.897059 -72.960186 29.421591 0.000000 0.000000 0.000000
-1.786349 -72.983100 28.360085 0.000000 0.000000 0.000000
-2.379748 -72.028880 109.580504 0.000000 0.000000 0.000000
-2.592180 -72.096296 107.865561 0.000000 0.000000 0.000000
-1.637032 -72.145280 106.911459 0.000000 0.000000 0.000000
-1.320208 -72.141380 104.379356 0.000000 0.000000 0.000000
-2.182000 -72.247614 103.263461 0.000000 0.000000 0.000000
-1.845129 -72.268994 101.612729 0.000000 0.000000 0.000000
-1.079416 -72.346564 99.589056 0.000000 0.000000 0.000000
-1.255528 -72.417530 97.532728 0.000000 0.000000 0.000000
-2.942868 -72.493946 95.761687 0.000000 0.000000 0.000000
-1.429330 -72.550788 94.955864 0.000000 0.000000 0.000000
-3.423994 -72.609228 92.044201 0.000000 0.000000 0.000000
-2.761768 -72.655840 90.808237 0.000000 0.000000 0.000000
-0.807354 -72.679064 88.511472 0.000000 0.000000 0.000000
-0.264747 -72.702508 87.142860 0.000000 0.000000 0.000000
-1.969462 -72.687292 85.182113 0.000000 0.000000 0.000000
-1.103905 -72.720420 84.241389 0.000000 0.000000 0.000000
-2.653004 -73.194568 25.963406 0.000000 0.000000 0.000000
1.088002 -73.255688 25.996478 0.000000 0.000000 0.000000
-0.235323 -73.219592 24.852054 0.000000 0.000000 0.000000
-2.419608 -73.306904 22.345200 0.000000 0.000000 0.000000
-1.862556 -73.336596 21.423834 0.000000 0.000000 0.000000
-1.963053 -73.322060 18.952841 0.000000 0.000000 0.000000
1.377024 -73.356116 18.891771 0.000000 0.000000 0.000000
-2.883107 -73.355194 17.982766 0.000000 0.000000 0.000000
0.548297 -73.465270 17.426704 0.000000 0.000000 0.000000
-0.534223 -73.418164 15.592528 0.000000 0.000000 0.000000
0.448864 -73.274072 15.039184 0.000000 0.000000 0.000000
-0.612842 -73.492660 14.040241 0.000000 0.000000 0.000000
-2.585862 -73.479956 12.174915 0.000000 0.000000 0.000000
0.580849 -73.508044 12.526343 0.000000 0.000000 0.000000
-3.248916 -73.589692 11.095497 0.000000 0.000000 0.000000
0.239012 -73.479420 9.842417 0.000000 0.000000 0.000000
-1.142291 -73.646300 8.892945 0.000000 0.000000 0.000000
0.251723 -73.606340 9.004595 0.000000 0.000000 0.000000
-3.027640 -72.847608 82.250261 0.000000 0.000000 0.000000
-0.483966 -72.822060 79.862060 0.000000 0.000000 0.000000
-2.843733 -72.866810 79.383459 0.000000 0.000000 0.000000
-3.222182 -72.818250 77.090152 0.000000 0.000000 0.000000
-1.279696 -72.875232 75.852817 0.000000 0.000000 0.000000
-3.132628 -72.860712 73.171965 0.000000 0.000000 0.000000
-0.919259 -72.846720 71.359252 0.000000 0.000000 0.000000
-3.320450 -72.869616 70.491664 0.000000 0.000000 0.000000
-3.367791 -72.832276 68.593838 0.000000 0.000000 0.000000
-0.202538 -72.835328 67.082044 0.000000 0.000000 0.000000
-1.530555 -72.878430 64.188969 0.000000 0.000000 0.000000
-3.063952 -72.922552 63.508086 0.000000 0.000000 0.000000
-0.239155 -72.914340 61.931529 0.000000 0.000000 0.000000
-1.277323 -72.966926 59.049053 0.000000 0.000000 0.000000
-3.131144 -72.963348 57.350495 0.000000 0.000000 0.000000
-1.480866 -72.949146 56.140859 0.000000 0.000000 0.000000
0.097381 -70.351460 131.381066 0.000000 0.000000 0.000000
-1.395528 -70.428644 131.483292 0.000000 0.000000 0.000000
-4.921708 -72.832420 131.533454 0.000000 0.000000 0.000000
0.192723 -70.607788 130.068507 0.000000 0.000000 0.000000
-1.617460 -70.725250 129.163017 0.000000 0.000000 0.000000
0.060335 -70.831872 128.066687 0.000000 0.000000 0.000000
-1.401336 -70.968206 127.683184 0.000000 0.000000 0.000000
-2.167580 -71.191740 125.894002 0.000000 0.000000 0.000000
0.146118 -71.335220 124.719784 0.000000 0.000000 0.000000
-3.185672 -71.442792 124.376489 0.000000 0.000000 0.000000
-1.938056 -71.675200 122.213205 0.000000 0.000000 0.000000
-1.077637 -71.830580 120.533322 0.000000 0.000000 0.000000
-1.944138 -71.895172 119.513921 0.000000 0.000000 0.000000
-0.198047 -71.984606 117.858464 0.000000 0.000000 0.000000
-0.493198 -72.035520 114.774569 0.000000 0.000000 0.000000
-2.963983 -72.073468 113.196906 0.000000 0.000000 0.000000
-0.735047 -72.165588 112.617201 0.000000 0.000000 0.000000
1.535741 -72.894820 32.221212 0.000000 0.000000 0.000000
3.145809 -72.899360 28.174680 0.000000 0.000000 0.000000
5.642300 -66.077674 154.462309 0.000000 0.000000 0.000000
6.562036 -66.750840 152.006054 0.000000 0.000000 0.000000
3.788037 -67.012628 151.138603 0.000000 0.000000 0.000000
6.613437 -67.242010 148.370593 0.000000 0.000000 0.000000
6.604304 -67.551196 147.336131 0.000000 0.000000 0.000000
3.663633 -67.863880 145.401494 0.000000 0.000000 0.000000
3.823068 -68.130256 143.939030 0.000000 0.000000 0.000000
2.825204 -68.501208 142.496862 0.000000 0.000000 0.000000
4.124339 -68.353846 141.783480 0.000000 0.000000 0.000000
2.507120 -68.784220 139.487010 0.000000 0.000000 0.000000
6.806347 -68.651700 139.775526 0.000000 0.000000 0.000000
2.004061 -73.269086 24.698568 0.000000 0.000000 0.000000
3.076794 -73.380040 22.651804 0.000000 0.000000 0.000000
3.333602 -73.205800 21.193214 0.000000 0.000000 0.000000
1.568802 -73.490484 13.744480 0.000000 0.000000 0.000000
4.602271 -69.155084 137.541222 0.000000 0.000000 0.000000
1.770073 -69.274316 137.970121 0.000000 0.000000 0.000000
2.783134 -69.511432 135.975158 0.000000 0.000000 0.000000
1.270750 -69.804144 134.479163 0.000000 0.000000 0.000000
3.266787 -70.076440 133.124214 0.000000 0.000000 0.000000
# Line 2: n=18 a=(-25.459,-77.737,176.422) b=(0.449,0.108,-0.887) start=(-47.505,-83.022,219.966) end=(1.622,-71.246,122.935)
# x y z globalTime peakAmplitude integratedCharge
-46.375000 -83.337975 220.500000 0.000000 0.000000 0.000000
-44.625000 -82.899618 217.000000 0.000000 0.000000 0.000000
-39.375000 -81.273547 206.500000 0.000000 0.000000 0.000000
-37.625000 -80.524354 199.500000 0.000000 0.000000 0.000000
-34.125000 -79.615841 192.500000 0.000000 0.000000 0.000000
-32.375000 -79.093386 189.000000 0.000000 0.000000 0.000000
-30.625000 -78.671354 185.500000 0.000000 0.000000 0.000000
-28.875000 -78.291983 182.000000 0.000000 0.000000 0.000000
-27.125000 -77.775807 178.500000 0.000000 0.000000 0.000000
-25.375000 -77.482644 175.000000 0.000000 0.000000 0.000000
-23.625000 -77.028998 171.500000 0.000000 0.000000 0.000000
-21.875000 -76.649750 168.000000 0.000000 0.000000 0.000000
-20.125000 -76.381150 164.500000 0.000000 0.000000 0.000000
-18.375000 -76.026099 161.000000 0.000000 0.000000 0.000000
3.248081 -71.066436 125.557560 0.000000 0.000000 0.000000
1.819626 -71.350880 123.021753 0.000000 0.000000 0.000000
-7.364122 -74.065180 139.589496 0.000000 0.000000 0.000000
-6.120145 -72.800740 129.645996 0.000000 0.000000 0.000000
