# Event 2571
# Params: dx_requested=3.731102 dx_event(vote)=3.731102 rline(inlier)=3.731102 minvotes=4 nstart=2 cover=0.800 nlines=4
# HoughMemory: requested_MB=80.062 allocated_MB=80.062 num_x=128 directions=1281 coarsened=0 maxmem_MB=0.000
# N0=91 assigned=91 remaining_after_force=0
# Line 1: n=60 a=(-2.825,-67.038,50.857) b=(0.169,0.046,-0.985) start=(-9.039,-68.734,87.042) end=(4.316,-65.090,9.265)
# x y z globalTime peakAmplitude integratedCharge
-1.589597 -66.841240 53.872769 0.000000 0.000000 0.000000
-3.664334 -66.873780 53.952034 0.000000 0.000000 0.000000
-2.073019 -66.730036 52.215570 0.000000 0.000000 0.000000
-5.002683 -66.703766 52.497266 0.000000 0.000000 0.000000
-3.323702 -66.612920 50.062947 0.000000 0.000000 0.000000
-0.294298 -66.508648 48.717360 0.000000 0.000000 0.000000
-2.650552 -66.421534 46.577506 0.000000 0.000000 0.000000
-0.645567 -66.324160 45.528398 0.000000 0.000000 0.000000
1.567614 -66.159680 43.189723 0.000000 0.000000 0.000000
-0.405518 -66.201684 43.880016 0.000000 0.000000 0.000000
1.162821 -66.086140 42.462155 0.000000 0.000000 0.000000
-2.761074 -66.070080 41.953337 0.000000 0.000000 0.000000
1.112075 -65.920840 39.702568 0.000000 0.000000 0.000000
-0.455206 -66.034130 40.500062 0.000000 0.000000 0.000000
0.184188 -65.762274 39.056694 0.000000 0.000000 0.000000
0.240706 -65.659272 36.938606 0.000000 0.000000 0.000000
1.214083 -65.582404 34.823062 0.000000 0.000000 0.000000
0.175973 -65.516940 32.562707 0.000000 0.000000 0.000000
2.860558 -65.539014 32.085178 0.000000 0.000000 0.000000
3.404830 -65.587128 30.246502 0.000000 0.000000 0.000000
3.140009 -65.605212 27.991705 0.000000 0.000000 0.000000
1.226966 -65.857734 25.808367 0.000000 0.000000 0.000000
1.110651 -65.913696 24.131355 0.000000 0.000000 0.000000
0.815117 -65.986872 22.403825 0.000000 0.000000 0.000000
0.062559 -66.030100 20.791887 0.000000 0.000000 0.000000
1.179143 -66.059974 19.625690 0.000000 0.000000 0.000000
1.645158 -66.106916 17.810735 0.000000 0.000000 0.000000
1.279970 -66.165174 16.111438 0.000000 0.000000 0.000000
3.185286 -66.266360 14.114938 0.000000 0.000000 0.000000
1.871289 -66.424774 11.091884 0.000000 0.000000 0.000000
3.245602 -66.514356 9.014689 0.000000 0.000000 0.000000
-5.515442 -68.281854 73.370403 0.000000 0.000000 0.000000
-5.536965 -68.192328 71.352141 0.000000 0.000000 0.000000
-6.938866 -68.055680 70.314111 0.000000 0.000000 0.000000
-4.868695 -67.945936 68.833831 0.000000 0.000000 0.000000
-6.657267 -67.825446 66.511554 0.000000 0.000000 0.000000
-6.038132 -67.715588 64.320120 0.000000 0.000000 0.000000
-4.462518 -67.641440 62.915658 0.000000 0.000000 0.000000
-5.718406 -67.502856 61.074745 0.000000 0.000000 0.000000
-4.494529 -67.405994 59.581686 0.000000 0.000000 0.000000
-1.842152 -67.388196 59.321173 0.000000 0.000000 0.000000
-5.664584 -67.269324 57.847212 0.000000 0.000000 0.000000
-1.058923 -67.276904 57.473366 0.000000 0.000000 0.000000
-4.329063 -67.179340 55.980729 0.000000 0.000000 0.000000
-7.641647 -69.138854 87.262907 0.000000 0.000000 0.000000
-7.595339 -69.013110 85.069114 0.000000 0.000000 0.000000
-7.537267 -68.964588 83.797989 0.000000 0.000000 0.000000
-9.153855 -68.888640 81.758077 0.000000 0.000000 0.000000
-8.022677 -68.795900 80.672023 0.000000 0.000000 0.000000
-7.188530 -68.726000 79.441645 0.000000 0.000000 0.000000
-7.601497 -68.597420 77.062890 0.000000 0.000000 0.000000
-9.960748 -68.488540 75.578182 0.000000 0.000000 0.000000
-8.203124 -68.354100 73.693445 0.000000 0.000000 0.000000
-7.089999 -68.263916 71.837997 0.000000 0.000000 0.000000
-8.143163 -68.143080 70.202450 0.000000 0.000000 0.000000
-7.559007 -68.086846 67.932325 0.000000 0.000000 0.000000
-10.046317 -67.981086 65.911246 0.000000 0.000000 0.000000
3.137904 -66.356840 47.676522 0.000000 0.000000 0.000000
0.450137 -66.328460 11.685388 0.000000 0.000000 0.000000
-0.498264 -67.167540 55.927238 0.000000 0.000000 0.000000
# Line 2: n=31 a=(60.737,-45.293,153.276) b=(0.438,0.143,0.888) start=(6.255,-63.125,42.744) end=(94.140,-34.360,221.043)
# x y z globalTime peakAmplitude integratedCharge
14.875000 -60.833462 59.500000 0.000000 0.000000 0.000000
20.125000 -58.976740 70.000000 0.000000 0.000000 0.000000
21.875000 -58.125034 77.000000 0.000000 0.000000 0.000000
28.875000 -56.037491 87.500000 0.000000 0.000000 0.000000
34.125000 -53.690030 101.500000 0.000000 0.000000 0.000000
37.625000 -52.912510 105.000000 0.000000 0.000000 0.000000
39.375000 -52.361929 108.500000 0.000000 0.000000 0.000000
41.125000 -51.845307 112.000000 0.000000 0.000000 0.000000
42.875000 -50.927629 119.000000 0.000000 0.000000 0.000000
48.125000 -49.059460 129.500000 0.000000 0.000000 0.000000
53.375000 -47.470775 136.500000 0.000000 0.000000 0.000000
53.375000 -47.308861 140.000000 0.000000 0.000000 0.000000
56.875000 -46.510606 143.500000 0.000000 0.000000 0.000000
58.625000 -45.551913 150.500000 0.000000 0.000000 0.000000
62.125000 -44.589005 154.000000 0.000000 0.000000 0.000000
63.875000 -44.270476 157.500000 0.000000 0.000000 0.000000
67.375000 -42.836653 168.000000 0.000000 0.000000 0.000000
69.125000 -42.276090 171.500000 0.000000 0.000000 0.000000
74.375000 -40.583789 182.000000 0.000000 0.000000 0.000000
77.875000 -39.568315 189.000000 0.000000 0.000000 0.000000
79.625000 -39.051412 192.500000 0.000000 0.000000 0.000000
83.125000 -37.865536 199.500000 0.000000 0.000000 0.000000
86.625000 -37.063056 203.000000 0.000000 0.000000 0.000000
86.625000 -36.926370 206.500000 0.000000 0.000000 0.000000
88.375000 -36.338131 210.000000 0.000000 0.000000 0.000000
90.125000 -35.766600 213.500000 0.000000 0.000000 0.000000
91.875000 -35.183895 217.000000 0.000000 0.000000 0.000000
93.625000 -34.798239 220.500000 0.000000 0.000000 0.000000
95.375000 -34.769943 220.500000 0.000000 0.000000 0.000000
72.625000 -40.657583 182.000000 0.000000 0.000000 0.000000
3.191729 -66.243444 44.757483 0.000000 0.000000 0.000000
