# Event 29
# Params: dx_requested=3.416683 dx_event(vote)=3.416683 rline(inlier)=3.416683 minvotes=4 nstart=2 cover=0.800 nlines=4
# HoughMemory: requested_MB=80.062 allocated_MB=80.062 num_x=128 directions=1281 coarsened=0 maxmem_MB=0.000
# N0=168 assigned=168 remaining_after_force=0
# Line 1: n=150 a=(3.554,-74.791,69.611) b=(-0.001,0.017,-1.000) start=(3.721,-77.378,220.149) end=(3.487,-73.743,8.594)
# x y z globalTime peakAmplitude integratedCharge
4.288631 -74.186152 53.729841 0.000000 0.000000 0.000000
2.309839 -74.195324 53.726792 0.000000 0.000000 0.000000
3.870796 -74.153724 51.131824 0.000000 0.000000 0.000000
0.741074 -74.198254 51.281961 0.000000 0.000000 0.000000
5.708130 -74.171800 49.453064 0.000000 0.000000 0.000000
3.139198 -74.102868 49.712210 0.000000 0.000000 0.000000
3.938438 -74.144274 47.952234 0.000000 0.000000 0.000000
1.282775 -74.217150 47.208680 0.000000 0.000000 0.000000
4.533161 -74.142680 45.567902 0.000000 0.000000 0.000000
1.330573 -74.143714 45.028591 0.000000 0.000000 0.000000
6.568073 -74.125048 43.998700 0.000000 0.000000 0.000000
3.219651 -74.135528 44.388542 0.000000 0.000000 0.000000
4.462533 -74.113250 42.293274 0.000000 0.000000 0.000000
0.566203 -74.194040 41.595075 0.000000 0.000000 0.000000
5.656733 -74.057040 39.670337 0.000000 0.000000 0.000000
4.206105 -74.026770 38.933117 0.000000 0.000000 0.000000
0.752376 -74.076470 38.129712 0.000000 0.000000 0.000000
4.717091 -74.074164 37.119707 0.000000 0.000000 0.000000
1.964539 -74.086248 36.205430 0.000000 0.000000 0.000000
4.783305 -74.057490 35.377305 0.000000 0.000000 0.000000
2.120524 -74.086328 35.672672 0.000000 0.000000 0.000000
5.259294 -74.026800 32.546610 0.000000 0.000000 0.000000
2.691111 -74.039556 33.400490 0.000000 0.000000 0.000000
4.731341 -74.068774 31.222502 0.000000 0.000000 0.000000
2.403534 -74.022132 32.042040 0.000000 0.000000 0.000000
4.271739 -74.013824 30.189115 0.000000 0.000000 0.000000
3.101987 -74.000428 29.302778 0.000000 0.000000 0.000000
5.004770 -74.015106 27.900514 0.000000 0.000000 0.000000
1.258046 -74.058060 27.894235 0.000000 0.000000 0.000000
5.025289 -75.240948 110.666328 0.000000 0.000000 0.000000
0.722152 -75.318268 110.551082 0.000000 0.000000 0.000000
3.954115 -75.192792 109.079554 0.000000 0.000000 0.000000
2.024220 -75.257984 108.518194 0.000000 0.000000 0.000000
5.638553 -75.130240 106.522205 0.000000 0.000000 0.000000
0.846093 -75.150854 107.435759 0.000000 0.000000 0.000000
4.105095 -75.110590 104.661129 0.000000 0.000000 0.000000
0.990473 -75.097180 104.620307 0.000000 0.000000 0.000000
6.136751 -75.044580 103.530466 0.000000 0.000000 0.000000
0.238443 -75.066120 102.500376 0.000000 0.000000 0.000000
3.994368 -74.999908 102.063298 0.000000 0.000000 0.000000
1.455299 -75.062408 100.777461 0.000000 0.000000 0.000000
5.644397 -75.011114 100.362053 0.000000 0.000000 0.000000
2.995291 -74.990460 100.084212 0.000000 0.000000 0.000000
4.290312 -74.967286 97.733221 0.000000 0.000000 0.000000
2.179215 -75.009124 98.153387 0.000000 0.000000 0.000000
6.425192 -74.952508 95.802976 0.000000 0.000000 0.000000
3.385299 -74.940906 96.447712 0.000000 0.000000 0.000000
6.416788 -74.904504 94.836941 0.000000 0.000000 0.000000
0.639440 -74.932556 94.108522 0.000000 0.000000 0.000000
6.902757 -74.869672 93.304585 0.000000 0.000000 0.000000
3.384532 -74.953656 93.102281 0.000000 0.000000 0.000000
3.675194 -74.863874 90.891148 0.000000 0.000000 0.000000
0.614486 -74.826360 91.074939 0.000000 0.000000 0.000000
5.592152 -74.796180 88.930891 0.000000 0.000000 0.000000
0.661906 -74.831500 89.417555 0.000000 0.000000 0.000000
5.550484 -74.783606 87.101148 0.000000 0.000000 0.000000
2.716456 -74.816980 87.207772 0.000000 0.000000 0.000000
6.129757 -74.754640 85.392080 0.000000 0.000000 0.000000
3.369600 -74.834436 85.401824 0.000000 0.000000 0.000000
6.367406 -74.678016 83.413527 0.000000 0.000000 0.000000
2.356515 -74.701140 83.618990 0.000000 0.000000 0.000000
1.405919 -74.229290 25.913981 0.000000 0.000000 0.000000
5.424860 -74.174304 26.113830 0.000000 0.000000 0.000000
1.326518 -74.256428 24.377708 0.000000 0.000000 0.000000
4.718565 -74.226624 25.081146 0.000000 0.000000 0.000000
2.081966 -74.241204 22.185321 0.000000 0.000000 0.000000
4.854438 -74.286440 23.112673 0.000000 0.000000 0.000000
2.305240 -74.323060 20.923743 0.000000 0.000000 0.000000
5.684056 -74.292590 21.301056 0.000000 0.000000 0.000000
1.700077 -74.307330 19.286877 0.000000 0.000000 0.000000
3.572441 -74.252216 18.656675 0.000000 0.000000 0.000000
1.769957 -74.313452 17.067958 0.000000 0.000000 0.000000
5.482719 -74.269390 17.374897 0.000000 0.000000 0.000000
3.157854 -74.324652 16.357775 0.000000 0.000000 0.000000
5.679457 -74.328120 15.011292 0.000000 0.000000 0.000000
1.820284 -74.392432 13.329803 0.000000 0.000000 0.000000
4.978901 -74.326892 14.689381 0.000000 0.000000 0.000000
2.337095 -74.348900 11.800396 0.000000 0.000000 0.000000
6.423233 -74.374476 12.614641 0.000000 0.000000 0.000000
1.026712 -74.480960 10.521812 0.000000 0.000000 0.000000
5.510033 -74.464980 9.796647 0.000000 0.000000 0.000000
1.087557 -74.568836 8.674067 0.000000 0.000000 0.000000
4.950708 -74.525720 8.578999 0.000000 0.000000 0.000000
2.306552 -74.884014 81.667517 0.000000 0.000000 0.000000
4.998718 -74.825164 82.251270 0.000000 0.000000 0.000000
0.873253 -74.835926 79.877264 0.000000 0.000000 0.000000
5.055715 -74.788488 80.717489 0.000000 0.000000 0.000000
1.611895 -74.782086 79.160258 0.000000 0.000000 0.000000
4.265469 -74.741760 78.769511 0.000000 0.000000 0.000000
0.897200 -74.733288 77.275367 0.000000 0.000000 0.000000
4.171708 -74.746094 77.054621 0.000000 0.000000 0.000000
2.369489 -74.685070 75.425513 0.000000 0.000000 0.000000
6.396953 -74.625628 74.707690 0.000000 0.000000 0.000000
2.429473 -74.664454 73.278976 0.000000 0.000000 0.000000
6.540908 -74.659980 74.058565 0.000000 0.000000 0.000000
2.529006 -74.611194 72.427747 0.000000 0.000000 0.000000
6.098513 -74.623200 71.908167 0.000000 0.000000 0.000000
1.384173 -74.609376 70.298486 0.000000 0.000000 0.000000
4.105914 -74.538372 70.281013 0.000000 0.000000 0.000000
1.788376 -74.580048 68.249555 0.000000 0.000000 0.000000
6.311851 -74.539190 67.617020 0.000000 0.000000 0.000000
1.987647 -74.486548 66.856361 0.000000 0.000000 0.000000
5.124808 -74.552630 66.711494 0.000000 0.000000 0.000000
2.232850 -74.489972 64.041974 0.000000 0.000000 0.000000
4.780858 -74.490466 64.536360 0.000000 0.000000 0.000000
3.408680 -74.479896 62.375898 0.000000 0.000000 0.000000
5.277480 -74.492266 62.851324 0.000000 0.000000 0.000000
1.389063 -74.509540 60.815152 0.000000 0.000000 0.000000
4.752472 -74.497114 60.754339 0.000000 0.000000 0.000000
1.547616 -74.488360 59.897014 0.000000 0.000000 0.000000
3.955426 -74.478620 59.335940 0.000000 0.000000 0.000000
2.476708 -74.489856 57.340554 0.000000 0.000000 0.000000
4.758462 -74.443164 58.329995 0.000000 0.000000 0.000000
2.939118 -74.411560 56.371156 0.000000 0.000000 0.000000
5.421442 -74.412380 55.899989 0.000000 0.000000 0.000000
1.474653 -78.042248 133.057325 0.000000 0.000000 0.000000
5.359272 -77.258710 129.423543 0.000000 0.000000 0.000000
5.293287 -76.926764 128.252512 0.000000 0.000000 0.000000
2.090800 -77.143670 127.008364 0.000000 0.000000 0.000000
6.173605 -76.513092 126.663033 0.000000 0.000000 0.000000
1.871059 -76.870386 125.334385 0.000000 0.000000 0.000000
4.063782 -76.257226 124.406018 0.000000 0.000000 0.000000
0.799819 -76.576270 124.708014 0.000000 0.000000 0.000000
5.070265 -76.062116 122.626621 0.000000 0.000000 0.000000
2.838864 -76.288214 122.990142 0.000000 0.000000 0.000000
5.994140 -75.897590 120.410946 0.000000 0.000000 0.000000
2.813042 -76.061414 120.786486 0.000000 0.000000 0.000000
3.586103 -75.730560 118.594056 0.000000 0.000000 0.000000
0.984226 -75.769788 119.488192 0.000000 0.000000 0.000000
5.404806 -75.626752 117.639100 0.000000 0.000000 0.000000
2.006948 -75.591132 117.204510 0.000000 0.000000 0.000000
4.643647 -75.571734 115.630214 0.000000 0.000000 0.000000
3.267253 -75.616720 116.005344 0.000000 0.000000 0.000000
6.799655 -75.510412 114.285419 0.000000 0.000000 0.000000
2.829280 -75.588276 113.673505 0.000000 0.000000 0.000000
6.093189 -75.451026 111.877308 0.000000 0.000000 0.000000
2.697346 -75.534300 112.697572 0.000000 0.000000 0.000000
14.875000 -69.477572 147.000000 0.000000 0.000000 0.000000
16.625000 -68.646810 150.500000 0.000000 0.000000 0.000000
21.875000 -65.672993 164.500000 0.000000 0.000000 0.000000
25.375000 -63.608817 175.000000 0.000000 0.000000 0.000000
27.125000 -62.843667 178.500000 0.000000 0.000000 0.000000
30.625000 -60.819000 189.000000 0.000000 0.000000 0.000000
32.375000 -59.944612 192.500000 0.000000 0.000000 0.000000
35.875000 -57.851843 203.000000 0.000000 0.000000 0.000000
41.125000 -55.134857 217.000000 0.000000 0.000000 0.000000
42.875000 -54.408450 220.500000 0.000000 0.000000 0.000000
6.765960 -74.169020 51.865245 0.000000 0.000000 0.000000
0.131115 -74.194970 53.111567 0.000000 0.000000 0.000000
0.282593 -74.095594 40.088609 0.000000 0.000000 0.000000
# Line 2: n=18 a=(-0.368,-79.358,140.020) b=(0.120,0.191,-0.974) start=(-1.700,-81.488,150.879) end=(0.941,-77.265,129.349)
# x y z globalTime peakAmplitude integratedCharge
-0.230067 -82.199952 150.919870 0.000000 0.000000 0.000000
-3.306122 -81.112500 148.437301 0.000000 0.000000 0.000000
-2.599178 -80.540826 147.211865 0.000000 0.000000 0.000000
-0.172602 -80.284210 144.752095 0.000000 0.000000 0.000000
-3.260992 -79.890844 144.167252 0.000000 0.000000 0.000000
0.557254 -79.767614 143.140759 0.000000 0.000000 0.000000
-0.248152 -79.558120 141.889326 0.000000 0.000000 0.000000
0.088431 -79.458972 141.379046 0.000000 0.000000 0.000000
-2.233537 -79.216046 140.104620 0.000000 0.000000 0.000000
3.066295 -79.098280 139.817300 0.000000 0.000000 0.000000
3.330911 -78.949072 138.174818 0.000000 0.000000 0.000000
-0.641352 -79.060510 137.720046 0.000000 0.000000 0.000000
1.382695 -78.650672 135.838418 0.000000 0.000000 0.000000
-2.004590 -78.705854 136.685846 0.000000 0.000000 0.000000
0.051847 -78.325820 135.356419 0.000000 0.000000 0.000000
-0.651936 -78.398810 134.408673 0.000000 0.000000 0.000000
0.164428 -77.779090 131.147733 0.000000 0.000000 0.000000
0.086227 -77.450074 129.208093 0.000000 0.000000 0.000000
