# Event 361
# Params: dx_requested=3.437335 dx_event(vote)=3.437335 rline(inlier)=3.437335 minvotes=4 nstart=2 cover=0.800 nlines=4
# HoughMemory: requested_MB=80.062 allocated_MB=80.062 num_x=128 directions=1281 coarsened=0 maxmem_MB=0.000
# N0=106 assigned=106 remaining_after_force=0
# Line 1: n=86 a=(7.956,-72.561,65.283) b=(0.026,-0.009,-1.000) start=(6.302,-71.993,129.054) end=(9.434,-73.068,8.263)
# x y z globalTime peakAmplitude integratedCharge
4.525769 -71.604914 107.771894 0.000000 0.000000 0.000000
4.961199 -71.695640 106.898123 0.000000 0.000000 0.000000
5.271738 -71.776580 105.614200 0.000000 0.000000 0.000000
5.792794 -71.858448 103.828599 0.000000 0.000000 0.000000
4.146390 -71.941144 101.423935 0.000000 0.000000 0.000000
6.684915 -72.005396 99.353065 0.000000 0.000000 0.000000
5.539202 -72.100268 98.038804 0.000000 0.000000 0.000000
6.261784 -72.212976 96.661134 0.000000 0.000000 0.000000
6.007781 -72.290606 93.900861 0.000000 0.000000 0.000000
4.915927 -72.389386 92.157631 0.000000 0.000000 0.000000
6.764680 -72.493268 90.692052 0.000000 0.000000 0.000000
5.237871 -72.598736 89.162771 0.000000 0.000000 0.000000
4.402401 -73.153296 8.132885 0.000000 0.000000 0.000000
4.557118 -71.386036 119.189612 0.000000 0.000000 0.000000
5.250741 -71.484234 116.812402 0.000000 0.000000 0.000000
6.559381 -71.493354 116.194231 0.000000 0.000000 0.000000
5.296886 -71.622772 112.337241 0.000000 0.000000 0.000000
7.543591 -72.128320 101.198539 0.000000 0.000000 0.000000
8.847612 -72.124572 99.240108 0.000000 0.000000 0.000000
9.833636 -72.211786 97.338039 0.000000 0.000000 0.000000
8.638976 -72.339760 96.917047 0.000000 0.000000 0.000000
7.773562 -72.416186 94.088707 0.000000 0.000000 0.000000
7.189325 -72.488190 93.094274 0.000000 0.000000 0.000000
8.919438 -72.569586 91.717143 0.000000 0.000000 0.000000
8.683778 -72.664996 89.342970 0.000000 0.000000 0.000000
10.342064 -72.749206 88.114260 0.000000 0.000000 0.000000
10.104371 -72.843664 85.748153 0.000000 0.000000 0.000000
7.177914 -72.941820 83.697418 0.000000 0.000000 0.000000
7.739555 -73.036792 81.740144 0.000000 0.000000 0.000000
7.445307 -73.059870 81.084512 0.000000 0.000000 0.000000
9.397605 -73.027674 78.187259 0.000000 0.000000 0.000000
9.251825 -73.015576 77.388587 0.000000 0.000000 0.000000
10.253352 -72.989752 75.974073 0.000000 0.000000 0.000000
8.061538 -72.989466 73.041953 0.000000 0.000000 0.000000
9.509490 -72.944620 71.608309 0.000000 0.000000 0.000000
7.318867 -72.941700 69.768889 0.000000 0.000000 0.000000
9.455602 -72.849414 67.946233 0.000000 0.000000 0.000000
7.605976 -72.841314 66.062488 0.000000 0.000000 0.000000
9.191649 -72.816080 64.284076 0.000000 0.000000 0.000000
9.282768 -72.815644 62.687483 0.000000 0.000000 0.000000
9.011439 -72.791132 60.933369 0.000000 0.000000 0.000000
10.352959 -72.746070 60.170840 0.000000 0.000000 0.000000
10.403510 -72.722436 58.182439 0.000000 0.000000 0.000000
8.231546 -72.738806 56.170290 0.000000 0.000000 0.000000
8.096946 -72.748040 53.833977 0.000000 0.000000 0.000000
8.286382 -72.720172 52.557214 0.000000 0.000000 0.000000
9.061364 -72.679420 50.980064 0.000000 0.000000 0.000000
7.597811 -72.688260 48.550963 0.000000 0.000000 0.000000
9.930528 -72.677770 47.294963 0.000000 0.000000 0.000000
7.192858 -72.681660 45.780389 0.000000 0.000000 0.000000
8.775248 -72.731840 43.953331 0.000000 0.000000 0.000000
10.329443 -72.686280 42.174829 0.000000 0.000000 0.000000
8.037600 -72.683710 40.374544 0.000000 0.000000 0.000000
8.047899 -72.662240 39.122408 0.000000 0.000000 0.000000
8.835715 -72.663600 36.709717 0.000000 0.000000 0.000000
8.596845 -72.662500 35.145161 0.000000 0.000000 0.000000
7.271606 -72.683246 32.536706 0.000000 0.000000 0.000000
8.330370 -72.658500 31.305179 0.000000 0.000000 0.000000
8.124479 -72.706900 30.216637 0.000000 0.000000 0.000000
8.869245 -72.651752 28.270742 0.000000 0.000000 0.000000
9.683405 -72.681420 26.220264 0.000000 0.000000 0.000000
8.444261 -72.679060 23.785630 0.000000 0.000000 0.000000
7.363867 -72.700916 22.801000 0.000000 0.000000 0.000000
9.579361 -72.720190 21.190433 0.000000 0.000000 0.000000
9.057048 -72.783306 19.894073 0.000000 0.000000 0.000000
8.892929 -72.784528 18.114470 0.000000 0.000000 0.000000
9.642585 -72.821192 15.547185 0.000000 0.000000 0.000000
8.432313 -72.826324 14.139271 0.000000 0.000000 0.000000
9.368544 -72.876636 11.810706 0.000000 0.000000 0.000000
9.290307 -72.957476 10.380593 0.000000 0.000000 0.000000
9.967250 -73.069232 8.527734 0.000000 0.000000 0.000000
3.684884 -71.523168 110.289482 0.000000 0.000000 0.000000
0.948743 -71.578870 110.269679 0.000000 0.000000 0.000000
2.284535 -71.532836 109.026201 0.000000 0.000000 0.000000
3.088992 -70.822906 128.960577 0.000000 0.000000 0.000000
2.108216 -71.087708 127.945171 0.000000 0.000000 0.000000
0.903832 -71.176824 126.631852 0.000000 0.000000 0.000000
0.712217 -71.169934 124.468886 0.000000 0.000000 0.000000
0.409334 -71.262848 122.408369 0.000000 0.000000 0.000000
0.409990 -71.302220 121.114981 0.000000 0.000000 0.000000
3.401731 -71.404040 118.597984 0.000000 0.000000 0.000000
0.981700 -71.423486 116.661475 0.000000 0.000000 0.000000
3.315691 -71.463250 114.816458 0.000000 0.000000 0.000000
3.942073 -71.523432 114.037008 0.000000 0.000000 0.000000
1.283674 -71.581916 113.240026 0.000000 0.000000 0.000000
0.361054 -71.599072 112.642533 0.000000 0.000000 0.000000
# Line 2: n=20 a=(42.262,-84.393,158.725) b=(0.380,-0.141,0.914) start=(14.217,-73.968,91.312) end=(66.379,-93.357,216.695)
# x y z globalTime peakAmplitude integratedCharge
14.875000 -74.220205 91.000000 0.000000 0.000000 0.000000
18.375000 -75.611807 101.500000 0.000000 0.000000 0.000000
20.125000 -76.260214 105.000000 0.000000 0.000000 0.000000
21.875000 -77.131766 112.000000 0.000000 0.000000 0.000000
25.375000 -78.252090 119.000000 0.000000 0.000000 0.000000
27.125000 -78.889364 122.500000 0.000000 0.000000 0.000000
32.375000 -80.844824 136.500000 0.000000 0.000000 0.000000
35.875000 -81.897779 143.500000 0.000000 0.000000 0.000000
37.625000 -82.420047 147.000000 0.000000 0.000000 0.000000
39.375000 -83.052843 150.500000 0.000000 0.000000 0.000000
46.375000 -85.578410 168.000000 0.000000 0.000000 0.000000
48.125000 -86.193458 171.500000 0.000000 0.000000 0.000000
51.625000 -87.702591 182.000000 0.000000 0.000000 0.000000
53.375000 -88.298150 185.500000 0.000000 0.000000 0.000000
55.125000 -88.931100 189.000000 0.000000 0.000000 0.000000
60.375000 -91.288522 203.000000 0.000000 0.000000 0.000000
62.125000 -91.933823 206.500000 0.000000 0.000000 0.000000
63.875000 -92.638108 210.000000 0.000000 0.000000 0.000000
65.625000 -93.296604 213.500000 0.000000 0.000000 0.000000
65.625000 -93.417444 217.000000 0.000000 0.000000 0.000000
