# Event 2726
# Params: dx_requested=3.354477 dx_event(vote)=3.354477 rline(inlier)=3.354477 minvotes=4 nstart=2 cover=0.800 nlines=4
# HoughMemory: requested_MB=80.062 allocated_MB=80.062 num_x=128 directions=1281 coarsened=0 maxmem_MB=0.000
# N0=101 assigned=101 remaining_after_force=0
# Line 1: n=81 a=(-4.639,-66.402,72.288) b=(0.017,0.005,1.000) start=(-5.710,-66.735,8.179) end=(-3.702,-66.111,128.391)
# x y z globalTime peakAmplitude integratedCharge
-4.399635 -66.098320 54.696738 0.000000 0.000000 0.000000
-4.017246 -66.156226 53.013613 0.000000 0.000000 0.000000
-6.087950 -66.222016 51.427935 0.000000 0.000000 0.000000
-5.908119 -66.271894 48.623889 0.000000 0.000000 0.000000
-3.967918 -66.266956 46.538267 0.000000 0.000000 0.000000
-6.132351 -66.313312 45.963204 0.000000 0.000000 0.000000
-4.314706 -66.337628 44.050310 0.000000 0.000000 0.000000
-5.724087 -66.326460 42.067048 0.000000 0.000000 0.000000
-4.543148 -66.363854 40.296052 0.000000 0.000000 0.000000
-5.079546 -66.423320 38.236718 0.000000 0.000000 0.000000
-4.053013 -66.451532 37.462235 0.000000 0.000000 0.000000
-3.757941 -66.532160 35.641181 0.000000 0.000000 0.000000
-5.391506 -66.517536 33.576971 0.000000 0.000000 0.000000
-5.860734 -66.538708 31.250400 0.000000 0.000000 0.000000
-6.017539 -66.638480 29.793206 0.000000 0.000000 0.000000
-3.751755 -66.662256 28.729726 0.000000 0.000000 0.000000
-1.815861 -66.376568 110.138246 0.000000 0.000000 0.000000
-6.024890 -66.380896 109.554819 0.000000 0.000000 0.000000
-5.071308 -66.227508 108.315757 0.000000 0.000000 0.000000
-2.740935 -66.187616 107.103680 0.000000 0.000000 0.000000
-3.580077 -66.162744 106.908728 0.000000 0.000000 0.000000
-2.620540 -66.033360 104.631703 0.000000 0.000000 0.000000
-4.607560 -66.067028 104.596873 0.000000 0.000000 0.000000
-3.208428 -66.012256 102.841442 0.000000 0.000000 0.000000
-5.514818 -66.010230 102.934224 0.000000 0.000000 0.000000
-2.548896 -65.951940 101.257537 0.000000 0.000000 0.000000
-4.819882 -65.994780 101.469823 0.000000 0.000000 0.000000
-2.195622 -65.898540 99.959742 0.000000 0.000000 0.000000
-4.256189 -65.942060 100.161217 0.000000 0.000000 0.000000
-2.630972 -65.870416 97.958406 0.000000 0.000000 0.000000
-5.415963 -65.909736 97.660263 0.000000 0.000000 0.000000
-3.700697 -65.862792 93.959398 0.000000 0.000000 0.000000
-3.609228 -65.816046 92.831306 0.000000 0.000000 0.000000
-5.486044 -65.797186 90.858034 0.000000 0.000000 0.000000
-5.562454 -65.744184 89.044660 0.000000 0.000000 0.000000
-4.454616 -65.731592 88.048678 0.000000 0.000000 0.000000
-5.572171 -65.743994 85.997148 0.000000 0.000000 0.000000
-6.133379 -65.737060 83.744268 0.000000 0.000000 0.000000
-6.032299 -66.909360 25.777757 0.000000 0.000000 0.000000
-6.876274 -66.948670 24.642782 0.000000 0.000000 0.000000
-6.039582 -66.968640 22.409808 0.000000 0.000000 0.000000
-6.306473 -67.034466 20.632057 0.000000 0.000000 0.000000
-4.283633 -67.085596 19.493966 0.000000 0.000000 0.000000
-5.009228 -67.153436 18.144771 0.000000 0.000000 0.000000
-4.267898 -67.186908 15.496514 0.000000 0.000000 0.000000
-6.828264 -67.279572 14.221973 0.000000 0.000000 0.000000
-5.600385 -67.345380 12.185897 0.000000 0.000000 0.000000
-4.967205 -67.455694 10.723128 0.000000 0.000000 0.000000
-3.582732 -67.592310 8.147822 0.000000 0.000000 0.000000
-5.914832 -65.968720 81.800071 0.000000 0.000000 0.000000
-5.117579 -65.994166 80.121599 0.000000 0.000000 0.000000
-5.118091 -66.044232 79.118791 0.000000 0.000000 0.000000
-6.734550 -66.087768 76.417967 0.000000 0.000000 0.000000
-4.123566 -66.070508 72.938895 0.000000 0.000000 0.000000
-5.348807 -66.076288 71.706209 0.000000 0.000000 0.000000
-4.392472 -66.107214 70.592290 0.000000 0.000000 0.000000
-5.667487 -66.131788 68.848226 0.000000 0.000000 0.000000
-3.680255 -66.146220 66.650034 0.000000 0.000000 0.000000
-6.489724 -66.175480 64.778747 0.000000 0.000000 0.000000
-6.162534 -66.219874 62.855588 0.000000 0.000000 0.000000
-5.140024 -66.218226 59.857494 0.000000 0.000000 0.000000
-5.193083 -66.240960 57.084742 0.000000 0.000000 0.000000
-4.539826 -66.311254 56.140280 0.000000 0.000000 0.000000
-2.973112 -66.322754 128.379651 0.000000 0.000000 0.000000
-2.520997 -66.487300 125.470369 0.000000 0.000000 0.000000
-0.843800 -66.986320 123.172718 0.000000 0.000000 0.000000
-2.378917 -67.111944 119.565569 0.000000 0.000000 0.000000
-5.192856 -67.066180 118.857903 0.000000 0.000000 0.000000
-3.393705 -67.020208 117.508623 0.000000 0.000000 0.000000
-6.933390 -66.944256 117.404060 0.000000 0.000000 0.000000
-1.695034 -66.913480 115.396773 0.000000 0.000000 0.000000
-4.555524 -66.826800 115.876168 0.000000 0.000000 0.000000
-4.663777 -66.809466 113.351134 0.000000 0.000000 0.000000
-2.579756 -66.660644 112.546528 0.000000 0.000000 0.000000
-6.210547 -66.683148 111.956878 0.000000 0.000000 0.000000
-0.471547 -66.275244 109.194374 0.000000 0.000000 0.000000
-6.931770 -66.071204 75.296974 0.000000 0.000000 0.000000
-6.924666 -66.239800 60.869892 0.000000 0.000000 0.000000
-0.458658 -66.792908 124.803621 0.000000 0.000000 0.000000
-0.291100 -67.100320 120.803997 0.000000 0.000000 0.000000
-0.395195 -66.779548 113.267235 0.000000 0.000000 0.000000
# Line 2: n=20 a=(-22.880,-60.427,185.603) b=(0.181,-0.054,-0.982) start=(-29.360,-58.513,220.716) end=(-4.573,-65.834,86.391)
# x y z globalTime peakAmplitude integratedCharge
-30.625000 -58.833160 220.500000 0.000000 0.000000 0.000000
-28.875000 -59.029339 213.500000 0.000000 0.000000 0.000000
-28.875000 -58.865646 220.500000 0.000000 0.000000 0.000000
-27.125000 -59.220157 206.500000 0.000000 0.000000 0.000000
-27.125000 -59.188344 210.000000 0.000000 0.000000 0.000000
-27.125000 -59.127301 213.500000 0.000000 0.000000 0.000000
-25.375000 -59.551082 199.500000 0.000000 0.000000 0.000000
-25.375000 -59.479632 203.000000 0.000000 0.000000 0.000000
-23.625000 -60.162229 185.500000 0.000000 0.000000 0.000000
-23.625000 -60.106400 189.000000 0.000000 0.000000 0.000000
-23.625000 -60.023975 192.500000 0.000000 0.000000 0.000000
-21.875000 -60.494750 182.000000 0.000000 0.000000 0.000000
-20.125000 -61.070236 168.000000 0.000000 0.000000 0.000000
-20.125000 -61.011514 171.500000 0.000000 0.000000 0.000000
-18.375000 -61.427836 164.500000 0.000000 0.000000 0.000000
-16.625000 -62.133539 150.500000 0.000000 0.000000 0.000000
-16.625000 -62.081076 154.000000 0.000000 0.000000 0.000000
-6.722877 -65.873206 96.351105 0.000000 0.000000 0.000000
-7.942278 -66.007320 87.549194 0.000000 0.000000 0.000000
-9.598161 -66.119390 85.479408 0.000000 0.000000 0.000000
