# Event 4134
# Params: dx_requested=3.327498 dx_event(vote)=3.327498 rline(inlier)=3.327498 minvotes=4 nstart=2 cover=0.800 nlines=4
# HoughMemory: requested_MB=80.062 allocated_MB=80.062 num_x=128 directions=1281 coarsened=0 maxmem_MB=0.000
# N0=65 assigned=65 remaining_after_force=0
# Line 1: n=29 a=(1.441,-76.662,120.358) b=(0.178,-0.079,0.981) start=(-4.102,-74.188,89.798) end=(5.267,-78.370,141.455)
# x y z globalTime peakAmplitude integratedCharge
0.293670 -75.259296 110.103060 0.000000 0.000000 0.000000
-1.700289 -75.267316 109.534016 0.000000 0.000000 0.000000
-3.332131 -75.266992 108.887804 0.000000 0.000000 0.000000
-0.994981 -75.278480 106.212385 0.000000 0.000000 0.000000
-2.180985 -75.265992 105.309693 0.000000 0.000000 0.000000
-0.706205 -75.334228 102.232054 0.000000 0.000000 0.000000
-2.248807 -75.450160 94.540400 0.000000 0.000000 0.000000
-2.627364 -75.501812 89.424113 0.000000 0.000000 0.000000
5.652824 -78.471832 141.377103 0.000000 0.000000 0.000000
5.574499 -78.323160 140.182944 0.000000 0.000000 0.000000
6.352857 -78.516492 138.598264 0.000000 0.000000 0.000000
5.284629 -78.355420 137.138646 0.000000 0.000000 0.000000
5.385848 -78.099988 135.361210 0.000000 0.000000 0.000000
4.786061 -78.016114 133.115234 0.000000 0.000000 0.000000
2.509829 -77.960766 133.640047 0.000000 0.000000 0.000000
5.847859 -77.796246 131.764879 0.000000 0.000000 0.000000
3.103284 -77.728046 131.746732 0.000000 0.000000 0.000000
1.003730 -77.504140 129.925073 0.000000 0.000000 0.000000
0.583327 -77.298504 127.843486 0.000000 0.000000 0.000000
0.210898 -77.140400 125.371765 0.000000 0.000000 0.000000
0.964728 -76.884106 124.702794 0.000000 0.000000 0.000000
1.059842 -76.699328 122.187822 0.000000 0.000000 0.000000
2.263402 -76.530680 121.008528 0.000000 0.000000 0.000000
0.387989 -76.293740 119.638666 0.000000 0.000000 0.000000
1.170482 -76.109350 117.656521 0.000000 0.000000 0.000000
2.506424 -75.897448 115.801711 0.000000 0.000000 0.000000
3.323700 -75.743952 113.108605 0.000000 0.000000 0.000000
0.118905 -75.648084 112.466027 0.000000 0.000000 0.000000
-2.812567 -75.549506 111.515518 0.000000 0.000000 0.000000
# Line 2: n=19 a=(-2.229,-76.460,42.993) b=(0.037,0.022,0.999) start=(-3.461,-77.195,10.098) end=(-0.351,-75.340,93.106)
# x y z globalTime peakAmplitude integratedCharge
-4.008689 -76.272120 51.977342 0.000000 0.000000 0.000000
-1.964012 -76.155774 51.488265 0.000000 0.000000 0.000000
-0.541325 -76.190620 49.253161 0.000000 0.000000 0.000000
-2.231805 -76.284240 45.785098 0.000000 0.000000 0.000000
-0.736325 -76.317114 44.053532 0.000000 0.000000 0.000000
-2.046321 -76.412494 38.246503 0.000000 0.000000 0.000000
-3.166669 -76.445100 36.981181 0.000000 0.000000 0.000000
-3.387162 -76.482910 34.362256 0.000000 0.000000 0.000000
-1.018002 -76.637440 29.370240 0.000000 0.000000 0.000000
-2.220548 -76.683220 28.580951 0.000000 0.000000 0.000000
-0.111098 -75.492400 93.100879 0.000000 0.000000 0.000000
-0.240757 -75.529200 91.604344 0.000000 0.000000 0.000000
-1.157238 -75.517834 87.351195 0.000000 0.000000 0.000000
-2.308471 -77.006628 23.929467 0.000000 0.000000 0.000000
-3.413867 -77.059800 22.849242 0.000000 0.000000 0.000000
-6.227527 -76.925006 16.763901 0.000000 0.000000 0.000000
-2.854883 -77.284466 18.111426 0.000000 0.000000 0.000000
-2.482054 -77.583140 10.069925 0.000000 0.000000 0.000000
-3.423034 -75.940120 73.560396 0.000000 0.000000 0.000000
# Line 3: n=17 a=(-19.354,-64.115,163.820) b=(0.322,-0.187,-0.928) start=(-37.753,-53.448,216.831) end=(-6.979,-71.290,128.163)
# x y z globalTime peakAmplitude integratedCharge
-37.625000 -54.066683 217.000000 0.000000 0.000000 0.000000
-34.125000 -55.732553 206.500000 0.000000 0.000000 0.000000
-32.375000 -56.802401 199.500000 0.000000 0.000000 0.000000
-30.625000 -57.585650 196.000000 0.000000 0.000000 0.000000
-27.125000 -59.491056 185.500000 0.000000 0.000000 0.000000
-25.375000 -60.248787 182.000000 0.000000 0.000000 0.000000
-23.625000 -61.464203 175.000000 0.000000 0.000000 0.000000
-21.875000 -62.224201 171.500000 0.000000 0.000000 0.000000
-16.625000 -65.127887 157.500000 0.000000 0.000000 0.000000
-9.951325 -69.313806 138.843279 0.000000 0.000000 0.000000
-9.199411 -69.779460 136.610839 0.000000 0.000000 0.000000
-7.364317 -70.206812 134.518546 0.000000 0.000000 0.000000
-7.886052 -70.492720 133.575674 0.000000 0.000000 0.000000
-7.782189 -70.999128 130.646877 0.000000 0.000000 0.000000
-8.262096 -71.227880 129.301696 0.000000 0.000000 0.000000
-9.844274 -71.076904 127.125754 0.000000 0.000000 0.000000
-8.504007 -69.275020 139.412849 0.000000 0.000000 0.000000
