# Event 5474
# Params: dx_requested=3.389519 dx_event(vote)=3.389519 rline(inlier)=3.389519 minvotes=4 nstart=2 cover=0.800 nlines=4
# HoughMemory: requested_MB=80.062 allocated_MB=80.062 num_x=128 directions=1281 coarsened=0 maxmem_MB=0.000
# N0=136 assigned=136 remaining_after_force=0
# Line 1: n=83 a=(3.496,-77.966,70.338) b=(0.051,0.036,0.998) start=(0.297,-80.208,8.340) end=(6.253,-76.034,123.780)
# x y z globalTime peakAmplitude integratedCharge
1.939418 -78.449970 54.402584 0.000000 0.000000 0.000000
2.712266 -78.452692 51.939007 0.000000 0.000000 0.000000
2.893011 -78.516840 50.214522 0.000000 0.000000 0.000000
1.649279 -78.549680 48.397610 0.000000 0.000000 0.000000
1.882165 -78.598712 46.973354 0.000000 0.000000 0.000000
2.203302 -78.700068 45.597147 0.000000 0.000000 0.000000
1.422961 -78.734144 44.474877 0.000000 0.000000 0.000000
3.190018 -78.776196 41.743261 0.000000 0.000000 0.000000
2.377330 -78.831464 39.957397 0.000000 0.000000 0.000000
2.483712 -78.870270 38.487591 0.000000 0.000000 0.000000
1.130731 -78.942096 36.140144 0.000000 0.000000 0.000000
1.171787 -79.008526 35.529530 0.000000 0.000000 0.000000
0.314168 -79.074476 32.515871 0.000000 0.000000 0.000000
1.169251 -79.063600 31.878481 0.000000 0.000000 0.000000
1.212216 -79.112080 30.130315 0.000000 0.000000 0.000000
1.443030 -79.230756 28.228410 0.000000 0.000000 0.000000
6.769351 -76.280872 110.319988 0.000000 0.000000 0.000000
4.020725 -76.393040 107.875498 0.000000 0.000000 0.000000
6.433095 -76.472980 106.785562 0.000000 0.000000 0.000000
3.696125 -76.565448 104.626460 0.000000 0.000000 0.000000
4.415160 -76.666412 103.433299 0.000000 0.000000 0.000000
4.748355 -76.759380 100.815789 0.000000 0.000000 0.000000
4.989474 -76.841860 99.220937 0.000000 0.000000 0.000000
5.215869 -76.933350 97.637374 0.000000 0.000000 0.000000
6.174407 -76.958930 95.565156 0.000000 0.000000 0.000000
4.274330 -77.050854 93.962553 0.000000 0.000000 0.000000
4.815307 -77.136360 92.578086 0.000000 0.000000 0.000000
2.153092 -77.252856 92.273738 0.000000 0.000000 0.000000
4.487991 -77.321154 91.481793 0.000000 0.000000 0.000000
2.805023 -77.335180 90.389214 0.000000 0.000000 0.000000
3.852755 -77.341772 89.791884 0.000000 0.000000 0.000000
6.102359 -77.484894 86.856291 0.000000 0.000000 0.000000
2.383474 -77.540686 88.031708 0.000000 0.000000 0.000000
5.617012 -77.513800 86.385601 0.000000 0.000000 0.000000
6.635114 -77.703564 84.632096 0.000000 0.000000 0.000000
1.863776 -77.706372 83.970946 0.000000 0.000000 0.000000
3.376046 -79.459356 26.024449 0.000000 0.000000 0.000000
2.631345 -79.508776 25.051414 0.000000 0.000000 0.000000
2.178186 -79.639200 23.313569 0.000000 0.000000 0.000000
1.363417 -79.762670 21.160929 0.000000 0.000000 0.000000
2.311850 -79.817206 19.061895 0.000000 0.000000 0.000000
2.017743 -79.957910 18.245316 0.000000 0.000000 0.000000
0.210216 -80.057636 16.318677 0.000000 0.000000 0.000000
2.424499 -80.089868 14.275668 0.000000 0.000000 0.000000
0.237317 -80.197564 11.707212 0.000000 0.000000 0.000000
2.650225 -80.364130 10.577819 0.000000 0.000000 0.000000
2.296093 -80.497888 8.247560 0.000000 0.000000 0.000000
2.283254 -77.988306 80.385614 0.000000 0.000000 0.000000
3.366479 -78.058612 79.055238 0.000000 0.000000 0.000000
1.763518 -78.084700 76.299855 0.000000 0.000000 0.000000
1.063295 -78.112530 75.150954 0.000000 0.000000 0.000000
2.199229 -78.120948 73.072431 0.000000 0.000000 0.000000
2.583604 -78.172724 72.050381 0.000000 0.000000 0.000000
2.578693 -78.225580 70.182082 0.000000 0.000000 0.000000
0.985800 -78.332700 67.247725 0.000000 0.000000 0.000000
2.653109 -78.347880 64.814984 0.000000 0.000000 0.000000
2.751825 -78.433210 63.088674 0.000000 0.000000 0.000000
1.952832 -78.461804 61.989663 0.000000 0.000000 0.000000
2.272306 -78.531506 59.740679 0.000000 0.000000 0.000000
0.451346 -78.605256 57.629532 0.000000 0.000000 0.000000
0.205014 -78.666114 56.564930 0.000000 0.000000 0.000000
5.442789 -76.192804 123.827233 0.000000 0.000000 0.000000
4.996096 -76.199994 122.434332 0.000000 0.000000 0.000000
5.553352 -76.238910 120.983754 0.000000 0.000000 0.000000
4.377745 -76.203766 116.592759 0.000000 0.000000 0.000000
6.075753 -76.199592 116.021105 0.000000 0.000000 0.000000
6.838465 -76.184052 114.258447 0.000000 0.000000 0.000000
5.746140 -76.347766 112.300460 0.000000 0.000000 0.000000
10.446269 -75.959560 122.362373 0.000000 0.000000 0.000000
8.214590 -76.161724 120.942606 0.000000 0.000000 0.000000
9.333805 -76.115174 118.492040 0.000000 0.000000 0.000000
8.826318 -76.039220 116.603495 0.000000 0.000000 0.000000
9.891739 -76.026728 115.354644 0.000000 0.000000 0.000000
1.845823 -76.707312 103.247077 0.000000 0.000000 0.000000
2.096571 -76.790606 102.065620 0.000000 0.000000 0.000000
0.359036 -76.934014 100.399459 0.000000 0.000000 0.000000
2.248379 -76.964392 97.572816 0.000000 0.000000 0.000000
2.264443 -77.051032 96.850603 0.000000 0.000000 0.000000
0.265582 -77.129114 94.692659 0.000000 0.000000 0.000000
1.090725 -77.418548 88.799500 0.000000 0.000000 0.000000
0.853031 -77.646546 86.385549 0.000000 0.000000 0.000000
0.667686 -77.977752 81.551191 0.000000 0.000000 0.000000
0.245245 -78.263776 68.412742 0.000000 0.000000 0.000000
# Line 2: n=53 a=(-21.888,-78.440,186.612) b=(0.313,0.020,-0.950) start=(-33.161,-79.156,220.818) end=(4.583,-76.758,106.288)
# x y z globalTime peakAmplitude integratedCharge
-34.125000 -79.151653 217.000000 0.000000 0.000000 0.000000
-34.125000 -79.167745 220.500000 0.000000 0.000000 0.000000
-30.625000 -79.146928 213.500000 0.000000 0.000000 0.000000
-28.875000 -78.921600 206.500000 0.000000 0.000000 0.000000
-28.875000 -78.932946 210.000000 0.000000 0.000000 0.000000
-28.875000 -79.051062 213.500000 0.000000 0.000000 0.000000
-27.125000 -78.688426 199.500000 0.000000 0.000000 0.000000
-27.125000 -78.708873 203.000000 0.000000 0.000000 0.000000
-27.125000 -78.827156 206.500000 0.000000 0.000000 0.000000
-27.125000 -78.838502 210.000000 0.000000 0.000000 0.000000
-25.375000 -78.519865 189.000000 0.000000 0.000000 0.000000
-25.375000 -78.545347 192.500000 0.000000 0.000000 0.000000
-25.375000 -78.521920 196.000000 0.000000 0.000000 0.000000
-25.375000 -78.578016 199.500000 0.000000 0.000000 0.000000
-25.375000 -78.598463 203.000000 0.000000 0.000000 0.000000
-23.625000 -78.393884 182.000000 0.000000 0.000000 0.000000
-23.625000 -78.397061 185.500000 0.000000 0.000000 0.000000
-23.625000 -78.475839 189.000000 0.000000 0.000000 0.000000
-23.625000 -78.501321 192.500000 0.000000 0.000000 0.000000
-23.625000 -78.477894 196.000000 0.000000 0.000000 0.000000
-23.625000 -78.533990 199.500000 0.000000 0.000000 0.000000
-21.875000 -78.295976 178.500000 0.000000 0.000000 0.000000
-21.875000 -78.321756 182.000000 0.000000 0.000000 0.000000
-21.875000 -78.324933 185.500000 0.000000 0.000000 0.000000
-21.875000 -78.403711 189.000000 0.000000 0.000000 0.000000
-21.875000 -78.405766 196.000000 0.000000 0.000000 0.000000
-20.125000 -78.208045 175.000000 0.000000 0.000000 0.000000
-20.125000 -78.239000 178.500000 0.000000 0.000000 0.000000
-20.125000 -78.264780 182.000000 0.000000 0.000000 0.000000
-20.125000 -78.267957 185.500000 0.000000 0.000000 0.000000
-18.375000 -78.268190 168.000000 0.000000 0.000000 0.000000
-18.375000 -78.262167 171.500000 0.000000 0.000000 0.000000
-18.375000 -78.240085 175.000000 0.000000 0.000000 0.000000
-18.375000 -78.271040 178.500000 0.000000 0.000000 0.000000
-18.375000 -78.296820 182.000000 0.000000 0.000000 0.000000
-16.625000 -78.297906 164.500000 0.000000 0.000000 0.000000
-16.625000 -78.305513 168.000000 0.000000 0.000000 0.000000
-16.625000 -78.299490 171.500000 0.000000 0.000000 0.000000
-16.625000 -78.277408 175.000000 0.000000 0.000000 0.000000
-16.625000 -78.308363 178.500000 0.000000 0.000000 0.000000
-13.125000 -78.158862 157.500000 0.000000 0.000000 0.000000
-13.125000 -78.181415 161.000000 0.000000 0.000000 0.000000
-13.125000 -78.171185 164.500000 0.000000 0.000000 0.000000
3.781417 -76.315140 118.919185 0.000000 0.000000 0.000000
-23.625000 -78.554437 203.000000 0.000000 0.000000 0.000000
-21.875000 -78.287103 171.500000 0.000000 0.000000 0.000000
-21.875000 -78.265021 175.000000 0.000000 0.000000 0.000000
-20.125000 -78.230127 171.500000 0.000000 0.000000 0.000000
-16.625000 -78.285583 157.500000 0.000000 0.000000 0.000000
-16.625000 -78.308136 161.000000 0.000000 0.000000 0.000000
-13.125000 -78.173276 150.500000 0.000000 0.000000 0.000000
1.051073 -76.522020 106.162505 0.000000 0.000000 0.000000
2.423935 -76.428210 105.583672 0.000000 0.000000 0.000000
