# Event 2279
# Params: dx_requested=3.264651 dx_event(vote)=3.264651 rline(inlier)=3.264651 minvotes=4 nstart=2 cover=0.800 nlines=4
# HoughMemory: requested_MB=80.062 allocated_MB=80.062 num_x=128 directions=1281 coarsened=0 maxmem_MB=0.000
# N0=85 assigned=85 remaining_after_force=0
# Line 1: n=58 a=(1.702,-74.504,52.589) b=(0.008,-0.008,1.000) start=(1.332,-74.165,8.801) end=(2.935,-75.634,198.640)
# x y z globalTime peakAmplitude integratedCharge
3.145336 -73.993884 54.716330 0.000000 0.000000 0.000000
2.004978 -73.996490 53.142244 0.000000 0.000000 0.000000
3.395072 -74.049792 51.453458 0.000000 0.000000 0.000000
2.142648 -74.064220 48.396967 0.000000 0.000000 0.000000
2.771675 -74.119616 46.795189 0.000000 0.000000 0.000000
2.241085 -74.130744 45.406205 0.000000 0.000000 0.000000
1.313717 -74.122640 43.711867 0.000000 0.000000 0.000000
0.629531 -74.127832 41.608874 0.000000 0.000000 0.000000
1.723007 -74.131940 40.940513 0.000000 0.000000 0.000000
1.226422 -74.104248 39.162775 0.000000 0.000000 0.000000
3.140709 -74.148608 37.367563 0.000000 0.000000 0.000000
0.345081 -74.191724 34.665716 0.000000 0.000000 0.000000
0.588281 -74.191650 33.220862 0.000000 0.000000 0.000000
1.244746 -74.204860 31.587869 0.000000 0.000000 0.000000
0.339169 -74.198266 30.337444 0.000000 0.000000 0.000000
1.155368 -74.250470 28.646050 0.000000 0.000000 0.000000
0.933283 -76.489794 96.922958 0.000000 0.000000 0.000000
2.092806 -76.392620 93.903513 0.000000 0.000000 0.000000
3.020691 -76.098870 92.286596 0.000000 0.000000 0.000000
1.664761 -75.782640 90.555912 0.000000 0.000000 0.000000
1.646537 -75.529440 89.233316 0.000000 0.000000 0.000000
2.860371 -75.255756 88.234656 0.000000 0.000000 0.000000
2.661922 -74.968664 85.199893 0.000000 0.000000 0.000000
0.741783 -74.733686 84.170042 0.000000 0.000000 0.000000
2.040447 -74.491660 26.817680 0.000000 0.000000 0.000000
0.412774 -74.509060 25.117698 0.000000 0.000000 0.000000
0.420755 -74.541016 22.402351 0.000000 0.000000 0.000000
1.123455 -74.554600 20.984582 0.000000 0.000000 0.000000
0.126204 -74.612506 19.447485 0.000000 0.000000 0.000000
2.616844 -74.660108 17.630528 0.000000 0.000000 0.000000
0.928093 -74.712646 16.280755 0.000000 0.000000 0.000000
2.579838 -74.786750 13.996485 0.000000 0.000000 0.000000
2.840656 -74.844616 12.638945 0.000000 0.000000 0.000000
0.518851 -74.879566 10.251302 0.000000 0.000000 0.000000
1.852082 -75.000696 8.790522 0.000000 0.000000 0.000000
3.153528 -74.656440 82.163843 0.000000 0.000000 0.000000
0.886624 -74.388740 80.924900 0.000000 0.000000 0.000000
1.816501 -74.166520 78.963693 0.000000 0.000000 0.000000
0.489783 -74.041660 76.436198 0.000000 0.000000 0.000000
3.400625 -74.037696 75.746914 0.000000 0.000000 0.000000
2.153246 -74.037880 73.113275 0.000000 0.000000 0.000000
1.801817 -74.055444 71.780716 0.000000 0.000000 0.000000
0.610840 -74.064984 69.481242 0.000000 0.000000 0.000000
1.427613 -74.097370 68.923203 0.000000 0.000000 0.000000
1.127711 -74.097808 66.653921 0.000000 0.000000 0.000000
2.488263 -74.098840 64.826234 0.000000 0.000000 0.000000
1.651712 -74.163946 62.617354 0.000000 0.000000 0.000000
1.729751 -74.192510 61.606673 0.000000 0.000000 0.000000
3.156529 -74.212464 59.325497 0.000000 0.000000 0.000000
0.346970 -74.252674 57.968854 0.000000 0.000000 0.000000
2.065032 -74.259832 55.472134 0.000000 0.000000 0.000000
-63.875000 -37.374775 199.500000 0.000000 0.000000 0.000000
-62.125000 -38.322682 196.000000 0.000000 0.000000 0.000000
-60.375000 -39.249873 192.500000 0.000000 0.000000 0.000000
-58.625000 -40.186650 189.000000 0.000000 0.000000 0.000000
-41.125000 -49.574560 157.500000 0.000000 0.000000 0.000000
-39.375000 -50.700074 154.000000 0.000000 0.000000 0.000000
-34.125000 -53.691308 143.500000 0.000000 0.000000 0.000000
# Line 2: n=27 a=(6.551,-78.199,106.814) b=(0.159,-0.137,0.978) start=(3.733,-75.768,89.449) end=(9.077,-80.377,122.375)
# x y z globalTime peakAmplitude integratedCharge
5.145804 -78.770160 109.967627 0.000000 0.000000 0.000000
5.359940 -78.483100 108.700423 0.000000 0.000000 0.000000
6.347068 -78.281934 107.062043 0.000000 0.000000 0.000000
6.116243 -78.030804 105.320617 0.000000 0.000000 0.000000
6.748235 -77.734070 103.030583 0.000000 0.000000 0.000000
5.249498 -77.498040 101.871577 0.000000 0.000000 0.000000
4.264803 -77.252106 99.519539 0.000000 0.000000 0.000000
5.333348 -76.975934 97.709187 0.000000 0.000000 0.000000
1.957683 -76.799012 97.741367 0.000000 0.000000 0.000000
5.187063 -76.711450 96.606779 0.000000 0.000000 0.000000
6.337032 -76.413488 94.444952 0.000000 0.000000 0.000000
5.053221 -76.120648 93.222708 0.000000 0.000000 0.000000
4.256363 -75.804004 91.575026 0.000000 0.000000 0.000000
5.109404 -79.393116 113.591905 0.000000 0.000000 0.000000
8.141988 -78.860060 110.616226 0.000000 0.000000 0.000000
7.251195 -78.641314 107.888343 0.000000 0.000000 0.000000
8.087231 -78.059940 105.187560 0.000000 0.000000 0.000000
8.643469 -80.002720 122.497727 0.000000 0.000000 0.000000
7.855226 -79.893592 121.381627 0.000000 0.000000 0.000000
9.948030 -79.784284 118.715004 0.000000 0.000000 0.000000
9.199472 -79.603360 117.196410 0.000000 0.000000 0.000000
9.238396 -79.425232 114.970253 0.000000 0.000000 0.000000
7.267339 -79.205750 113.423160 0.000000 0.000000 0.000000
9.133348 -79.032794 111.306455 0.000000 0.000000 0.000000
6.326113 -75.547454 89.058674 0.000000 0.000000 0.000000
3.558721 -79.060516 111.498485 0.000000 0.000000 0.000000
10.068939 -78.379932 107.066262 0.000000 0.000000 0.000000
