# Event 5138
# Params: dx_requested=3.714704 dx_event(vote)=3.714704 rline(inlier)=3.714704 minvotes=4 nstart=2 cover=0.800 nlines=4
# HoughMemory: requested_MB=80.062 allocated_MB=80.062 num_x=128 directions=1281 coarsened=0 maxmem_MB=0.000
# N0=140 assigned=140 remaining_after_force=0
# Line 1: n=52 a=(-0.886,-75.188,51.544) b=(0.042,0.023,0.999) start=(-2.673,-76.181,8.895) end=(0.736,-74.287,90.276)
# x y z globalTime peakAmplitude integratedCharge
-1.680066 -75.084052 54.004320 0.000000 0.000000 0.000000
-2.476865 -75.092584 52.104898 0.000000 0.000000 0.000000
-1.011922 -75.117780 50.731338 0.000000 0.000000 0.000000
-0.302305 -75.142810 48.290487 0.000000 0.000000 0.000000
-2.464265 -75.183764 47.169817 0.000000 0.000000 0.000000
-1.660194 -75.217840 45.803928 0.000000 0.000000 0.000000
-1.854503 -75.234844 43.115601 0.000000 0.000000 0.000000
-0.655558 -75.230834 42.181453 0.000000 0.000000 0.000000
-1.742675 -75.263464 39.578356 0.000000 0.000000 0.000000
-2.594718 -75.312188 38.584090 0.000000 0.000000 0.000000
-1.528657 -75.322876 37.056090 0.000000 0.000000 0.000000
-0.878895 -75.353504 34.658767 0.000000 0.000000 0.000000
-1.533065 -75.391712 33.378726 0.000000 0.000000 0.000000
-1.076371 -75.457840 31.094914 0.000000 0.000000 0.000000
-1.956692 -75.483588 30.173917 0.000000 0.000000 0.000000
-0.966621 -75.514184 27.584919 0.000000 0.000000 0.000000
0.783661 -73.849708 90.263654 0.000000 0.000000 0.000000
0.525367 -73.991888 89.330165 0.000000 0.000000 0.000000
1.466765 -74.033160 87.948995 0.000000 0.000000 0.000000
2.512046 -74.136316 85.128318 0.000000 0.000000 0.000000
0.536180 -74.242688 84.149409 0.000000 0.000000 0.000000
-0.474485 -75.711960 25.907504 0.000000 0.000000 0.000000
-2.755043 -75.776812 24.744560 0.000000 0.000000 0.000000
-1.219824 -75.851416 23.142822 0.000000 0.000000 0.000000
-3.352944 -75.898450 20.888219 0.000000 0.000000 0.000000
-3.419101 -76.009974 18.959066 0.000000 0.000000 0.000000
-0.056513 -76.048230 18.093471 0.000000 0.000000 0.000000
-2.151751 -76.098816 16.346799 0.000000 0.000000 0.000000
-1.521353 -76.105866 14.347991 0.000000 0.000000 0.000000
-0.569462 -76.249780 12.532144 0.000000 0.000000 0.000000
-2.290610 -76.282452 10.718258 0.000000 0.000000 0.000000
-3.049269 -76.446060 8.917101 0.000000 0.000000 0.000000
2.444202 -74.496008 81.875757 0.000000 0.000000 0.000000
1.478096 -74.561080 80.035137 0.000000 0.000000 0.000000
2.240577 -74.630726 78.029377 0.000000 0.000000 0.000000
-1.415975 -74.667620 76.639632 0.000000 0.000000 0.000000
-0.791290 -74.838824 75.224362 0.000000 0.000000 0.000000
2.011590 -74.740920 74.554646 0.000000 0.000000 0.000000
-1.325431 -74.858436 73.253334 0.000000 0.000000 0.000000
3.058883 -74.799500 73.809263 0.000000 0.000000 0.000000
-0.457435 -74.897740 71.881933 0.000000 0.000000 0.000000
2.425060 -74.906672 71.414357 0.000000 0.000000 0.000000
-1.938956 -74.983740 69.527072 0.000000 0.000000 0.000000
1.773270 -74.878156 69.956285 0.000000 0.000000 0.000000
-2.710995 -75.073150 67.975108 0.000000 0.000000 0.000000
-1.183138 -75.103936 66.398039 0.000000 0.000000 0.000000
-0.447922 -75.116688 64.078751 0.000000 0.000000 0.000000
-2.870288 -75.163256 62.960822 0.000000 0.000000 0.000000
-1.939541 -75.185520 61.616796 0.000000 0.000000 0.000000
-1.627127 -75.243206 59.915618 0.000000 0.000000 0.000000
-2.898392 -75.234246 58.497273 0.000000 0.000000 0.000000
-2.496237 -75.261456 55.736862 0.000000 0.000000 0.000000
# Line 2: n=59 a=(-38.894,-78.216,128.187) b=(0.552,0.053,-0.832) start=(-99.280,-84.059,219.216) end=(-16.582,-76.057,94.555)
# x y z globalTime peakAmplitude integratedCharge
-76.125000 -82.484753 185.500000 0.000000 0.000000 0.000000
-70.875000 -81.715318 178.500000 0.000000 0.000000 0.000000
-69.125000 -81.587847 171.500000 0.000000 0.000000 0.000000
-69.125000 -81.498808 175.000000 0.000000 0.000000 0.000000
-63.875000 -80.722218 168.000000 0.000000 0.000000 0.000000
-62.125000 -80.586145 161.000000 0.000000 0.000000 0.000000
-56.875000 -79.740512 157.500000 0.000000 0.000000 0.000000
-51.625000 -79.081372 147.000000 0.000000 0.000000 0.000000
-49.875000 -78.951053 147.000000 0.000000 0.000000 0.000000
-48.125000 -78.530743 136.500000 0.000000 0.000000 0.000000
-46.375000 -78.494574 136.500000 0.000000 0.000000 0.000000
-44.625000 -78.479483 136.500000 0.000000 0.000000 0.000000
-42.875000 -78.309622 133.000000 0.000000 0.000000 0.000000
-42.875000 -78.376617 136.500000 0.000000 0.000000 0.000000
-41.125000 -78.194400 126.000000 0.000000 0.000000 0.000000
-41.125000 -78.262795 133.000000 0.000000 0.000000 0.000000
-39.375000 -78.077730 126.000000 0.000000 0.000000 0.000000
-39.375000 -77.970078 129.500000 0.000000 0.000000 0.000000
-37.625000 -77.898712 129.500000 0.000000 0.000000 0.000000
-34.125000 -77.452808 115.500000 0.000000 0.000000 0.000000
-34.125000 -77.532193 119.000000 0.000000 0.000000 0.000000
-34.125000 -77.578741 122.500000 0.000000 0.000000 0.000000
-32.375000 -77.444950 115.500000 0.000000 0.000000 0.000000
-32.375000 -77.524335 119.000000 0.000000 0.000000 0.000000
-32.375000 -77.570883 122.500000 0.000000 0.000000 0.000000
-30.625000 -77.237005 112.000000 0.000000 0.000000 0.000000
-30.625000 -77.324765 115.500000 0.000000 0.000000 0.000000
-28.875000 -77.235617 112.000000 0.000000 0.000000 0.000000
-28.875000 -77.323377 115.500000 0.000000 0.000000 0.000000
-27.125000 -77.070649 108.500000 0.000000 0.000000 0.000000
-27.125000 -77.171805 112.000000 0.000000 0.000000 0.000000
-25.375000 -76.974026 105.000000 0.000000 0.000000 0.000000
-25.375000 -76.959690 108.500000 0.000000 0.000000 0.000000
-23.625000 -76.894806 108.500000 0.000000 0.000000 0.000000
-21.875000 -76.770523 101.500000 0.000000 0.000000 0.000000
-20.125000 -76.813907 101.500000 0.000000 0.000000 0.000000
-20.125000 -76.929342 105.000000 0.000000 0.000000 0.000000
-18.375000 -76.691573 98.000000 0.000000 0.000000 0.000000
-18.375000 -76.716498 101.500000 0.000000 0.000000 0.000000
-16.625000 -76.471661 94.500000 0.000000 0.000000 0.000000
-97.125000 -86.333100 220.500000 0.000000 0.000000 0.000000
-95.375000 -86.263571 220.500000 0.000000 0.000000 0.000000
-93.625000 -85.949560 217.000000 0.000000 0.000000 0.000000
-91.875000 -85.506900 213.500000 0.000000 0.000000 0.000000
-90.125000 -85.066193 210.000000 0.000000 0.000000 0.000000
-88.375000 -84.924255 210.000000 0.000000 0.000000 0.000000
-86.625000 -84.558640 206.500000 0.000000 0.000000 0.000000
-84.875000 -84.186770 203.000000 0.000000 0.000000 0.000000
-83.125000 -83.902673 199.500000 0.000000 0.000000 0.000000
-81.375000 -83.526796 196.000000 0.000000 0.000000 0.000000
-77.875000 -83.070642 192.500000 0.000000 0.000000 0.000000
-76.125000 -82.639999 189.000000 0.000000 0.000000 0.000000
-74.375000 -82.404438 185.500000 0.000000 0.000000 0.000000
-72.625000 -81.974352 182.000000 0.000000 0.000000 0.000000
-70.875000 -81.854738 182.000000 0.000000 0.000000 0.000000
-69.125000 -81.614670 178.500000 0.000000 0.000000 0.000000
-62.125000 -80.638682 168.000000 0.000000 0.000000 0.000000
-60.375000 -80.337456 164.500000 0.000000 0.000000 0.000000
-55.125000 -79.751685 157.500000 0.000000 0.000000 0.000000
# Line 3: n=29 a=(6.449,-73.232,99.953) b=(0.087,0.062,0.994) start=(4.399,-74.697,76.402) end=(8.413,-71.829,122.511)
# x y z globalTime peakAmplitude integratedCharge
5.693397 -73.027374 104.713100 0.000000 0.000000 0.000000
6.053027 -73.087256 103.010288 0.000000 0.000000 0.000000
6.896535 -73.191510 101.546684 0.000000 0.000000 0.000000
5.434046 -73.268740 99.743113 0.000000 0.000000 0.000000
6.574057 -73.339184 98.260616 0.000000 0.000000 0.000000
5.560625 -73.467164 96.947633 0.000000 0.000000 0.000000
5.964200 -73.565490 94.983770 0.000000 0.000000 0.000000
6.463154 -73.651320 92.393630 0.000000 0.000000 0.000000
3.071050 -73.748908 92.110260 0.000000 0.000000 0.000000
6.859678 -73.791584 91.686202 0.000000 0.000000 0.000000
6.032224 -73.872412 88.596629 0.000000 0.000000 0.000000
4.588682 -73.969410 87.035563 0.000000 0.000000 0.000000
5.149709 -74.077990 85.573458 0.000000 0.000000 0.000000
5.921961 -74.116816 84.252399 0.000000 0.000000 0.000000
3.194284 -74.685260 76.505652 0.000000 0.000000 0.000000
7.706750 -72.843280 107.971814 0.000000 0.000000 0.000000
7.565594 -72.962316 106.255775 0.000000 0.000000 0.000000
7.808457 -73.001928 105.304783 0.000000 0.000000 0.000000
9.096514 -73.164480 101.821074 0.000000 0.000000 0.000000
7.232083 -73.228052 100.141064 0.000000 0.000000 0.000000
7.163007 -73.313940 97.278088 0.000000 0.000000 0.000000
7.622066 -71.799292 122.577606 0.000000 0.000000 0.000000
7.313202 -71.766034 118.635059 0.000000 0.000000 0.000000
7.154661 -72.208654 116.080258 0.000000 0.000000 0.000000
7.800014 -72.343280 113.039946 0.000000 0.000000 0.000000
7.762391 -72.543560 112.307659 0.000000 0.000000 0.000000
9.806306 -72.768854 110.369325 0.000000 0.000000 0.000000
9.809125 -73.080304 103.833697 0.000000 0.000000 0.000000
10.305352 -71.983252 117.998575 0.000000 0.000000 0.000000
