# Event 101
# Params: dx_requested=3.672974 dx_event(vote)=3.672974 rline(inlier)=3.672974 minvotes=4 nstart=2 cover=0.800 nlines=4
# HoughMemory: requested_MB=80.062 allocated_MB=80.062 num_x=128 directions=1281 coarsened=0 maxmem_MB=0.000
# N0=137 assigned=137 remaining_after_force=0
# Line 1: n=94 a=(-2.360,-65.721,56.364) b=(0.001,0.025,1.000) start=(-2.421,-66.912,9.416) end=(-2.146,-61.579,219.536)
# x y z globalTime peakAmplitude integratedCharge
-1.269444 -65.900184 54.932014 0.000000 0.000000 0.000000
-1.535117 -65.882700 52.766332 0.000000 0.000000 0.000000
-4.723154 -65.883532 52.538351 0.000000 0.000000 0.000000
-1.167576 -65.863060 50.308321 0.000000 0.000000 0.000000
-3.242720 -65.903284 49.280782 0.000000 0.000000 0.000000
-4.731806 -65.936384 49.662855 0.000000 0.000000 0.000000
-0.967026 -65.933270 46.942802 0.000000 0.000000 0.000000
-1.772261 -65.928686 45.932562 0.000000 0.000000 0.000000
-1.489978 -65.942896 43.349550 0.000000 0.000000 0.000000
-4.447916 -65.974896 43.784411 0.000000 0.000000 0.000000
-2.167285 -65.966748 41.743469 0.000000 0.000000 0.000000
-5.183774 -65.969824 42.006480 0.000000 0.000000 0.000000
-1.635444 -65.957250 39.615691 0.000000 0.000000 0.000000
-4.465579 -65.990560 39.511773 0.000000 0.000000 0.000000
-0.520951 -65.983246 38.806205 0.000000 0.000000 0.000000
-1.845039 -66.011408 36.138399 0.000000 0.000000 0.000000
-0.423717 -66.019208 35.106462 0.000000 0.000000 0.000000
-2.705651 -66.068980 32.944735 0.000000 0.000000 0.000000
-1.146981 -66.087200 31.924612 0.000000 0.000000 0.000000
-1.942046 -66.085400 30.339085 0.000000 0.000000 0.000000
-3.401450 -66.116800 28.591287 0.000000 0.000000 0.000000
0.488845 -63.249426 98.073031 0.000000 0.000000 0.000000
-2.500530 -63.267786 97.673124 0.000000 0.000000 0.000000
-2.129977 -63.540406 95.889799 0.000000 0.000000 0.000000
-1.640905 -63.777332 94.496871 0.000000 0.000000 0.000000
-3.369280 -63.941834 92.422558 0.000000 0.000000 0.000000
-1.937979 -64.129072 90.418757 0.000000 0.000000 0.000000
-0.662444 -64.330854 88.857719 0.000000 0.000000 0.000000
0.301499 -64.487872 87.570452 0.000000 0.000000 0.000000
-0.980701 -64.514560 88.202785 0.000000 0.000000 0.000000
-2.952750 -64.726690 85.973442 0.000000 0.000000 0.000000
0.385377 -64.877448 84.627779 0.000000 0.000000 0.000000
-1.849748 -64.936744 83.798628 0.000000 0.000000 0.000000
-1.375509 -66.317660 26.997710 0.000000 0.000000 0.000000
-1.287761 -66.309720 23.924255 0.000000 0.000000 0.000000
-1.495825 -66.360810 22.413853 0.000000 0.000000 0.000000
-3.433357 -66.389044 20.628133 0.000000 0.000000 0.000000
-0.749776 -66.411566 19.134153 0.000000 0.000000 0.000000
-1.847808 -66.510028 17.497654 0.000000 0.000000 0.000000
-3.142514 -66.540640 15.501596 0.000000 0.000000 0.000000
-0.957047 -66.540026 13.922134 0.000000 0.000000 0.000000
-2.343342 -66.587920 12.944666 0.000000 0.000000 0.000000
-3.077545 -66.653790 10.940346 0.000000 0.000000 0.000000
-1.304347 -66.741700 9.410293 0.000000 0.000000 0.000000
-2.000167 -65.284906 82.279207 0.000000 0.000000 0.000000
-1.143838 -65.481976 80.443295 0.000000 0.000000 0.000000
-2.328089 -65.667474 78.796860 0.000000 0.000000 0.000000
-5.601789 -65.928834 77.078433 0.000000 0.000000 0.000000
-0.936239 -65.818414 76.386261 0.000000 0.000000 0.000000
-4.636031 -65.920324 74.680244 0.000000 0.000000 0.000000
-2.881053 -65.939360 75.105407 0.000000 0.000000 0.000000
-3.641900 -65.941296 73.780865 0.000000 0.000000 0.000000
-1.012711 -65.914056 73.761735 0.000000 0.000000 0.000000
-4.134950 -65.883906 72.115358 0.000000 0.000000 0.000000
-1.481831 -65.960120 71.286395 0.000000 0.000000 0.000000
-3.959392 -65.980944 69.581209 0.000000 0.000000 0.000000
-1.577315 -65.977120 70.609777 0.000000 0.000000 0.000000
-2.490018 -65.970466 68.627597 0.000000 0.000000 0.000000
-3.264473 -65.980380 67.097648 0.000000 0.000000 0.000000
-5.105795 -65.968530 64.624013 0.000000 0.000000 0.000000
-1.225879 -66.003124 65.245555 0.000000 0.000000 0.000000
-3.804823 -65.979974 62.566977 0.000000 0.000000 0.000000
-3.301326 -66.028424 62.931065 0.000000 0.000000 0.000000
-5.075542 -66.034420 61.271477 0.000000 0.000000 0.000000
-2.135078 -66.007264 60.581310 0.000000 0.000000 0.000000
-5.145976 -66.043634 59.778457 0.000000 0.000000 0.000000
-2.822207 -66.009880 58.995742 0.000000 0.000000 0.000000
-3.875613 -66.062340 57.219880 0.000000 0.000000 0.000000
-1.976854 -66.047492 57.143365 0.000000 0.000000 0.000000
-0.985018 -66.063964 55.920954 0.000000 0.000000 0.000000
-90.125000 -95.000556 220.500000 0.000000 0.000000 0.000000
-83.125000 -92.486950 210.000000 0.000000 0.000000 0.000000
-81.375000 -91.787470 206.500000 0.000000 0.000000 0.000000
-74.375000 -89.274032 196.000000 0.000000 0.000000 0.000000
-70.875000 -87.783093 189.000000 0.000000 0.000000 0.000000
-69.125000 -87.136244 185.500000 0.000000 0.000000 0.000000
-63.875000 -85.564789 178.500000 0.000000 0.000000 0.000000
-62.125000 -84.931346 175.000000 0.000000 0.000000 0.000000
-60.375000 -84.310154 171.500000 0.000000 0.000000 0.000000
-58.625000 -83.607183 168.000000 0.000000 0.000000 0.000000
-55.125000 -82.618940 164.500000 0.000000 0.000000 0.000000
-53.375000 -82.006042 161.000000 0.000000 0.000000 0.000000
-51.625000 -81.464309 157.500000 0.000000 0.000000 0.000000
-49.875000 -80.807220 154.000000 0.000000 0.000000 0.000000
-42.875000 -78.702563 143.500000 0.000000 0.000000 0.000000
-41.125000 -78.188953 140.000000 0.000000 0.000000 0.000000
-34.125000 -76.067748 129.500000 0.000000 0.000000 0.000000
-32.375000 -75.547725 126.000000 0.000000 0.000000 0.000000
-30.625000 -74.909532 122.500000 0.000000 0.000000 0.000000
-27.125000 -74.102084 119.000000 0.000000 0.000000 0.000000
-23.625000 -72.781737 112.000000 0.000000 0.000000 0.000000
-21.875000 -72.166401 108.500000 0.000000 0.000000 0.000000
-20.125000 -72.008814 108.500000 0.000000 0.000000 0.000000
-6.591667 -65.909204 78.084985 0.000000 0.000000 0.000000
# Line 2: n=22 a=(3.031,-62.752,100.894) b=(0.184,0.092,0.979) start=(-5.350,-66.961,56.273) end=(7.641,-60.438,125.435)
# x y z globalTime peakAmplitude integratedCharge
4.153102 -61.713874 109.603252 0.000000 0.000000 0.000000
2.724255 -61.780880 110.562950 0.000000 0.000000 0.000000
6.195327 -61.865094 107.772986 0.000000 0.000000 0.000000
6.729520 -62.107830 107.053330 0.000000 0.000000 0.000000
2.644690 -62.339434 104.988016 0.000000 0.000000 0.000000
2.695768 -62.576568 102.505988 0.000000 0.000000 0.000000
2.325344 -62.791300 101.964769 0.000000 0.000000 0.000000
2.871012 -62.988620 99.673949 0.000000 0.000000 0.000000
1.575394 -63.431666 96.804810 0.000000 0.000000 0.000000
3.448571 -63.642396 94.362393 0.000000 0.000000 0.000000
2.417125 -63.859280 92.517857 0.000000 0.000000 0.000000
2.958814 -64.046972 91.596960 0.000000 0.000000 0.000000
1.577547 -64.215020 89.923516 0.000000 0.000000 0.000000
1.797433 -64.616220 85.197901 0.000000 0.000000 0.000000
-5.736087 -65.940290 68.060483 0.000000 0.000000 0.000000
-5.657045 -65.998828 56.239989 0.000000 0.000000 0.000000
6.924529 -60.132400 125.541162 0.000000 0.000000 0.000000
6.597178 -60.937506 119.110144 0.000000 0.000000 0.000000
5.295716 -61.117420 116.781585 0.000000 0.000000 0.000000
5.683434 -61.291864 114.829890 0.000000 0.000000 0.000000
4.766106 -61.487286 113.236610 0.000000 0.000000 0.000000
4.700193 -61.674054 111.336117 0.000000 0.000000 0.000000
# Line 3: n=21 a=(-1.632,-63.343,82.654) b=(0.118,0.066,0.991) start=(-7.703,-66.760,31.594) end=(3.882,-60.240,129.031)
# x y z globalTime peakAmplitude integratedCharge
-6.233537 -65.863836 54.767941 0.000000 0.000000 0.000000
-5.759620 -65.848520 51.476505 0.000000 0.000000 0.000000
-6.945313 -65.904956 46.583655 0.000000 0.000000 0.000000
-6.731693 -65.961760 45.774684 0.000000 0.000000 0.000000
-5.912116 -65.958526 38.362474 0.000000 0.000000 0.000000
-6.625384 -65.976252 36.308353 0.000000 0.000000 0.000000
-5.718900 -66.149680 35.300103 0.000000 0.000000 0.000000
-5.971649 -66.022370 32.537666 0.000000 0.000000 0.000000
-6.856794 -66.214692 31.456661 0.000000 0.000000 0.000000
1.007162 -61.940520 108.078137 0.000000 0.000000 0.000000
0.081562 -62.179310 106.814130 0.000000 0.000000 0.000000
-6.571686 -65.936090 66.833000 0.000000 0.000000 0.000000
5.115998 -59.215400 128.815986 0.000000 0.000000 0.000000
4.739093 -59.812574 127.614449 0.000000 0.000000 0.000000
4.156862 -60.322912 123.923140 0.000000 0.000000 0.000000
3.941952 -60.493100 122.218168 0.000000 0.000000 0.000000
3.769387 -60.696800 121.306754 0.000000 0.000000 0.000000
2.836214 -61.115940 117.746962 0.000000 0.000000 0.000000
2.174109 -61.360614 115.287530 0.000000 0.000000 0.000000
0.871312 -61.494512 113.242105 0.000000 0.000000 0.000000
0.360101 -61.743616 111.290007 0.000000 0.000000 0.000000
