# Event 2495
# Params: dx_requested=3.562978 dx_event(vote)=3.562978 rline(inlier)=3.562978 minvotes=4 nstart=2 cover=0.800 nlines=4
# HoughMemory: requested_MB=80.062 allocated_MB=80.062 num_x=128 directions=1281 coarsened=0 maxmem_MB=0.000
# N0=163 assigned=163 remaining_after_force=0
# Line 1: n=89 a=(-3.491,-71.124,55.405) b=(0.039,0.013,0.999) start=(-5.346,-71.741,8.332) end=(-1.214,-70.367,113.189)
# x y z globalTime peakAmplitude integratedCharge
-1.142988 -70.432856 54.386424 0.000000 0.000000 0.000000
-4.566111 -71.038824 53.820428 0.000000 0.000000 0.000000
-2.079376 -70.005030 53.177937 0.000000 0.000000 0.000000
-3.613305 -71.068072 52.152455 0.000000 0.000000 0.000000
-2.588686 -70.923792 50.475155 0.000000 0.000000 0.000000
-4.497377 -71.130080 50.601281 0.000000 0.000000 0.000000
-1.460460 -71.136956 48.343089 0.000000 0.000000 0.000000
-6.920723 -71.118240 49.482691 0.000000 0.000000 0.000000
-1.311682 -70.819404 47.345177 0.000000 0.000000 0.000000
-4.509420 -71.143470 47.681502 0.000000 0.000000 0.000000
-1.220496 -70.690386 45.216869 0.000000 0.000000 0.000000
-5.653282 -71.183906 45.371998 0.000000 0.000000 0.000000
-2.174937 -70.943976 44.258362 0.000000 0.000000 0.000000
-3.701755 -71.130020 43.904796 0.000000 0.000000 0.000000
-4.452864 -71.132600 41.971766 0.000000 0.000000 0.000000
-3.016895 -70.987806 40.326578 0.000000 0.000000 0.000000
-5.234607 -71.157600 40.480129 0.000000 0.000000 0.000000
-5.058033 -71.247614 38.819783 0.000000 0.000000 0.000000
-6.017744 -71.254870 36.753925 0.000000 0.000000 0.000000
-3.371620 -71.089948 34.540799 0.000000 0.000000 0.000000
-4.962974 -71.293476 34.835975 0.000000 0.000000 0.000000
-1.947872 -71.111016 33.208836 0.000000 0.000000 0.000000
-5.300987 -71.323834 33.536964 0.000000 0.000000 0.000000
-2.256217 -71.293940 30.869161 0.000000 0.000000 0.000000
-4.610745 -71.339140 31.298252 0.000000 0.000000 0.000000
-3.301154 -71.213140 29.851245 0.000000 0.000000 0.000000
-5.373219 -71.363160 29.591712 0.000000 0.000000 0.000000
-6.118060 -71.385640 28.439410 0.000000 0.000000 0.000000
-1.305829 -70.633800 109.793367 0.000000 0.000000 0.000000
-2.491576 -69.548974 108.518196 0.000000 0.000000 0.000000
-0.859461 -70.471740 104.445572 0.000000 0.000000 0.000000
-1.120040 -70.419390 103.630877 0.000000 0.000000 0.000000
-2.992489 -70.899084 101.494714 0.000000 0.000000 0.000000
-0.106574 -70.774426 98.405617 0.000000 0.000000 0.000000
-1.066002 -70.186596 96.120244 0.000000 0.000000 0.000000
-1.131284 -70.247106 95.129150 0.000000 0.000000 0.000000
-0.854583 -70.296412 92.287441 0.000000 0.000000 0.000000
-2.543369 -70.472216 90.633984 0.000000 0.000000 0.000000
-0.545838 -69.498926 89.625249 0.000000 0.000000 0.000000
-0.743449 -70.331586 87.630302 0.000000 0.000000 0.000000
-4.282044 -70.982980 85.742123 0.000000 0.000000 0.000000
-6.676966 -71.616596 26.715587 0.000000 0.000000 0.000000
-2.017751 -71.499840 26.181214 0.000000 0.000000 0.000000
-6.140146 -71.703846 24.197023 0.000000 0.000000 0.000000
-1.858076 -71.877520 24.949616 0.000000 0.000000 0.000000
-6.111567 -71.725494 22.822242 0.000000 0.000000 0.000000
-6.242242 -71.726966 20.676257 0.000000 0.000000 0.000000
-6.663511 -71.803992 19.842740 0.000000 0.000000 0.000000
-4.039455 -71.889720 17.042319 0.000000 0.000000 0.000000
-6.404548 -71.957068 15.363053 0.000000 0.000000 0.000000
-4.947209 -72.031830 13.384295 0.000000 0.000000 0.000000
-4.618528 -72.091308 12.655333 0.000000 0.000000 0.000000
-6.102621 -72.227924 10.193721 0.000000 0.000000 0.000000
-3.163141 -72.121448 9.964529 0.000000 0.000000 0.000000
-4.990648 -72.279188 8.325446 0.000000 0.000000 0.000000
-4.693056 -71.151496 81.876207 0.000000 0.000000 0.000000
-1.484948 -71.295392 81.123911 0.000000 0.000000 0.000000
-4.313431 -71.218176 79.058924 0.000000 0.000000 0.000000
-3.002182 -71.010400 78.957716 0.000000 0.000000 0.000000
-2.496330 -70.786908 76.439141 0.000000 0.000000 0.000000
-3.758126 -71.210370 73.835632 0.000000 0.000000 0.000000
-1.650538 -70.873394 72.902449 0.000000 0.000000 0.000000
-4.883067 -71.147808 70.635037 0.000000 0.000000 0.000000
-3.633707 -71.167224 68.159096 0.000000 0.000000 0.000000
-1.714857 -70.828332 67.538476 0.000000 0.000000 0.000000
-2.951843 -71.036304 66.968603 0.000000 0.000000 0.000000
-2.493641 -70.938044 64.683044 0.000000 0.000000 0.000000
-3.658493 -71.233588 62.645772 0.000000 0.000000 0.000000
-5.833652 -71.231354 60.908937 0.000000 0.000000 0.000000
-3.430801 -71.220568 61.463522 0.000000 0.000000 0.000000
-5.040516 -71.211980 58.901596 0.000000 0.000000 0.000000
-5.765416 -71.199256 58.174648 0.000000 0.000000 0.000000
-3.016812 -70.767988 58.458968 0.000000 0.000000 0.000000
-5.083756 -71.232990 55.799557 0.000000 0.000000 0.000000
-1.270397 -71.212660 55.643925 0.000000 0.000000 0.000000
-0.950509 -71.670764 113.195797 0.000000 0.000000 0.000000
-1.219959 -71.636444 112.335621 0.000000 0.000000 0.000000
-0.360041 -71.207728 42.172565 0.000000 0.000000 0.000000
-0.742458 -70.992486 39.008878 0.000000 0.000000 0.000000
-0.870210 -71.167920 36.259517 0.000000 0.000000 0.000000
-1.220214 -71.282330 28.712504 0.000000 0.000000 0.000000
-1.014259 -71.621692 22.005115 0.000000 0.000000 0.000000
-0.280709 -71.874180 21.327213 0.000000 0.000000 0.000000
-0.616446 -71.879914 19.553326 0.000000 0.000000 0.000000
-0.826233 -71.806760 17.298013 0.000000 0.000000 0.000000
-0.846578 -71.880536 15.235230 0.000000 0.000000 0.000000
-1.304441 -71.993872 13.621677 0.000000 0.000000 0.000000
-0.515690 -72.037220 12.683605 0.000000 0.000000 0.000000
-2.106464 -72.261080 9.398821 0.000000 0.000000 0.000000
# Line 2: n=49 a=(-3.035,-71.858,112.863) b=(0.110,-0.038,0.993) start=(-8.307,-70.023,65.412) end=(0.197,-72.982,141.956)
# x y z globalTime peakAmplitude integratedCharge
-5.957397 -71.184968 110.593638 0.000000 0.000000 0.000000
-6.144049 -71.100904 108.207217 0.000000 0.000000 0.000000
-4.057478 -71.074536 106.164598 0.000000 0.000000 0.000000
-3.774964 -71.091108 104.780947 0.000000 0.000000 0.000000
-4.771952 -71.048370 102.830594 0.000000 0.000000 0.000000
-5.466678 -71.057966 101.096140 0.000000 0.000000 0.000000
-6.830944 -71.058264 99.009245 0.000000 0.000000 0.000000
-3.770656 -71.009192 98.645859 0.000000 0.000000 0.000000
-3.902127 -70.998780 95.753748 0.000000 0.000000 0.000000
-5.133849 -71.012506 93.855845 0.000000 0.000000 0.000000
-5.465614 -70.988452 92.978141 0.000000 0.000000 0.000000
-4.666596 -70.982990 90.809229 0.000000 0.000000 0.000000
-4.384744 -70.987408 88.763317 0.000000 0.000000 0.000000
-5.409143 -70.986320 88.193033 0.000000 0.000000 0.000000
-5.624796 -70.979932 84.174302 0.000000 0.000000 0.000000
0.942975 -72.985334 141.872605 0.000000 0.000000 0.000000
1.387969 -72.959656 139.630256 0.000000 0.000000 0.000000
-5.068561 -71.182020 79.911200 0.000000 0.000000 0.000000
-6.368703 -71.222516 76.552566 0.000000 0.000000 0.000000
-5.777443 -71.201074 75.549853 0.000000 0.000000 0.000000
2.875915 -73.047216 137.988483 0.000000 0.000000 0.000000
-2.340512 -72.931536 137.856283 0.000000 0.000000 0.000000
3.430938 -73.019134 136.718286 0.000000 0.000000 0.000000
-1.368639 -73.001220 137.075233 0.000000 0.000000 0.000000
0.554343 -73.012866 134.655238 0.000000 0.000000 0.000000
-0.251663 -72.993160 134.609460 0.000000 0.000000 0.000000
-1.423861 -72.849540 132.504270 0.000000 0.000000 0.000000
-1.631070 -72.792414 130.991282 0.000000 0.000000 0.000000
-0.124770 -72.730616 129.501328 0.000000 0.000000 0.000000
-2.531981 -72.639500 127.811837 0.000000 0.000000 0.000000
-1.626565 -72.475440 125.906192 0.000000 0.000000 0.000000
-2.212228 -72.396490 123.656629 0.000000 0.000000 0.000000
-1.728086 -72.273370 123.078475 0.000000 0.000000 0.000000
-0.893207 -72.155634 120.323827 0.000000 0.000000 0.000000
-0.181564 -72.055152 119.538655 0.000000 0.000000 0.000000
-4.987468 -72.005700 118.335103 0.000000 0.000000 0.000000
-3.351540 -71.921924 117.006981 0.000000 0.000000 0.000000
-4.339886 -71.919526 117.515681 0.000000 0.000000 0.000000
-2.246115 -71.813226 115.005519 0.000000 0.000000 0.000000
-5.222054 -71.756744 116.199692 0.000000 0.000000 0.000000
-3.930876 -71.634832 113.016694 0.000000 0.000000 0.000000
-3.694872 -71.486816 111.593746 0.000000 0.000000 0.000000
-3.323536 -72.425348 140.075226 0.000000 0.000000 0.000000
-6.547084 -71.158576 71.717837 0.000000 0.000000 0.000000
-6.376144 -71.174480 66.372587 0.000000 0.000000 0.000000
-6.595290 -71.169256 65.177282 0.000000 0.000000 0.000000
-5.697731 -71.911614 125.699014 0.000000 0.000000 0.000000
-5.982889 -71.952000 124.679293 0.000000 0.000000 0.000000
-5.647753 -72.147070 122.320835 0.000000 0.000000 0.000000
# Line 3: n=25 a=(-48.397,-60.394,176.676) b=(0.552,-0.135,-0.823) start=(-77.772,-53.196,220.465) end=(-8.065,-70.277,116.554)
# x y z globalTime peakAmplitude integratedCharge
-77.875000 -53.831494 220.500000 0.000000 0.000000 0.000000
-76.125000 -53.945122 220.500000 0.000000 0.000000 0.000000
-74.375000 -54.313666 217.000000 0.000000 0.000000 0.000000
-72.625000 -54.669971 213.500000 0.000000 0.000000 0.000000
-70.875000 -55.017142 210.000000 0.000000 0.000000 0.000000
-65.625000 -56.076767 203.000000 0.000000 0.000000 0.000000
-63.875000 -56.488092 199.500000 0.000000 0.000000 0.000000
-62.125000 -56.971848 196.000000 0.000000 0.000000 0.000000
-58.625000 -57.639865 192.500000 0.000000 0.000000 0.000000
-56.875000 -58.083435 189.000000 0.000000 0.000000 0.000000
-55.125000 -58.567144 185.500000 0.000000 0.000000 0.000000
-51.625000 -59.271008 182.000000 0.000000 0.000000 0.000000
-49.875000 -59.733777 178.500000 0.000000 0.000000 0.000000
-48.125000 -60.256714 175.000000 0.000000 0.000000 0.000000
-42.875000 -61.495682 168.000000 0.000000 0.000000 0.000000
-41.125000 -61.942017 164.500000 0.000000 0.000000 0.000000
-34.125000 -63.682708 154.000000 0.000000 0.000000 0.000000
-30.625000 -64.657436 150.500000 0.000000 0.000000 0.000000
-28.875000 -65.010266 147.000000 0.000000 0.000000 0.000000
-27.125000 -65.565060 143.500000 0.000000 0.000000 0.000000
-25.375000 -66.040255 140.000000 0.000000 0.000000 0.000000
-21.875000 -66.764575 136.500000 0.000000 0.000000 0.000000
-20.125000 -67.294020 133.000000 0.000000 0.000000 0.000000
-5.647870 -72.147192 120.713786 0.000000 0.000000 0.000000
-9.839180 -70.376340 115.379496 0.000000 0.000000 0.000000
