# Event 844
# Params: dx_requested=3.616523 dx_event(vote)=3.616523 rline(inlier)=3.616523 minvotes=4 nstart=2 cover=0.800 nlines=4
# HoughMemory: requested_MB=80.062 allocated_MB=80.062 num_x=128 directions=1281 coarsened=0 maxmem_MB=0.000
# N0=136 assigned=136 remaining_after_force=0
# Line 1: n=68 a=(0.341,-73.616,64.269) b=(0.143,0.001,-0.990) start=(-6.841,-73.687,113.829) end=(8.267,-73.538,9.569)
# x y z globalTime peakAmplitude integratedCharge
6.409082 -73.210060 48.261218 0.000000 0.000000 0.000000
6.451106 -73.248414 46.222664 0.000000 0.000000 0.000000
5.008549 -73.230628 43.699570 0.000000 0.000000 0.000000
5.662590 -73.252308 41.976390 0.000000 0.000000 0.000000
3.164143 -73.290148 42.364024 0.000000 0.000000 0.000000
4.177617 -73.273786 40.275739 0.000000 0.000000 0.000000
4.776916 -73.304160 37.994853 0.000000 0.000000 0.000000
5.488216 -73.414460 37.116279 0.000000 0.000000 0.000000
4.558107 -73.399786 35.630347 0.000000 0.000000 0.000000
6.901354 -73.359588 32.548336 0.000000 0.000000 0.000000
5.938092 -73.388960 30.812634 0.000000 0.000000 0.000000
4.999919 -73.397320 29.449623 0.000000 0.000000 0.000000
6.039535 -73.467164 27.361074 0.000000 0.000000 0.000000
-4.507798 -73.899540 105.087446 0.000000 0.000000 0.000000
-5.798720 -73.859034 103.599948 0.000000 0.000000 0.000000
-4.687735 -73.892352 100.829103 0.000000 0.000000 0.000000
-5.731554 -73.880474 100.198674 0.000000 0.000000 0.000000
-6.107335 -73.886890 98.216866 0.000000 0.000000 0.000000
-5.277592 -73.918420 96.558638 0.000000 0.000000 0.000000
-1.346457 -73.534864 94.160015 0.000000 0.000000 0.000000
-6.535830 -73.889014 94.230038 0.000000 0.000000 0.000000
-1.835668 -73.741094 93.127641 0.000000 0.000000 0.000000
-5.696461 -73.842932 92.227095 0.000000 0.000000 0.000000
-2.085224 -73.728826 90.591112 0.000000 0.000000 0.000000
-5.786471 -73.818586 90.553623 0.000000 0.000000 0.000000
-1.196328 -73.755060 89.778722 0.000000 0.000000 0.000000
-1.182040 -73.643280 87.617771 0.000000 0.000000 0.000000
-4.746114 -73.602508 87.767236 0.000000 0.000000 0.000000
-1.152830 -73.603846 85.577496 0.000000 0.000000 0.000000
-4.040826 -73.575220 86.432476 0.000000 0.000000 0.000000
-1.087826 -73.547430 84.748031 0.000000 0.000000 0.000000
-4.062068 -73.526080 83.950230 0.000000 0.000000 0.000000
6.136077 -73.638788 26.651475 0.000000 0.000000 0.000000
5.964491 -73.680610 24.325203 0.000000 0.000000 0.000000
6.234344 -73.790380 22.136073 0.000000 0.000000 0.000000
6.000244 -73.886380 20.638473 0.000000 0.000000 0.000000
3.663616 -73.906820 19.231358 0.000000 0.000000 0.000000
5.038952 -73.945856 16.788441 0.000000 0.000000 0.000000
4.913830 -74.056774 15.707493 0.000000 0.000000 0.000000
6.846062 -74.138700 14.724398 0.000000 0.000000 0.000000
6.922971 -74.155220 12.751632 0.000000 0.000000 0.000000
6.093041 -74.216064 9.851155 0.000000 0.000000 0.000000
-4.133622 -73.592640 81.540872 0.000000 0.000000 0.000000
-2.390581 -73.624840 81.929287 0.000000 0.000000 0.000000
-1.068292 -73.558172 81.249711 0.000000 0.000000 0.000000
-0.563119 -73.511540 78.386452 0.000000 0.000000 0.000000
-1.579535 -73.415430 77.359729 0.000000 0.000000 0.000000
-1.445374 -73.367540 75.641682 0.000000 0.000000 0.000000
-0.595142 -73.301892 74.065431 0.000000 0.000000 0.000000
-2.605795 -73.195672 71.411921 0.000000 0.000000 0.000000
-1.544250 -73.188984 69.326120 0.000000 0.000000 0.000000
2.651014 -73.413180 69.825478 0.000000 0.000000 0.000000
-0.354124 -73.040840 67.515896 0.000000 0.000000 0.000000
0.779566 -73.348206 68.432281 0.000000 0.000000 0.000000
-0.801752 -72.957612 66.345624 0.000000 0.000000 0.000000
1.552407 -73.309740 66.200714 0.000000 0.000000 0.000000
-7.887339 -74.295800 109.827407 0.000000 0.000000 0.000000
-7.155732 -74.315948 107.827330 0.000000 0.000000 0.000000
-7.274831 -74.112708 103.205404 0.000000 0.000000 0.000000
-6.532123 -73.701014 88.636972 0.000000 0.000000 0.000000
4.211118 -74.367960 8.979775 0.000000 0.000000 0.000000
-9.467225 -74.218500 106.514691 0.000000 0.000000 0.000000
-9.951897 -74.155456 105.615130 0.000000 0.000000 0.000000
-8.285992 -74.108392 101.341702 0.000000 0.000000 0.000000
-9.507850 -74.136180 99.473715 0.000000 0.000000 0.000000
-9.465191 -74.175872 97.584991 0.000000 0.000000 0.000000
-9.518323 -74.168012 113.439994 0.000000 0.000000 0.000000
-9.488211 -74.297712 111.330298 0.000000 0.000000 0.000000
# Line 2: n=68 a=(57.535,-64.290,173.283) b=(0.456,0.062,0.888) start=(13.738,-70.229,88.046) end=(82.060,-60.964,221.012)
# x y z globalTime peakAmplitude integratedCharge
23.625000 -69.220770 108.500000 0.000000 0.000000 0.000000
25.375000 -68.890778 112.000000 0.000000 0.000000 0.000000
27.125000 -68.708118 115.500000 0.000000 0.000000 0.000000
28.875000 -68.424873 119.000000 0.000000 0.000000 0.000000
30.625000 -68.112948 122.500000 0.000000 0.000000 0.000000
34.125000 -67.694728 126.000000 0.000000 0.000000 0.000000
34.125000 -67.635800 129.500000 0.000000 0.000000 0.000000
35.875000 -67.512336 129.500000 0.000000 0.000000 0.000000
37.625000 -67.162464 133.000000 0.000000 0.000000 0.000000
39.375000 -66.795850 136.500000 0.000000 0.000000 0.000000
41.125000 -66.471883 140.000000 0.000000 0.000000 0.000000
42.875000 -66.121802 143.500000 0.000000 0.000000 0.000000
42.875000 -66.051031 147.000000 0.000000 0.000000 0.000000
44.625000 -65.952740 147.000000 0.000000 0.000000 0.000000
46.375000 -65.682200 150.500000 0.000000 0.000000 0.000000
46.375000 -65.599515 154.000000 0.000000 0.000000 0.000000
48.125000 -65.443212 154.000000 0.000000 0.000000 0.000000
48.125000 -65.321655 157.500000 0.000000 0.000000 0.000000
49.875000 -65.272330 157.500000 0.000000 0.000000 0.000000
51.625000 -64.895218 161.000000 0.000000 0.000000 0.000000
51.625000 -64.804178 164.500000 0.000000 0.000000 0.000000
53.375000 -64.742344 164.500000 0.000000 0.000000 0.000000
55.125000 -64.440552 168.000000 0.000000 0.000000 0.000000
56.875000 -64.139133 171.500000 0.000000 0.000000 0.000000
58.625000 -64.067780 171.500000 0.000000 0.000000 0.000000
58.625000 -63.927369 175.000000 0.000000 0.000000 0.000000
60.375000 -63.781454 175.000000 0.000000 0.000000 0.000000
60.375000 -63.713580 178.500000 0.000000 0.000000 0.000000
62.125000 -63.459263 182.000000 0.000000 0.000000 0.000000
63.875000 -63.182214 185.500000 0.000000 0.000000 0.000000
63.875000 -63.105484 189.000000 0.000000 0.000000 0.000000
65.625000 -63.081134 185.500000 0.000000 0.000000 0.000000
65.625000 -63.004404 189.000000 0.000000 0.000000 0.000000
65.625000 -62.931940 192.500000 0.000000 0.000000 0.000000
67.375000 -62.935733 189.000000 0.000000 0.000000 0.000000
67.375000 -62.863269 192.500000 0.000000 0.000000 0.000000
69.125000 -62.574814 196.000000 0.000000 0.000000 0.000000
69.125000 -62.544123 199.500000 0.000000 0.000000 0.000000
70.875000 -62.515668 196.000000 0.000000 0.000000 0.000000
70.875000 -62.484977 199.500000 0.000000 0.000000 0.000000
72.625000 -62.200374 203.000000 0.000000 0.000000 0.000000
72.625000 -62.144834 206.500000 0.000000 0.000000 0.000000
74.375000 -62.015888 206.500000 0.000000 0.000000 0.000000
76.125000 -61.796167 210.000000 0.000000 0.000000 0.000000
77.875000 -61.729092 210.000000 0.000000 0.000000 0.000000
77.875000 -61.683318 213.500000 0.000000 0.000000 0.000000
77.875000 -61.619024 217.000000 0.000000 0.000000 0.000000
79.625000 -61.594674 213.500000 0.000000 0.000000 0.000000
79.625000 -61.530380 217.000000 0.000000 0.000000 0.000000
79.625000 -61.479286 220.500000 0.000000 0.000000 0.000000
81.375000 -61.440228 217.000000 0.000000 0.000000 0.000000
81.375000 -61.389134 220.500000 0.000000 0.000000 0.000000
83.125000 -61.470740 220.500000 0.000000 0.000000 0.000000
14.875000 -70.778348 87.500000 0.000000 0.000000 0.000000
16.625000 -70.514948 91.000000 0.000000 0.000000 0.000000
18.375000 -70.126563 94.500000 0.000000 0.000000 0.000000
18.375000 -70.064368 98.000000 0.000000 0.000000 0.000000
20.125000 -69.961948 98.000000 0.000000 0.000000 0.000000
21.875000 -69.605522 101.500000 0.000000 0.000000 0.000000
23.625000 -69.346610 105.000000 0.000000 0.000000 0.000000
27.125000 -68.803092 112.000000 0.000000 0.000000 0.000000
28.875000 -68.572840 115.500000 0.000000 0.000000 0.000000
30.625000 -68.272431 119.000000 0.000000 0.000000 0.000000
32.375000 -68.023684 122.500000 0.000000 0.000000 0.000000
44.625000 -66.023511 143.500000 0.000000 0.000000 0.000000
53.375000 -64.833384 161.000000 0.000000 0.000000 0.000000
83.125000 -61.586128 213.500000 0.000000 0.000000 0.000000
83.125000 -61.521834 217.000000 0.000000 0.000000 0.000000
