# Event 271
# Params: dx_requested=3.441562 dx_event(vote)=3.441562 rline(inlier)=3.441562 minvotes=4 nstart=2 cover=0.800 nlines=4
# HoughMemory: requested_MB=80.062 allocated_MB=80.062 num_x=128 directions=1281 coarsened=0 maxmem_MB=0.000
# N0=147 assigned=147 remaining_after_force=0
# Line 1: n=129 a=(3.426,-72.592,63.602) b=(0.005,0.010,1.000) start=(3.175,-73.136,8.525) end=(3.775,-71.834,140.377)
# x y z globalTime peakAmplitude integratedCharge
4.561722 -72.434320 54.981039 0.000000 0.000000 0.000000
1.789928 -72.453240 54.906713 0.000000 0.000000 0.000000
5.346309 -72.478740 52.970280 0.000000 0.000000 0.000000
3.368754 -72.468408 52.861823 0.000000 0.000000 0.000000
4.723210 -72.516736 50.978934 0.000000 0.000000 0.000000
2.751921 -72.492608 50.171975 0.000000 0.000000 0.000000
3.710281 -72.512536 49.663356 0.000000 0.000000 0.000000
4.503288 -72.503180 47.806061 0.000000 0.000000 0.000000
3.038783 -72.492400 47.940880 0.000000 0.000000 0.000000
6.157095 -72.567620 45.390276 0.000000 0.000000 0.000000
0.465836 -72.544024 45.756286 0.000000 0.000000 0.000000
4.650288 -72.628540 44.389765 0.000000 0.000000 0.000000
0.644024 -72.563208 43.533619 0.000000 0.000000 0.000000
5.954343 -72.620460 42.053571 0.000000 0.000000 0.000000
3.099215 -72.578660 41.769779 0.000000 0.000000 0.000000
5.420910 -72.589190 40.160429 0.000000 0.000000 0.000000
2.147121 -72.592150 39.887272 0.000000 0.000000 0.000000
3.808940 -72.585440 39.032180 0.000000 0.000000 0.000000
0.785319 -72.571060 38.058414 0.000000 0.000000 0.000000
6.495970 -72.600628 36.114219 0.000000 0.000000 0.000000
2.713532 -72.625854 37.235639 0.000000 0.000000 0.000000
6.665378 -72.699536 34.849999 0.000000 0.000000 0.000000
0.374534 -72.683880 35.725997 0.000000 0.000000 0.000000
6.846096 -72.677026 33.933758 0.000000 0.000000 0.000000
0.357239 -72.651400 33.073996 0.000000 0.000000 0.000000
5.489524 -72.640564 31.033126 0.000000 0.000000 0.000000
2.146264 -72.669390 32.084161 0.000000 0.000000 0.000000
5.030112 -72.714620 30.228775 0.000000 0.000000 0.000000
1.506780 -72.690520 29.868889 0.000000 0.000000 0.000000
3.665480 -72.801276 28.167659 0.000000 0.000000 0.000000
3.179389 -72.728692 27.628387 0.000000 0.000000 0.000000
4.062321 -72.124488 110.724936 0.000000 0.000000 0.000000
2.366803 -72.184504 109.650668 0.000000 0.000000 0.000000
4.667096 -72.197088 108.766369 0.000000 0.000000 0.000000
0.972334 -72.226990 109.134714 0.000000 0.000000 0.000000
5.470816 -72.303052 107.052780 0.000000 0.000000 0.000000
3.344954 -72.320740 106.477883 0.000000 0.000000 0.000000
3.238632 -72.332392 105.663226 0.000000 0.000000 0.000000
2.919883 -72.386260 103.488513 0.000000 0.000000 0.000000
2.009689 -72.354224 102.222964 0.000000 0.000000 0.000000
2.679328 -72.376844 99.068676 0.000000 0.000000 0.000000
3.112250 -72.372320 97.532217 0.000000 0.000000 0.000000
1.140604 -72.394060 95.517611 0.000000 0.000000 0.000000
1.565636 -72.346560 94.176909 0.000000 0.000000 0.000000
1.100797 -72.396606 93.062884 0.000000 0.000000 0.000000
2.272867 -72.382320 90.529968 0.000000 0.000000 0.000000
1.080970 -72.377120 89.070898 0.000000 0.000000 0.000000
1.835447 -72.377344 87.263578 0.000000 0.000000 0.000000
1.788157 -72.338848 86.200095 0.000000 0.000000 0.000000
2.757026 -72.359880 84.378321 0.000000 0.000000 0.000000
1.199125 -72.947720 25.550713 0.000000 0.000000 0.000000
4.969173 -72.913770 25.890310 0.000000 0.000000 0.000000
0.712901 -73.051684 23.922693 0.000000 0.000000 0.000000
5.729662 -73.019446 25.162948 0.000000 0.000000 0.000000
1.881491 -73.140540 22.801382 0.000000 0.000000 0.000000
3.920484 -73.099920 22.295454 0.000000 0.000000 0.000000
1.715196 -73.148730 20.745127 0.000000 0.000000 0.000000
5.799109 -73.168820 21.568000 0.000000 0.000000 0.000000
2.338100 -73.243244 18.659628 0.000000 0.000000 0.000000
5.598299 -73.124940 18.945634 0.000000 0.000000 0.000000
0.222337 -73.281604 17.331371 0.000000 0.000000 0.000000
5.730692 -73.232544 17.332974 0.000000 0.000000 0.000000
0.256782 -73.296280 15.285287 0.000000 0.000000 0.000000
5.692268 -73.263904 16.304976 0.000000 0.000000 0.000000
3.215703 -73.396000 13.723593 0.000000 0.000000 0.000000
3.680104 -73.340748 14.317607 0.000000 0.000000 0.000000
1.266267 -73.479272 11.542668 0.000000 0.000000 0.000000
4.786846 -73.465480 12.676541 0.000000 0.000000 0.000000
0.295979 -73.575848 10.445945 0.000000 0.000000 0.000000
4.739926 -73.552020 10.951344 0.000000 0.000000 0.000000
1.423657 -73.643872 8.538479 0.000000 0.000000 0.000000
3.884338 -73.655054 9.429967 0.000000 0.000000 0.000000
2.402412 -72.573040 81.544439 0.000000 0.000000 0.000000
1.412885 -72.563568 80.820102 0.000000 0.000000 0.000000
1.716148 -72.529260 78.485353 0.000000 0.000000 0.000000
6.362349 -72.473346 78.464621 0.000000 0.000000 0.000000
2.119276 -72.527130 77.711051 0.000000 0.000000 0.000000
6.132960 -72.475134 76.630168 0.000000 0.000000 0.000000
3.359039 -72.512684 75.294479 0.000000 0.000000 0.000000
4.228212 -72.421296 75.896961 0.000000 0.000000 0.000000
0.285615 -72.517768 73.529016 0.000000 0.000000 0.000000
5.720642 -72.415280 73.972829 0.000000 0.000000 0.000000
1.300605 -72.544628 71.843951 0.000000 0.000000 0.000000
4.575889 -72.481788 71.857917 0.000000 0.000000 0.000000
1.389311 -72.531214 70.312778 0.000000 0.000000 0.000000
5.824153 -72.419428 69.729237 0.000000 0.000000 0.000000
3.301520 -72.556320 68.791076 0.000000 0.000000 0.000000
3.756128 -72.463684 67.578443 0.000000 0.000000 0.000000
0.520380 -72.580652 67.078629 0.000000 0.000000 0.000000
4.330355 -72.486010 66.526204 0.000000 0.000000 0.000000
1.592182 -72.547846 64.372676 0.000000 0.000000 0.000000
4.779473 -72.535040 64.750248 0.000000 0.000000 0.000000
3.256155 -72.569648 63.519534 0.000000 0.000000 0.000000
5.146286 -72.531274 62.341760 0.000000 0.000000 0.000000
1.577033 -72.601490 61.458684 0.000000 0.000000 0.000000
5.014453 -72.620752 61.076685 0.000000 0.000000 0.000000
3.400429 -72.607464 59.511258 0.000000 0.000000 0.000000
5.913744 -72.663294 60.120016 0.000000 0.000000 0.000000
0.638309 -72.626666 57.446466 0.000000 0.000000 0.000000
5.662465 -72.592468 57.275183 0.000000 0.000000 0.000000
2.651254 -72.620420 56.498071 0.000000 0.000000 0.000000
5.617575 -72.572780 55.808692 0.000000 0.000000 0.000000
4.181787 -71.925568 131.673781 0.000000 0.000000 0.000000
4.841692 -71.923500 129.666413 0.000000 0.000000 0.000000
6.544256 -71.950556 127.593071 0.000000 0.000000 0.000000
3.664213 -71.956806 126.270596 0.000000 0.000000 0.000000
3.672702 -71.936872 123.830856 0.000000 0.000000 0.000000
5.696392 -71.922660 122.550532 0.000000 0.000000 0.000000
5.830648 -71.970312 120.651748 0.000000 0.000000 0.000000
6.185054 -72.034516 118.754236 0.000000 0.000000 0.000000
5.480945 -72.073664 117.636659 0.000000 0.000000 0.000000
2.171216 -72.176110 117.805482 0.000000 0.000000 0.000000
4.500503 -72.154364 115.140099 0.000000 0.000000 0.000000
3.241014 -72.186304 115.360734 0.000000 0.000000 0.000000
6.019679 -72.187164 113.576899 0.000000 0.000000 0.000000
2.236779 -72.216632 113.659555 0.000000 0.000000 0.000000
6.361169 -72.243836 112.477958 0.000000 0.000000 0.000000
0.786357 -72.295880 112.536107 0.000000 0.000000 0.000000
0.068986 -72.479400 48.321807 0.000000 0.000000 0.000000
9.832496 -70.513648 140.336656 0.000000 0.000000 0.000000
8.441438 -70.762128 137.868933 0.000000 0.000000 0.000000
10.236881 -71.209832 136.008674 0.000000 0.000000 0.000000
9.298690 -71.659436 134.744252 0.000000 0.000000 0.000000
8.210397 -71.779608 132.855797 0.000000 0.000000 0.000000
10.296284 -71.761432 131.109321 0.000000 0.000000 0.000000
8.450891 -71.788166 129.760363 0.000000 0.000000 0.000000
9.726611 -71.832464 128.063798 0.000000 0.000000 0.000000
8.418105 -71.842960 125.482144 0.000000 0.000000 0.000000
7.529107 -71.919390 124.740065 0.000000 0.000000 0.000000
# Line 2: n=18 a=(-31.140,-79.751,185.500) b=(0.434,0.097,-0.896) start=(-48.098,-83.551,220.529) end=(1.801,-72.369,117.457)
# x y z globalTime peakAmplitude integratedCharge
-48.125000 -83.693463 220.500000 0.000000 0.000000 0.000000
-46.375000 -83.295128 217.000000 0.000000 0.000000 0.000000
-42.875000 -82.390884 210.000000 0.000000 0.000000 0.000000
-41.125000 -82.028703 206.500000 0.000000 0.000000 0.000000
-39.375000 -81.601843 203.000000 0.000000 0.000000 0.000000
-37.625000 -81.178914 199.500000 0.000000 0.000000 0.000000
-34.125000 -80.191363 189.000000 0.000000 0.000000 0.000000
-32.375000 -79.820020 185.500000 0.000000 0.000000 0.000000
-28.875000 -79.176392 182.000000 0.000000 0.000000 0.000000
-27.125000 -78.766870 178.500000 0.000000 0.000000 0.000000
-25.375000 -78.397936 175.000000 0.000000 0.000000 0.000000
-23.625000 -77.946372 168.000000 0.000000 0.000000 0.000000
-23.625000 -78.034049 171.500000 0.000000 0.000000 0.000000
-21.875000 -77.586777 164.500000 0.000000 0.000000 0.000000
-20.125000 -77.495177 164.500000 0.000000 0.000000 0.000000
-18.375000 -77.043722 157.500000 0.000000 0.000000 0.000000
-18.375000 -77.123013 161.000000 0.000000 0.000000 0.000000
-1.533867 -73.432526 115.727259 0.000000 0.000000 0.000000
