# Event 5541
# Params: dx_requested=3.348366 dx_event(vote)=3.348366 rline(inlier)=3.348366 minvotes=4 nstart=2 cover=0.800 nlines=4
# HoughMemory: requested_MB=80.062 allocated_MB=80.062 num_x=128 directions=1281 coarsened=0 maxmem_MB=0.000
# N0=143 assigned=143 remaining_after_force=0
# Line 1: n=121 a=(3.548,-76.989,61.570) b=(0.012,-0.019,1.000) start=(2.922,-76.020,9.257) end=(5.448,-79.931,220.325)
# x y z globalTime peakAmplitude integratedCharge
4.292733 -76.508416 53.765473 0.000000 0.000000 0.000000
0.163193 -76.584826 53.780327 0.000000 0.000000 0.000000
5.103852 -76.490576 52.810299 0.000000 0.000000 0.000000
0.609351 -76.497730 51.974732 0.000000 0.000000 0.000000
3.746338 -76.462664 51.368255 0.000000 0.000000 0.000000
3.093968 -76.496936 50.246717 0.000000 0.000000 0.000000
5.555163 -76.407672 48.744781 0.000000 0.000000 0.000000
0.743625 -76.458746 49.738274 0.000000 0.000000 0.000000
5.586173 -76.417880 47.484846 0.000000 0.000000 0.000000
1.921359 -76.472766 46.740986 0.000000 0.000000 0.000000
5.825821 -76.401740 45.016852 0.000000 0.000000 0.000000
2.793194 -76.405268 45.611472 0.000000 0.000000 0.000000
5.465165 -76.355236 43.979204 0.000000 0.000000 0.000000
2.543209 -76.438470 43.851830 0.000000 0.000000 0.000000
4.926348 -76.323176 42.202154 0.000000 0.000000 0.000000
1.401622 -76.364886 42.409832 0.000000 0.000000 0.000000
6.055783 -76.292054 39.932815 0.000000 0.000000 0.000000
0.919678 -76.328920 40.664197 0.000000 0.000000 0.000000
4.950303 -76.265954 38.226220 0.000000 0.000000 0.000000
1.547714 -76.296340 38.957310 0.000000 0.000000 0.000000
5.098376 -76.293274 36.556377 0.000000 0.000000 0.000000
2.998565 -76.417108 36.953337 0.000000 0.000000 0.000000
4.347865 -76.317988 35.281022 0.000000 0.000000 0.000000
2.507952 -76.378150 34.905172 0.000000 0.000000 0.000000
4.869679 -76.281592 33.705691 0.000000 0.000000 0.000000
0.511817 -76.356428 33.767191 0.000000 0.000000 0.000000
6.069385 -76.265844 31.165980 0.000000 0.000000 0.000000
0.248599 -76.339246 30.979652 0.000000 0.000000 0.000000
5.225832 -76.243146 30.315144 0.000000 0.000000 0.000000
0.872725 -76.288184 29.553313 0.000000 0.000000 0.000000
4.604088 -76.214508 27.940413 0.000000 0.000000 0.000000
1.282831 -76.264454 27.512856 0.000000 0.000000 0.000000
4.824536 -77.882440 109.895489 0.000000 0.000000 0.000000
4.617361 -77.863372 108.351959 0.000000 0.000000 0.000000
5.163132 -77.792768 106.640903 0.000000 0.000000 0.000000
5.228592 -77.729340 105.013908 0.000000 0.000000 0.000000
4.542867 -77.661188 103.644281 0.000000 0.000000 0.000000
3.221936 -77.656390 103.922983 0.000000 0.000000 0.000000
4.754433 -77.623540 100.769309 0.000000 0.000000 0.000000
3.836112 -77.553760 100.222008 0.000000 0.000000 0.000000
1.063605 -77.624480 99.894034 0.000000 0.000000 0.000000
4.336649 -77.531340 97.628467 0.000000 0.000000 0.000000
3.333511 -77.671210 97.367453 0.000000 0.000000 0.000000
5.546067 -77.479900 96.870461 0.000000 0.000000 0.000000
4.135265 -77.434430 95.048636 0.000000 0.000000 0.000000
5.261105 -77.359668 92.039359 0.000000 0.000000 0.000000
4.252191 -77.372156 91.545416 0.000000 0.000000 0.000000
6.127837 -77.262128 89.419607 0.000000 0.000000 0.000000
3.040014 -77.244260 89.711822 0.000000 0.000000 0.000000
3.254841 -77.330530 86.848504 0.000000 0.000000 0.000000
3.617222 -77.208306 85.147900 0.000000 0.000000 0.000000
4.414239 -77.124090 84.645986 0.000000 0.000000 0.000000
1.537272 -76.416028 26.418683 0.000000 0.000000 0.000000
5.619821 -76.386536 26.660291 0.000000 0.000000 0.000000
0.366829 -76.510784 23.786049 0.000000 0.000000 0.000000
5.849545 -76.414520 24.925354 0.000000 0.000000 0.000000
1.191757 -76.543768 22.767202 0.000000 0.000000 0.000000
3.978205 -76.422474 23.053464 0.000000 0.000000 0.000000
0.816316 -76.529160 20.556648 0.000000 0.000000 0.000000
4.537266 -76.514532 21.713236 0.000000 0.000000 0.000000
2.399642 -76.535914 19.484681 0.000000 0.000000 0.000000
2.446319 -76.575320 17.751702 0.000000 0.000000 0.000000
1.433192 -76.603724 15.753073 0.000000 0.000000 0.000000
4.836306 -76.565796 16.140416 0.000000 0.000000 0.000000
2.186203 -76.634320 14.239924 0.000000 0.000000 0.000000
5.515837 -76.589466 13.292084 0.000000 0.000000 0.000000
2.330420 -76.700380 11.638839 0.000000 0.000000 0.000000
4.822070 -76.606080 12.463441 0.000000 0.000000 0.000000
0.501778 -76.711968 11.202950 0.000000 0.000000 0.000000
4.659678 -76.680944 10.513921 0.000000 0.000000 0.000000
0.480551 -76.730880 9.316899 0.000000 0.000000 0.000000
4.254233 -76.739648 9.227432 0.000000 0.000000 0.000000
1.761030 -77.314540 80.874357 0.000000 0.000000 0.000000
6.566424 -77.240374 79.975264 0.000000 0.000000 0.000000
3.084943 -77.279394 78.518957 0.000000 0.000000 0.000000
3.603843 -77.185516 79.375999 0.000000 0.000000 0.000000
5.653558 -77.204034 76.553797 0.000000 0.000000 0.000000
0.461791 -77.117944 74.596512 0.000000 0.000000 0.000000
6.617208 -77.098364 74.789625 0.000000 0.000000 0.000000
1.234569 -77.082940 72.833804 0.000000 0.000000 0.000000
4.622158 -77.074604 72.766231 0.000000 0.000000 0.000000
5.536076 -77.014560 71.935475 0.000000 0.000000 0.000000
2.801342 -77.022808 70.272537 0.000000 0.000000 0.000000
4.540929 -76.969520 70.303691 0.000000 0.000000 0.000000
1.716898 -76.998426 67.676088 0.000000 0.000000 0.000000
4.750008 -76.915632 68.175477 0.000000 0.000000 0.000000
2.964572 -77.007420 65.800793 0.000000 0.000000 0.000000
5.164055 -76.873968 65.873804 0.000000 0.000000 0.000000
2.813696 -76.924054 64.467348 0.000000 0.000000 0.000000
4.663560 -76.866564 65.062036 0.000000 0.000000 0.000000
1.129152 -76.792584 62.774307 0.000000 0.000000 0.000000
4.319818 -76.881600 63.404214 0.000000 0.000000 0.000000
0.944580 -76.960052 60.825778 0.000000 0.000000 0.000000
3.610167 -76.845812 60.861640 0.000000 0.000000 0.000000
3.330061 -76.914948 58.785372 0.000000 0.000000 0.000000
5.530185 -76.866060 59.026308 0.000000 0.000000 0.000000
2.480392 -76.823566 57.480489 0.000000 0.000000 0.000000
4.194679 -76.783948 57.328632 0.000000 0.000000 0.000000
2.703972 -76.842328 55.866555 0.000000 0.000000 0.000000
3.576656 -76.714814 55.344343 0.000000 0.000000 0.000000
2.920727 -79.431488 127.063407 0.000000 0.000000 0.000000
4.037206 -78.924206 125.453547 0.000000 0.000000 0.000000
2.568245 -79.100780 125.974865 0.000000 0.000000 0.000000
4.532157 -78.602154 123.691839 0.000000 0.000000 0.000000
2.186909 -78.681400 124.249356 0.000000 0.000000 0.000000
4.635561 -78.413752 122.109924 0.000000 0.000000 0.000000
5.958185 -78.366260 120.954718 0.000000 0.000000 0.000000
5.319676 -78.352260 118.738320 0.000000 0.000000 0.000000
5.364213 -78.287170 117.676784 0.000000 0.000000 0.000000
4.028546 -78.104596 112.584013 0.000000 0.000000 0.000000
1.717568 -78.156988 112.494784 0.000000 0.000000 0.000000
14.875000 -66.332716 175.000000 0.000000 0.000000 0.000000
16.625000 -64.389743 185.500000 0.000000 0.000000 0.000000
23.625000 -58.105785 217.000000 0.000000 0.000000 0.000000
25.375000 -57.610672 220.500000 0.000000 0.000000 0.000000
6.925527 -77.273956 88.209236 0.000000 0.000000 0.000000
6.812720 -76.502124 19.473478 0.000000 0.000000 0.000000
6.825717 -76.521210 17.158848 0.000000 0.000000 0.000000
6.757566 -77.293934 81.596356 0.000000 0.000000 0.000000
0.093861 -77.194812 77.454702 0.000000 0.000000 0.000000
6.857481 -81.281946 138.165688 0.000000 0.000000 0.000000
# Line 2: n=22 a=(3.431,-80.901,135.741) b=(0.147,0.148,-0.978) start=(1.238,-83.119,150.383) end=(6.611,-77.686,114.519)
# x y z globalTime peakAmplitude integratedCharge
2.563256 -82.898380 150.614630 0.000000 0.000000 0.000000
2.262572 -83.030680 149.361202 0.000000 0.000000 0.000000
1.091096 -82.856732 147.670349 0.000000 0.000000 0.000000
0.815708 -82.615140 145.198606 0.000000 0.000000 0.000000
2.060954 -82.466326 143.269736 0.000000 0.000000 0.000000
2.253660 -82.027210 141.481058 0.000000 0.000000 0.000000
1.802501 -81.706260 140.193480 0.000000 0.000000 0.000000
4.038004 -81.552294 140.005720 0.000000 0.000000 0.000000
2.365468 -81.422656 137.539216 0.000000 0.000000 0.000000
5.522941 -80.765240 137.044053 0.000000 0.000000 0.000000
1.870864 -81.084412 136.622872 0.000000 0.000000 0.000000
3.936224 -80.482574 134.683644 0.000000 0.000000 0.000000
1.855706 -80.789094 134.643302 0.000000 0.000000 0.000000
6.141431 -80.162634 133.186143 0.000000 0.000000 0.000000
2.192819 -80.443646 132.393823 0.000000 0.000000 0.000000
3.826159 -79.765120 130.552001 0.000000 0.000000 0.000000
5.829818 -79.459350 128.917343 0.000000 0.000000 0.000000
3.119635 -79.776300 129.265859 0.000000 0.000000 0.000000
5.260759 -79.199468 127.699744 0.000000 0.000000 0.000000
6.524459 -78.234760 115.764166 0.000000 0.000000 0.000000
6.724334 -78.183966 114.460492 0.000000 0.000000 0.000000
0.071824 -80.100464 131.579812 0.000000 0.000000 0.000000
