# Event 4145
# Params: dx_requested=3.439939 dx_event(vote)=3.439939 rline(inlier)=3.439939 minvotes=4 nstart=2 cover=0.800 nlines=4
# HoughMemory: requested_MB=80.062 allocated_MB=80.062 num_x=128 directions=1281 coarsened=0 maxmem_MB=0.000
# N0=102 assigned=102 remaining_after_force=0
# Line 1: n=58 a=(0.860,-73.295,56.848) b=(0.043,-0.017,-0.999) start=(-1.872,-72.205,120.274) end=(2.916,-74.116,9.105)
# x y z globalTime peakAmplitude integratedCharge
1.780503 -72.965412 53.761281 0.000000 0.000000 0.000000
1.047759 -72.961460 53.162790 0.000000 0.000000 0.000000
0.169169 -72.985064 51.116678 0.000000 0.000000 0.000000
3.271753 -73.075788 48.669153 0.000000 0.000000 0.000000
2.559593 -73.143946 47.827444 0.000000 0.000000 0.000000
2.541752 -73.247400 46.141281 0.000000 0.000000 0.000000
0.846346 -73.272632 44.495114 0.000000 0.000000 0.000000
3.057506 -73.295410 41.880804 0.000000 0.000000 0.000000
0.242193 -73.365960 40.919638 0.000000 0.000000 0.000000
3.406440 -73.377192 38.615673 0.000000 0.000000 0.000000
2.349224 -73.431524 36.154151 0.000000 0.000000 0.000000
0.428313 -73.509720 35.475895 0.000000 0.000000 0.000000
1.805435 -73.547814 33.503409 0.000000 0.000000 0.000000
1.505560 -73.632000 30.880675 0.000000 0.000000 0.000000
1.739074 -73.682404 29.677194 0.000000 0.000000 0.000000
1.181283 -73.781300 28.050159 0.000000 0.000000 0.000000
-3.399822 -72.484614 109.532470 0.000000 0.000000 0.000000
-2.421466 -72.383252 107.837121 0.000000 0.000000 0.000000
-3.137366 -72.267860 106.458999 0.000000 0.000000 0.000000
0.382030 -72.267626 94.921575 0.000000 0.000000 0.000000
0.599955 -72.299426 92.652752 0.000000 0.000000 0.000000
0.528008 -72.342760 85.716735 0.000000 0.000000 0.000000
0.176739 -72.360688 83.284504 0.000000 0.000000 0.000000
2.992525 -74.029492 26.332236 0.000000 0.000000 0.000000
2.296878 -74.064560 24.295455 0.000000 0.000000 0.000000
2.909755 -74.215496 22.173215 0.000000 0.000000 0.000000
3.279557 -74.285028 21.600250 0.000000 0.000000 0.000000
3.045300 -74.325268 19.997477 0.000000 0.000000 0.000000
0.353869 -74.386768 18.116449 0.000000 0.000000 0.000000
2.608420 -74.491992 16.077254 0.000000 0.000000 0.000000
2.759546 -74.578876 13.569775 0.000000 0.000000 0.000000
0.942873 -74.653700 11.811198 0.000000 0.000000 0.000000
0.148400 -74.812872 10.176002 0.000000 0.000000 0.000000
0.195007 -74.919532 9.002013 0.000000 0.000000 0.000000
0.119626 -72.600756 80.027047 0.000000 0.000000 0.000000
0.055118 -72.626690 78.242415 0.000000 0.000000 0.000000
0.989655 -72.596966 76.632868 0.000000 0.000000 0.000000
1.037001 -72.639760 74.868069 0.000000 0.000000 0.000000
1.436149 -72.655090 74.195557 0.000000 0.000000 0.000000
0.150835 -72.732200 69.315292 0.000000 0.000000 0.000000
2.479126 -72.770710 67.659749 0.000000 0.000000 0.000000
0.199029 -72.801972 67.059514 0.000000 0.000000 0.000000
2.396131 -72.855084 64.189361 0.000000 0.000000 0.000000
1.598215 -72.910754 62.620046 0.000000 0.000000 0.000000
0.776836 -73.002624 60.827549 0.000000 0.000000 0.000000
1.953813 -73.031488 59.966176 0.000000 0.000000 0.000000
0.948384 -73.082330 58.316945 0.000000 0.000000 0.000000
0.483804 -73.161530 56.228283 0.000000 0.000000 0.000000
-3.197863 -73.611380 120.240963 0.000000 0.000000 0.000000
-3.038665 -73.438892 118.548617 0.000000 0.000000 0.000000
-2.767368 -73.284308 117.292400 0.000000 0.000000 0.000000
-3.096340 -73.116956 115.958286 0.000000 0.000000 0.000000
1.405349 -72.318060 96.029473 0.000000 0.000000 0.000000
2.310049 -72.278314 91.644495 0.000000 0.000000 0.000000
1.981653 -72.285724 89.561647 0.000000 0.000000 0.000000
1.846672 -72.317440 87.855582 0.000000 0.000000 0.000000
2.819697 -72.553112 82.452677 0.000000 0.000000 0.000000
3.174305 -72.716160 71.040790 0.000000 0.000000 0.000000
# Line 2: n=27 a=(-1.663,-73.414,119.167) b=(0.267,0.067,-0.961) start=(-7.887,-74.980,141.553) end=(4.112,-71.961,98.393)
# x y z globalTime peakAmplitude integratedCharge
2.164446 -72.295200 110.833984 0.000000 0.000000 0.000000
3.358857 -72.251166 108.213350 0.000000 0.000000 0.000000
0.560076 -72.198090 106.535260 0.000000 0.000000 0.000000
3.188935 -72.185600 104.660535 0.000000 0.000000 0.000000
0.998797 -72.219050 102.734561 0.000000 0.000000 0.000000
2.833586 -72.227770 100.792295 0.000000 0.000000 0.000000
2.735689 -72.226116 99.339032 0.000000 0.000000 0.000000
3.142184 -72.251954 98.103025 0.000000 0.000000 0.000000
-6.002988 -74.366706 135.773068 0.000000 0.000000 0.000000
-5.929170 -74.580328 134.829295 0.000000 0.000000 0.000000
-3.958701 -74.966034 132.505891 0.000000 0.000000 0.000000
-4.082684 -75.117694 131.276463 0.000000 0.000000 0.000000
-5.127916 -74.851700 129.424639 0.000000 0.000000 0.000000
-4.950739 -74.605040 127.365359 0.000000 0.000000 0.000000
-3.305185 -74.271940 126.059753 0.000000 0.000000 0.000000
-5.271538 -74.340130 126.476800 0.000000 0.000000 0.000000
-2.080713 -74.055884 123.694867 0.000000 0.000000 0.000000
-4.086606 -74.102686 124.757766 0.000000 0.000000 0.000000
-2.199631 -73.836854 122.860853 0.000000 0.000000 0.000000
1.734912 -72.585956 113.403429 0.000000 0.000000 0.000000
-0.326276 -72.961866 113.848027 0.000000 0.000000 0.000000
2.229752 -72.548736 112.448020 0.000000 0.000000 0.000000
-0.144808 -72.828192 112.424245 0.000000 0.000000 0.000000
-8.591758 -73.618872 141.452371 0.000000 0.000000 0.000000
-8.473185 -73.860546 139.362463 0.000000 0.000000 0.000000
-6.648535 -73.887600 122.655409 0.000000 0.000000 0.000000
-10.267191 -74.144184 138.873700 0.000000 0.000000 0.000000
# Line 3: n=17 a=(32.375,-61.061,186.594) b=(0.378,0.113,0.919) start=(4.932,-69.284,119.922) end=(46.579,-56.805,221.103)
# x y z globalTime peakAmplitude integratedCharge
14.875000 -66.646170 143.500000 0.000000 0.000000 0.000000
16.625000 -66.163504 147.000000 0.000000 0.000000 0.000000
20.125000 -64.693155 157.500000 0.000000 0.000000 0.000000
21.875000 -64.162373 161.000000 0.000000 0.000000 0.000000
23.625000 -63.624575 164.500000 0.000000 0.000000 0.000000
25.375000 -62.839248 171.500000 0.000000 0.000000 0.000000
28.875000 -61.918314 178.500000 0.000000 0.000000 0.000000
30.625000 -61.381497 182.000000 0.000000 0.000000 0.000000
35.875000 -59.682700 196.000000 0.000000 0.000000 0.000000
37.625000 -59.386243 199.500000 0.000000 0.000000 0.000000
39.375000 -58.879227 203.000000 0.000000 0.000000 0.000000
41.125000 -58.290486 210.000000 0.000000 0.000000 0.000000
42.875000 -57.797852 213.500000 0.000000 0.000000 0.000000
44.625000 -57.413540 217.000000 0.000000 0.000000 0.000000
46.375000 -57.016171 220.500000 0.000000 0.000000 0.000000
48.125000 -57.078262 220.500000 0.000000 0.000000 0.000000
6.163237 -70.557110 119.572719 0.000000 0.000000 0.000000
