# Event 5531
# Params: dx_requested=3.456478 dx_event(vote)=3.456478 rline(inlier)=3.456478 minvotes=4 nstart=2 cover=0.800 nlines=4
# HoughMemory: requested_MB=80.062 allocated_MB=80.062 num_x=128 directions=1281 coarsened=0 maxmem_MB=0.000
# N0=38 assigned=38 remaining_after_force=0
# Line 1: n=24 a=(0.316,-76.146,79.023) b=(0.233,0.081,-0.969) start=(-3.378,-77.433,94.372) end=(16.293,-70.583,12.648)
# x y z globalTime peakAmplitude integratedCharge
-0.698911 -77.141094 95.041153 0.000000 0.000000 0.000000
-2.704143 -77.132208 93.199190 0.000000 0.000000 0.000000
-1.067662 -77.045806 91.479421 0.000000 0.000000 0.000000
-2.418205 -76.939550 88.735359 0.000000 0.000000 0.000000
-2.739371 -76.843560 88.140017 0.000000 0.000000 0.000000
-1.874539 -76.733166 85.875684 0.000000 0.000000 0.000000
-2.146462 -76.636304 83.874273 0.000000 0.000000 0.000000
-2.149838 -76.669446 81.774434 0.000000 0.000000 0.000000
-1.431189 -76.547370 79.819331 0.000000 0.000000 0.000000
-3.016816 -76.333276 78.917880 0.000000 0.000000 0.000000
0.937585 -76.317524 78.344557 0.000000 0.000000 0.000000
3.010981 -76.125854 77.023096 0.000000 0.000000 0.000000
1.021254 -75.896260 75.744995 0.000000 0.000000 0.000000
1.626169 -75.701934 72.797127 0.000000 0.000000 0.000000
2.945518 -75.523188 71.537755 0.000000 0.000000 0.000000
2.923837 -75.357684 70.704825 0.000000 0.000000 0.000000
3.362150 -75.135816 67.842429 0.000000 0.000000 0.000000
4.264171 -74.398144 61.714278 0.000000 0.000000 0.000000
6.166095 -74.301232 58.864810 0.000000 0.000000 0.000000
6.564606 -74.625970 20.393312 0.000000 0.000000 0.000000
5.610012 -74.759340 15.566085 0.000000 0.000000 0.000000
5.409306 -74.880652 12.802044 0.000000 0.000000 0.000000
4.950851 -74.944820 10.543098 0.000000 0.000000 0.000000
4.130570 -75.027490 9.347594 0.000000 0.000000 0.000000
# Line 2: n=14 a=(33.750,-59.592,151.750) b=(0.309,0.142,0.941) start=(16.148,-67.679,98.133) end=(56.360,-49.205,220.623)
# x y z globalTime peakAmplitude integratedCharge
16.625000 -67.834781 98.000000 0.000000 0.000000 0.000000
18.375000 -66.802180 105.000000 0.000000 0.000000 0.000000
21.875000 -65.004250 115.500000 0.000000 0.000000 0.000000
25.375000 -63.548264 126.000000 0.000000 0.000000 0.000000
27.125000 -62.532535 133.000000 0.000000 0.000000 0.000000
28.875000 -61.796130 136.500000 0.000000 0.000000 0.000000
30.625000 -60.867103 143.500000 0.000000 0.000000 0.000000
32.375000 -60.184340 147.000000 0.000000 0.000000 0.000000
34.125000 -59.127869 154.000000 0.000000 0.000000 0.000000
37.625000 -57.600360 164.500000 0.000000 0.000000 0.000000
39.375000 -56.840829 168.000000 0.000000 0.000000 0.000000
49.875000 -52.186121 199.500000 0.000000 0.000000 0.000000
53.375000 -50.458444 213.500000 0.000000 0.000000 0.000000
56.875000 -49.509273 220.500000 0.000000 0.000000 0.000000
