# Event 3773
# Params: dx_requested=3.639949 dx_event(vote)=3.639949 rline(inlier)=3.639949 minvotes=4 nstart=2 cover=0.800 nlines=4
# HoughMemory: requested_MB=80.062 allocated_MB=80.062 num_x=128 directions=1281 coarsened=0 maxmem_MB=0.000
# N0=104 assigned=104 remaining_after_force=0
# Line 1: n=61 a=(-0.127,-74.689,59.083) b=(0.176,-0.056,0.983) start=(-8.618,-71.960,11.563) end=(6.699,-76.882,97.286)
# x y z globalTime peakAmplitude integratedCharge
-3.239693 -74.144434 53.719463 0.000000 0.000000 0.000000
-3.245047 -73.942408 53.168147 0.000000 0.000000 0.000000
-2.896876 -73.781812 50.709307 0.000000 0.000000 0.000000
-0.425702 -73.634216 49.440476 0.000000 0.000000 0.000000
-0.456642 -73.487488 47.437044 0.000000 0.000000 0.000000
-3.250248 -73.359200 45.743022 0.000000 0.000000 0.000000
-1.083726 -73.209144 44.232664 0.000000 0.000000 0.000000
-4.016676 -73.005134 43.783035 0.000000 0.000000 0.000000
-6.486350 -72.900208 42.713554 0.000000 0.000000 0.000000
-2.792334 -72.836792 40.418123 0.000000 0.000000 0.000000
-5.221555 -72.800616 40.635680 0.000000 0.000000 0.000000
-5.736257 -72.748394 38.164480 0.000000 0.000000 0.000000
-5.025039 -72.713404 36.119829 0.000000 0.000000 0.000000
-6.386464 -72.763400 34.405651 0.000000 0.000000 0.000000
-5.997104 -72.753266 33.541801 0.000000 0.000000 0.000000
-6.538101 -72.765780 31.854818 0.000000 0.000000 0.000000
-4.737909 -72.767572 29.409220 0.000000 0.000000 0.000000
-6.683148 -72.836236 27.341917 0.000000 0.000000 0.000000
4.835131 -75.543432 97.695489 0.000000 0.000000 0.000000
5.192784 -76.119128 96.062911 0.000000 0.000000 0.000000
6.857831 -76.440000 94.973652 0.000000 0.000000 0.000000
6.332757 -76.604528 92.778707 0.000000 0.000000 0.000000
6.649782 -76.619964 90.422443 0.000000 0.000000 0.000000
6.883423 -76.485840 89.511829 0.000000 0.000000 0.000000
6.364729 -76.345180 87.214568 0.000000 0.000000 0.000000
4.521389 -76.288540 85.534772 0.000000 0.000000 0.000000
5.863407 -76.174194 84.306655 0.000000 0.000000 0.000000
-5.902897 -72.990686 26.178750 0.000000 0.000000 0.000000
-5.583028 -73.034140 23.956661 0.000000 0.000000 0.000000
-4.334835 -73.063128 23.216490 0.000000 0.000000 0.000000
-4.811618 -73.068664 19.403696 0.000000 0.000000 0.000000
-6.069288 -73.230224 12.407467 0.000000 0.000000 0.000000
-6.434702 -73.317016 11.094741 0.000000 0.000000 0.000000
1.390872 -76.322004 82.434271 0.000000 0.000000 0.000000
4.301458 -76.285376 82.634457 0.000000 0.000000 0.000000
2.416956 -76.233728 79.939984 0.000000 0.000000 0.000000
6.938834 -76.187300 80.406684 0.000000 0.000000 0.000000
2.469858 -76.167974 78.587879 0.000000 0.000000 0.000000
6.631431 -76.104632 78.241096 0.000000 0.000000 0.000000
1.362092 -76.117360 76.472613 0.000000 0.000000 0.000000
4.780677 -76.078060 77.614498 0.000000 0.000000 0.000000
0.817501 -76.073748 75.350016 0.000000 0.000000 0.000000
6.408277 -76.019180 74.864564 0.000000 0.000000 0.000000
2.088914 -76.029020 73.347228 0.000000 0.000000 0.000000
2.957323 -75.925934 72.299692 0.000000 0.000000 0.000000
0.214142 -75.773080 70.132222 0.000000 0.000000 0.000000
2.880793 -75.586760 68.505933 0.000000 0.000000 0.000000
1.193732 -75.454700 67.075572 0.000000 0.000000 0.000000
-1.131001 -75.236080 65.474496 0.000000 0.000000 0.000000
2.214241 -75.275660 65.110587 0.000000 0.000000 0.000000
-2.708914 -75.136804 62.609055 0.000000 0.000000 0.000000
2.502959 -75.180712 63.676343 0.000000 0.000000 0.000000
-2.953452 -74.981634 61.773335 0.000000 0.000000 0.000000
2.767571 -75.022510 60.683589 0.000000 0.000000 0.000000
-0.778082 -74.852954 59.240672 0.000000 0.000000 0.000000
2.990754 -74.887310 59.588278 0.000000 0.000000 0.000000
-1.827800 -74.675396 58.328912 0.000000 0.000000 0.000000
0.370320 -74.740814 57.511245 0.000000 0.000000 0.000000
-1.958430 -74.504620 56.401721 0.000000 0.000000 0.000000
-0.221977 -73.076196 41.468596 0.000000 0.000000 0.000000
-2.980321 -73.021314 26.754498 0.000000 0.000000 0.000000
# Line 2: n=27 a=(-43.308,-60.423,120.411) b=(0.347,-0.112,-0.931) start=(-75.654,-50.003,207.314) end=(-1.601,-73.858,8.357)
# x y z globalTime peakAmplitude integratedCharge
-72.625000 -51.637377 192.500000 0.000000 0.000000 0.000000
-70.875000 -52.037083 189.000000 0.000000 0.000000 0.000000
-69.125000 -52.485843 185.500000 0.000000 0.000000 0.000000
-65.625000 -53.369296 178.500000 0.000000 0.000000 0.000000
-62.125000 -54.554325 168.000000 0.000000 0.000000 0.000000
-62.125000 -54.441033 171.500000 0.000000 0.000000 0.000000
-60.375000 -54.781979 164.500000 0.000000 0.000000 0.000000
-60.375000 -54.687949 168.000000 0.000000 0.000000 0.000000
-58.625000 -55.480184 161.000000 0.000000 0.000000 0.000000
-56.875000 -55.854999 157.500000 0.000000 0.000000 0.000000
-55.125000 -56.411157 154.000000 0.000000 0.000000 0.000000
-53.375000 -57.064570 147.000000 0.000000 0.000000 0.000000
-49.875000 -57.940258 143.500000 0.000000 0.000000 0.000000
-48.125000 -58.534704 136.500000 0.000000 0.000000 0.000000
-44.625000 -59.622312 129.500000 0.000000 0.000000 0.000000
-42.875000 -60.259100 126.000000 0.000000 0.000000 0.000000
-41.125000 -60.755797 122.500000 0.000000 0.000000 0.000000
-4.135482 -73.124524 17.558581 0.000000 0.000000 0.000000
-4.005714 -73.196466 15.481455 0.000000 0.000000 0.000000
-5.260050 -73.181988 13.689713 0.000000 0.000000 0.000000
-2.723136 -73.343670 10.353774 0.000000 0.000000 0.000000
-4.323046 -73.456756 9.112087 0.000000 0.000000 0.000000
-1.763418 -73.499890 8.253554 0.000000 0.000000 0.000000
-77.875000 -50.107439 206.500000 0.000000 0.000000 0.000000
-3.908880 -73.071514 20.997239 0.000000 0.000000 0.000000
-1.561388 -73.126232 19.689941 0.000000 0.000000 0.000000
-1.390797 -73.127180 15.301537 0.000000 0.000000 0.000000
# Line 3: n=16 a=(-19.778,-67.959,75.198) b=(0.403,-0.142,-0.904) start=(-84.340,-45.193,220.219) end=(-0.696,-74.688,32.337)
# x y z globalTime peakAmplitude integratedCharge
-39.375000 -61.424358 119.000000 0.000000 0.000000 0.000000
-34.125000 -62.817249 108.500000 0.000000 0.000000 0.000000
-28.875000 -64.652263 94.500000 0.000000 0.000000 0.000000
-27.125000 -65.217944 91.000000 0.000000 0.000000 0.000000
-25.375000 -65.706748 87.500000 0.000000 0.000000 0.000000
-21.875000 -67.016942 80.500000 0.000000 0.000000 0.000000
-20.125000 -67.428844 77.000000 0.000000 0.000000 0.000000
-18.375000 -68.313388 70.000000 0.000000 0.000000 0.000000
-6.701707 -73.512020 48.734779 0.000000 0.000000 0.000000
-6.915265 -73.330580 47.919597 0.000000 0.000000 0.000000
-6.876909 -73.233228 46.068521 0.000000 0.000000 0.000000
-1.586410 -72.857476 31.652946 0.000000 0.000000 0.000000
-84.875000 -48.533501 217.000000 0.000000 0.000000 0.000000
-84.875000 -48.503847 220.500000 0.000000 0.000000 0.000000
-81.375000 -49.139720 213.500000 0.000000 0.000000 0.000000
-76.125000 -50.759959 199.500000 0.000000 0.000000 0.000000
