# Event 2004
# Params: dx_requested=3.812886 dx_event(vote)=3.812886 rline(inlier)=3.812886 minvotes=4 nstart=2 cover=0.800 nlines=4
# HoughMemory: requested_MB=80.062 allocated_MB=80.062 num_x=128 directions=1281 coarsened=0 maxmem_MB=0.000
# N0=111 assigned=111 remaining_after_force=0
# Line 1: n=76 a=(0.954,-70.594,54.869) b=(0.192,-0.050,0.980) start=(-8.021,-68.239,9.122) end=(9.554,-72.851,98.706)
# x y z globalTime peakAmplitude integratedCharge
1.984648 -70.309626 53.808567 0.000000 0.000000 0.000000
-2.697369 -70.311390 53.767385 0.000000 0.000000 0.000000
0.918581 -70.171340 53.082105 0.000000 0.000000 0.000000
-2.233052 -70.141424 52.836214 0.000000 0.000000 0.000000
1.426040 -70.018750 51.250516 0.000000 0.000000 0.000000
-3.303666 -70.021264 50.167532 0.000000 0.000000 0.000000
1.443763 -69.804820 48.491014 0.000000 0.000000 0.000000
-0.487384 -69.868146 49.668432 0.000000 0.000000 0.000000
-3.384992 -69.764392 47.610333 0.000000 0.000000 0.000000
-3.136182 -69.599188 46.021515 0.000000 0.000000 0.000000
-0.992405 -69.486260 43.096618 0.000000 0.000000 0.000000
-4.922669 -69.434700 43.872107 0.000000 0.000000 0.000000
-0.882520 -69.335308 42.682855 0.000000 0.000000 0.000000
-5.020757 -69.265870 42.647002 0.000000 0.000000 0.000000
-2.794179 -69.222920 39.519268 0.000000 0.000000 0.000000
-4.390292 -69.101288 40.543255 0.000000 0.000000 0.000000
-0.119165 -69.096374 37.842963 0.000000 0.000000 0.000000
-4.423180 -68.986524 38.373057 0.000000 0.000000 0.000000
-1.250641 -68.970920 37.485975 0.000000 0.000000 0.000000
-6.512483 -68.878150 36.035334 0.000000 0.000000 0.000000
-0.502637 -68.862646 35.116542 0.000000 0.000000 0.000000
-4.979172 -68.845526 34.946078 0.000000 0.000000 0.000000
-5.055590 -68.800068 32.716656 0.000000 0.000000 0.000000
-4.068526 -68.867908 31.507326 0.000000 0.000000 0.000000
-4.423194 -68.885186 29.951554 0.000000 0.000000 0.000000
-3.752640 -68.936170 27.709633 0.000000 0.000000 0.000000
6.299358 -72.424854 83.292249 0.000000 0.000000 0.000000
-6.389507 -69.146716 26.302164 0.000000 0.000000 0.000000
-4.983512 -69.166364 24.196043 0.000000 0.000000 0.000000
-3.980780 -69.189924 22.019655 0.000000 0.000000 0.000000
-5.686745 -69.256060 21.685818 0.000000 0.000000 0.000000
-4.969540 -69.283234 19.944691 0.000000 0.000000 0.000000
-3.793736 -69.275080 17.127109 0.000000 0.000000 0.000000
-3.647408 -69.316052 15.910541 0.000000 0.000000 0.000000
-4.976632 -69.403814 14.113976 0.000000 0.000000 0.000000
-4.628738 -69.420234 12.257106 0.000000 0.000000 0.000000
-5.442072 -69.429650 10.843494 0.000000 0.000000 0.000000
-5.834412 -69.594140 8.623695 0.000000 0.000000 0.000000
4.844637 -72.487170 82.780147 0.000000 0.000000 0.000000
5.719263 -72.343012 79.815773 0.000000 0.000000 0.000000
5.159269 -72.256214 78.706836 0.000000 0.000000 0.000000
6.604593 -72.146930 76.890054 0.000000 0.000000 0.000000
4.281549 -72.013680 75.034874 0.000000 0.000000 0.000000
3.916699 -71.900330 73.304920 0.000000 0.000000 0.000000
2.111212 -71.801330 72.173057 0.000000 0.000000 0.000000
5.008174 -71.778700 72.496587 0.000000 0.000000 0.000000
2.328077 -71.676700 69.719006 0.000000 0.000000 0.000000
4.483617 -71.645086 70.373187 0.000000 0.000000 0.000000
1.808613 -71.523590 68.618133 0.000000 0.000000 0.000000
4.125053 -71.525036 68.229125 0.000000 0.000000 0.000000
1.100811 -71.412256 66.452904 0.000000 0.000000 0.000000
4.288592 -71.428968 66.032165 0.000000 0.000000 0.000000
2.291167 -71.285064 65.107780 0.000000 0.000000 0.000000
5.128996 -71.288770 64.220067 0.000000 0.000000 0.000000
2.268997 -71.182526 62.995654 0.000000 0.000000 0.000000
4.988885 -71.267620 62.668471 0.000000 0.000000 0.000000
2.412000 -71.072272 60.687751 0.000000 0.000000 0.000000
1.665415 -70.962900 59.332669 0.000000 0.000000 0.000000
0.800579 -70.825776 57.823248 0.000000 0.000000 0.000000
-2.449420 -70.673748 55.521004 0.000000 0.000000 0.000000
1.873392 -70.701232 55.694919 0.000000 0.000000 0.000000
10.196731 -71.970904 98.625610 0.000000 0.000000 0.000000
8.293146 -72.272280 96.679292 0.000000 0.000000 0.000000
8.892937 -72.366800 95.234249 0.000000 0.000000 0.000000
8.616205 -72.482812 93.199300 0.000000 0.000000 0.000000
8.783216 -72.465008 91.073237 0.000000 0.000000 0.000000
8.928568 -72.516400 88.538639 0.000000 0.000000 0.000000
9.150420 -72.475714 88.014330 0.000000 0.000000 0.000000
9.759674 -72.496880 86.081183 0.000000 0.000000 0.000000
10.406727 -72.411054 84.379439 0.000000 0.000000 0.000000
7.297560 -72.357794 82.911331 0.000000 0.000000 0.000000
7.742951 -72.310926 79.881984 0.000000 0.000000 0.000000
8.414530 -72.151500 79.058042 0.000000 0.000000 0.000000
-2.870101 -69.431480 12.664784 0.000000 0.000000 0.000000
-2.843087 -69.658850 8.197166 0.000000 0.000000 0.000000
-2.892437 -70.753552 57.506772 0.000000 0.000000 0.000000
# Line 2: n=35 a=(-65.943,-51.433,149.545) b=(0.470,-0.124,-0.874) start=(-104.515,-41.259,221.180) end=(-23.200,-62.707,70.165)
# x y z globalTime peakAmplitude integratedCharge
-104.125000 -41.733156 220.500000 0.000000 0.000000 0.000000
-102.375000 -42.170965 217.000000 0.000000 0.000000 0.000000
-100.625000 -42.539815 213.500000 0.000000 0.000000 0.000000
-98.875000 -42.978379 210.000000 0.000000 0.000000 0.000000
-97.125000 -43.441769 206.500000 0.000000 0.000000 0.000000
-95.375000 -43.786418 203.000000 0.000000 0.000000 0.000000
-95.375000 -43.634545 206.500000 0.000000 0.000000 0.000000
-90.125000 -45.073565 192.500000 0.000000 0.000000 0.000000
-90.125000 -44.927143 196.000000 0.000000 0.000000 0.000000
-86.625000 -45.876678 189.000000 0.000000 0.000000 0.000000
-83.125000 -46.753630 182.000000 0.000000 0.000000 0.000000
-77.875000 -48.011770 171.500000 0.000000 0.000000 0.000000
-76.125000 -48.598012 168.000000 0.000000 0.000000 0.000000
-74.375000 -49.035208 164.500000 0.000000 0.000000 0.000000
-70.875000 -50.055518 157.500000 0.000000 0.000000 0.000000
-65.625000 -51.237424 150.500000 0.000000 0.000000 0.000000
-63.875000 -51.690143 147.000000 0.000000 0.000000 0.000000
-60.375000 -52.537757 140.000000 0.000000 0.000000 0.000000
-58.625000 -53.044198 136.500000 0.000000 0.000000 0.000000
-56.875000 -53.619781 133.000000 0.000000 0.000000 0.000000
-55.125000 -54.204317 129.500000 0.000000 0.000000 0.000000
-53.375000 -54.654120 126.000000 0.000000 0.000000 0.000000
-51.625000 -55.186214 122.500000 0.000000 0.000000 0.000000
-49.875000 -55.705619 119.000000 0.000000 0.000000 0.000000
-46.375000 -56.599873 112.000000 0.000000 0.000000 0.000000
-42.875000 -57.380157 108.500000 0.000000 0.000000 0.000000
-41.125000 -57.943656 101.500000 0.000000 0.000000 0.000000
-37.625000 -58.818102 98.000000 0.000000 0.000000 0.000000
-34.125000 -59.914752 91.000000 0.000000 0.000000 0.000000
-32.375000 -60.464798 87.500000 0.000000 0.000000 0.000000
-30.625000 -60.968803 84.000000 0.000000 0.000000 0.000000
-28.875000 -61.538996 80.500000 0.000000 0.000000 0.000000
-23.625000 -63.158951 70.000000 0.000000 0.000000 0.000000
-105.875000 -41.627510 220.500000 0.000000 0.000000 0.000000
-83.125000 -46.711617 178.500000 0.000000 0.000000 0.000000
