# Event 992
# Params: dx_requested=3.474014 dx_event(vote)=3.474014 rline(inlier)=3.474014 minvotes=4 nstart=2 cover=0.800 nlines=4
# HoughMemory: requested_MB=80.062 allocated_MB=80.062 num_x=128 directions=1281 coarsened=0 maxmem_MB=0.000
# N0=86 assigned=86 remaining_after_force=0
# Line 1: n=71 a=(-0.247,-76.057,58.138) b=(0.076,0.038,-0.996) start=(-4.006,-77.922,107.466) end=(3.470,-74.213,9.354)
# x y z globalTime peakAmplitude integratedCharge
2.763795 -74.753656 53.915343 0.000000 0.000000 0.000000
0.348510 -74.761450 52.719124 0.000000 0.000000 0.000000
0.295722 -74.802340 50.408179 0.000000 0.000000 0.000000
3.321434 -74.817988 48.470542 0.000000 0.000000 0.000000
0.663835 -74.826044 46.816779 0.000000 0.000000 0.000000
3.335403 -74.819990 45.842341 0.000000 0.000000 0.000000
2.810073 -74.845886 43.396862 0.000000 0.000000 0.000000
2.887608 -74.848664 41.446040 0.000000 0.000000 0.000000
0.430079 -74.848132 40.980469 0.000000 0.000000 0.000000
3.195968 -74.857532 37.953479 0.000000 0.000000 0.000000
2.563600 -74.899310 36.137469 0.000000 0.000000 0.000000
0.714017 -74.928486 34.939050 0.000000 0.000000 0.000000
0.449100 -74.907830 33.097867 0.000000 0.000000 0.000000
0.395025 -74.928016 31.162753 0.000000 0.000000 0.000000
1.876159 -74.957386 29.605293 0.000000 0.000000 0.000000
2.049576 -75.015576 28.583688 0.000000 0.000000 0.000000
-3.795397 -79.646570 107.416562 0.000000 0.000000 0.000000
-4.831485 -79.480786 102.589137 0.000000 0.000000 0.000000
-4.180033 -78.881680 99.030178 0.000000 0.000000 0.000000
-4.550248 -78.617994 98.666478 0.000000 0.000000 0.000000
-5.906839 -78.451734 96.096748 0.000000 0.000000 0.000000
-5.510366 -78.261926 94.570168 0.000000 0.000000 0.000000
-5.789888 -78.107476 93.107173 0.000000 0.000000 0.000000
-3.990973 -77.939026 91.658263 0.000000 0.000000 0.000000
-2.551076 -77.755744 89.347583 0.000000 0.000000 0.000000
-4.259001 -77.742846 89.511488 0.000000 0.000000 0.000000
-0.258695 -77.551354 88.047608 0.000000 0.000000 0.000000
-0.631628 -77.409948 85.788461 0.000000 0.000000 0.000000
-4.174676 -77.403534 86.382003 0.000000 0.000000 0.000000
-3.398775 -77.262946 84.735275 0.000000 0.000000 0.000000
1.303382 -75.227180 25.565153 0.000000 0.000000 0.000000
2.737347 -75.282490 24.841169 0.000000 0.000000 0.000000
2.750334 -75.344764 22.649055 0.000000 0.000000 0.000000
1.338787 -75.385474 20.866615 0.000000 0.000000 0.000000
1.805151 -75.402294 19.510120 0.000000 0.000000 0.000000
2.322260 -75.475714 18.158934 0.000000 0.000000 0.000000
0.689237 -75.510040 15.076569 0.000000 0.000000 0.000000
0.090378 -75.611414 14.085478 0.000000 0.000000 0.000000
2.930454 -75.649460 12.389532 0.000000 0.000000 0.000000
1.530987 -75.729980 10.012778 0.000000 0.000000 0.000000
1.846707 -75.827160 9.168740 0.000000 0.000000 0.000000
-2.600928 -77.227560 82.433563 0.000000 0.000000 0.000000
-3.377827 -77.048096 80.897736 0.000000 0.000000 0.000000
-2.598472 -76.874292 79.078548 0.000000 0.000000 0.000000
-1.030720 -76.665692 77.679425 0.000000 0.000000 0.000000
-0.277001 -76.493836 74.758491 0.000000 0.000000 0.000000
-3.065299 -76.300408 74.235340 0.000000 0.000000 0.000000
-0.986140 -76.088526 71.643411 0.000000 0.000000 0.000000
1.740521 -76.015000 72.200238 0.000000 0.000000 0.000000
-0.553851 -75.956420 69.398706 0.000000 0.000000 0.000000
1.694003 -75.825660 69.440960 0.000000 0.000000 0.000000
-1.385935 -75.748846 67.981331 0.000000 0.000000 0.000000
1.044529 -75.589332 68.186972 0.000000 0.000000 0.000000
-1.758805 -75.535174 66.680255 0.000000 0.000000 0.000000
1.621457 -75.419348 66.401855 0.000000 0.000000 0.000000
-2.792917 -75.409852 64.606381 0.000000 0.000000 0.000000
0.717319 -75.281500 64.219360 0.000000 0.000000 0.000000
-0.281499 -75.235240 62.881300 0.000000 0.000000 0.000000
0.258570 -75.163306 63.112645 0.000000 0.000000 0.000000
1.772878 -74.945746 59.490051 0.000000 0.000000 0.000000
0.106755 -74.944540 58.489692 0.000000 0.000000 0.000000
2.829540 -74.979950 56.006547 0.000000 0.000000 0.000000
-6.915761 -79.712640 104.452399 0.000000 0.000000 0.000000
-6.800295 -79.174940 101.893214 0.000000 0.000000 0.000000
-6.732517 -77.556848 86.755289 0.000000 0.000000 0.000000
-6.822425 -77.268520 83.953933 0.000000 0.000000 0.000000
-5.753052 -77.193994 82.932273 0.000000 0.000000 0.000000
-6.077228 -76.936730 80.386588 0.000000 0.000000 0.000000
2.898034 -76.168896 72.919507 0.000000 0.000000 0.000000
-7.791033 -79.791236 107.000324 0.000000 0.000000 0.000000
-7.287654 -79.933700 105.538974 0.000000 0.000000 0.000000
# Line 2: n=15 a=(35.250,-56.149,168.250) b=(0.310,0.153,0.938) start=(0.175,-73.393,62.249) end=(52.612,-47.613,220.719)
# x y z globalTime peakAmplitude integratedCharge
20.125000 -63.744315 122.500000 0.000000 0.000000 0.000000
21.875000 -62.693411 129.500000 0.000000 0.000000 0.000000
23.625000 -61.902902 133.000000 0.000000 0.000000 0.000000
25.375000 -61.249161 136.500000 0.000000 0.000000 0.000000
27.125000 -60.092487 143.500000 0.000000 0.000000 0.000000
30.625000 -58.441342 154.000000 0.000000 0.000000 0.000000
34.125000 -56.654932 164.500000 0.000000 0.000000 0.000000
37.625000 -54.800122 175.000000 0.000000 0.000000 0.000000
39.375000 -53.867386 182.000000 0.000000 0.000000 0.000000
41.125000 -53.069580 185.500000 0.000000 0.000000 0.000000
42.875000 -52.256564 192.500000 0.000000 0.000000 0.000000
46.375000 -50.521715 203.000000 0.000000 0.000000 0.000000
49.875000 -48.972185 213.500000 0.000000 0.000000 0.000000
53.375000 -47.816531 220.500000 0.000000 0.000000 0.000000
2.808002 -75.010760 61.641228 0.000000 0.000000 0.000000
