# Event 1528
# Params: dx_requested=3.470587 dx_event(vote)=3.470587 rline(inlier)=3.470587 minvotes=4 nstart=2 cover=0.800 nlines=4
# HoughMemory: requested_MB=80.062 allocated_MB=80.062 num_x=128 directions=1281 coarsened=0 maxmem_MB=0.000
# N0=125 assigned=125 remaining_after_force=0
# Line 1: n=81 a=(3.644,-74.102,46.385) b=(0.013,0.007,1.000) start=(3.154,-74.368,8.712) end=(4.377,-73.704,102.713)
# x y z globalTime peakAmplitude integratedCharge
0.767234 -73.672436 53.088377 0.000000 0.000000 0.000000
2.515525 -73.680250 49.423037 0.000000 0.000000 0.000000
5.062433 -73.820880 47.573733 0.000000 0.000000 0.000000
2.194812 -73.762610 47.853414 0.000000 0.000000 0.000000
2.980178 -73.789160 45.148962 0.000000 0.000000 0.000000
4.172841 -73.849212 44.047284 0.000000 0.000000 0.000000
2.539261 -73.787604 43.056510 0.000000 0.000000 0.000000
4.466643 -73.817548 42.132554 0.000000 0.000000 0.000000
3.233378 -73.815552 42.614463 0.000000 0.000000 0.000000
2.567925 -73.845892 38.660450 0.000000 0.000000 0.000000
3.437831 -73.850488 36.393706 0.000000 0.000000 0.000000
1.265866 -73.935974 35.633134 0.000000 0.000000 0.000000
2.857884 -73.904700 33.341893 0.000000 0.000000 0.000000
0.452846 -73.942230 32.072892 0.000000 0.000000 0.000000
6.738908 -73.975012 29.245684 0.000000 0.000000 0.000000
1.555722 -73.997332 30.487846 0.000000 0.000000 0.000000
6.239206 -74.045544 28.080783 0.000000 0.000000 0.000000
1.324638 -74.034644 27.289132 0.000000 0.000000 0.000000
6.613412 -74.080260 92.072949 0.000000 0.000000 0.000000
6.567072 -74.094006 91.257618 0.000000 0.000000 0.000000
5.179126 -74.159076 88.519665 0.000000 0.000000 0.000000
6.648581 -74.176764 87.164434 0.000000 0.000000 0.000000
4.716656 -74.164948 85.435668 0.000000 0.000000 0.000000
3.745343 -74.112840 84.454967 0.000000 0.000000 0.000000
1.604841 -74.225494 26.112849 0.000000 0.000000 0.000000
5.998679 -74.217880 25.509337 0.000000 0.000000 0.000000
0.414644 -74.298804 24.629763 0.000000 0.000000 0.000000
6.557127 -74.267440 24.935659 0.000000 0.000000 0.000000
3.119056 -74.316828 22.949070 0.000000 0.000000 0.000000
5.152474 -74.280384 22.071648 0.000000 0.000000 0.000000
1.264176 -74.389654 21.508709 0.000000 0.000000 0.000000
5.245783 -74.276966 20.822579 0.000000 0.000000 0.000000
3.808345 -74.401434 19.028434 0.000000 0.000000 0.000000
3.231543 -74.492164 17.272082 0.000000 0.000000 0.000000
5.070296 -74.373346 17.077354 0.000000 0.000000 0.000000
1.873546 -74.502686 15.701968 0.000000 0.000000 0.000000
3.574283 -74.426392 15.174341 0.000000 0.000000 0.000000
3.063738 -74.636360 13.346524 0.000000 0.000000 0.000000
6.607813 -74.535388 13.434300 0.000000 0.000000 0.000000
2.719575 -74.668530 12.449036 0.000000 0.000000 0.000000
5.399290 -74.651580 11.663460 0.000000 0.000000 0.000000
2.780378 -74.772864 11.072242 0.000000 0.000000 0.000000
6.088015 -74.670520 11.058524 0.000000 0.000000 0.000000
0.379462 -74.890368 8.751891 0.000000 0.000000 0.000000
4.249446 -74.855792 9.043289 0.000000 0.000000 0.000000
5.736259 -74.189966 82.759884 0.000000 0.000000 0.000000
6.240147 -74.137012 80.323292 0.000000 0.000000 0.000000
0.573590 -74.086066 78.268529 0.000000 0.000000 0.000000
6.240443 -74.110560 79.255530 0.000000 0.000000 0.000000
1.589647 -74.066236 77.388380 0.000000 0.000000 0.000000
5.185050 -74.032056 76.496702 0.000000 0.000000 0.000000
2.239827 -73.945826 75.632217 0.000000 0.000000 0.000000
5.365923 -73.964340 75.731276 0.000000 0.000000 0.000000
6.117471 -73.889228 73.717034 0.000000 0.000000 0.000000
0.708968 -73.837994 71.238010 0.000000 0.000000 0.000000
5.518219 -73.817680 71.863298 0.000000 0.000000 0.000000
2.064564 -73.803124 70.214727 0.000000 0.000000 0.000000
4.245414 -73.713928 70.350539 0.000000 0.000000 0.000000
3.988503 -73.647064 68.284814 0.000000 0.000000 0.000000
2.390345 -73.726690 66.731876 0.000000 0.000000 0.000000
2.633249 -73.803436 63.642530 0.000000 0.000000 0.000000
1.907083 -73.830634 60.660502 0.000000 0.000000 0.000000
2.561293 -73.851044 58.819618 0.000000 0.000000 0.000000
3.404415 -73.842988 58.497719 0.000000 0.000000 0.000000
2.102736 -73.861676 56.511903 0.000000 0.000000 0.000000
0.458013 -73.652668 53.653712 0.000000 0.000000 0.000000
0.156793 -73.685114 50.390887 0.000000 0.000000 0.000000
0.083394 -73.820190 39.523803 0.000000 0.000000 0.000000
0.166401 -74.377514 18.804432 0.000000 0.000000 0.000000
8.638448 -73.699360 102.657290 0.000000 0.000000 0.000000
10.364272 -73.750700 102.173673 0.000000 0.000000 0.000000
9.133441 -73.796260 99.854397 0.000000 0.000000 0.000000
7.124839 -73.873236 97.273024 0.000000 0.000000 0.000000
9.371163 -73.914344 96.458045 0.000000 0.000000 0.000000
8.052138 -74.005932 93.800964 0.000000 0.000000 0.000000
8.742727 -74.042304 93.370637 0.000000 0.000000 0.000000
8.914669 -74.084826 90.912319 0.000000 0.000000 0.000000
8.840685 -74.188110 88.764802 0.000000 0.000000 0.000000
8.034328 -74.203814 87.762076 0.000000 0.000000 0.000000
10.325880 -74.180100 86.286558 0.000000 0.000000 0.000000
7.368875 -73.981312 83.811569 0.000000 0.000000 0.000000
# Line 2: n=44 a=(-42.706,-64.853,167.320) b=(0.407,-0.079,-0.910) start=(-65.040,-60.499,217.223) end=(2.900,-73.743,65.421)
# x y z globalTime peakAmplitude integratedCharge
-65.625000 -60.941419 217.000000 0.000000 0.000000 0.000000
-63.875000 -61.148890 213.500000 0.000000 0.000000 0.000000
-63.875000 -61.061051 217.000000 0.000000 0.000000 0.000000
-62.125000 -61.414850 210.000000 0.000000 0.000000 0.000000
-60.375000 -61.857831 203.000000 0.000000 0.000000 0.000000
-60.375000 -61.741698 206.500000 0.000000 0.000000 0.000000
-58.625000 -62.132035 199.500000 0.000000 0.000000 0.000000
-58.625000 -61.973310 203.000000 0.000000 0.000000 0.000000
-56.875000 -62.309747 196.000000 0.000000 0.000000 0.000000
-56.875000 -62.239288 199.500000 0.000000 0.000000 0.000000
-55.125000 -62.579434 192.500000 0.000000 0.000000 0.000000
-55.125000 -62.439307 196.000000 0.000000 0.000000 0.000000
-53.375000 -62.855892 189.000000 0.000000 0.000000 0.000000
-53.375000 -62.714846 192.500000 0.000000 0.000000 0.000000
-51.625000 -63.096380 185.500000 0.000000 0.000000 0.000000
-51.625000 -62.963510 189.000000 0.000000 0.000000 0.000000
-49.875000 -63.370234 182.000000 0.000000 0.000000 0.000000
-49.875000 -63.268030 185.500000 0.000000 0.000000 0.000000
-48.125000 -63.630670 178.500000 0.000000 0.000000 0.000000
-48.125000 -63.483712 182.000000 0.000000 0.000000 0.000000
-46.375000 -63.973074 175.000000 0.000000 0.000000 0.000000
-44.625000 -64.215045 171.500000 0.000000 0.000000 0.000000
-44.625000 -64.136829 175.000000 0.000000 0.000000 0.000000
-42.875000 -64.560932 168.000000 0.000000 0.000000 0.000000
-41.125000 -64.781858 164.500000 0.000000 0.000000 0.000000
-41.125000 -64.699164 168.000000 0.000000 0.000000 0.000000
-39.375000 -65.200833 157.500000 0.000000 0.000000 0.000000
-39.375000 -65.175607 161.000000 0.000000 0.000000 0.000000
-37.625000 -65.320621 157.500000 0.000000 0.000000 0.000000
-34.125000 -66.190219 147.000000 0.000000 0.000000 0.000000
-34.125000 -66.150843 150.500000 0.000000 0.000000 0.000000
-32.375000 -66.587903 143.500000 0.000000 0.000000 0.000000
-28.875000 -67.267007 140.000000 0.000000 0.000000 0.000000
-23.625000 -68.474504 126.000000 0.000000 0.000000 0.000000
-21.875000 -68.755443 122.500000 0.000000 0.000000 0.000000
-16.625000 -70.097785 108.500000 0.000000 0.000000 0.000000
-16.625000 -69.974217 112.000000 0.000000 0.000000 0.000000
0.289710 -73.857196 74.041362 0.000000 0.000000 0.000000
0.056541 -73.720996 68.997216 0.000000 0.000000 0.000000
0.303296 -73.753632 64.259872 0.000000 0.000000 0.000000
-37.625000 -65.295395 161.000000 0.000000 0.000000 0.000000
-21.875000 -68.602167 126.000000 0.000000 0.000000 0.000000
-20.125000 -68.934276 122.500000 0.000000 0.000000 0.000000
-18.375000 -69.380728 119.000000 0.000000 0.000000 0.000000
