# Event 4667
# Params: dx_requested=3.383415 dx_event(vote)=3.383415 rline(inlier)=3.383415 minvotes=4 nstart=2 cover=0.800 nlines=4
# HoughMemory: requested_MB=80.062 allocated_MB=80.062 num_x=128 directions=1281 coarsened=0 maxmem_MB=0.000
# N0=130 assigned=130 remaining_after_force=0
# Line 1: n=113 a=(-0.636,-70.240,78.509) b=(0.023,0.023,0.999) start=(-2.250,-71.858,8.152) end=(0.943,-68.656,147.366)
# x y z globalTime peakAmplitude integratedCharge
-1.342334 -70.533270 54.483320 0.000000 0.000000 0.000000
-0.671597 -70.548880 52.748250 0.000000 0.000000 0.000000
-1.830304 -70.582940 51.409077 0.000000 0.000000 0.000000
-2.464517 -70.604852 49.749593 0.000000 0.000000 0.000000
-1.515577 -70.670434 46.898211 0.000000 0.000000 0.000000
-0.547551 -70.743640 46.055211 0.000000 0.000000 0.000000
-0.623454 -70.762440 43.764840 0.000000 0.000000 0.000000
-1.025569 -70.828420 41.494166 0.000000 0.000000 0.000000
-3.403132 -70.870446 39.640409 0.000000 0.000000 0.000000
-2.689941 -70.903448 38.555018 0.000000 0.000000 0.000000
-1.047449 -70.934876 37.200079 0.000000 0.000000 0.000000
-0.539554 -70.988404 34.501870 0.000000 0.000000 0.000000
-1.052571 -71.053516 33.600735 0.000000 0.000000 0.000000
-2.739155 -71.108148 31.782068 0.000000 0.000000 0.000000
-0.544237 -71.137768 30.256841 0.000000 0.000000 0.000000
-3.417703 -71.238540 28.115202 0.000000 0.000000 0.000000
0.653808 -69.753700 110.031951 0.000000 0.000000 0.000000
-1.105164 -69.749860 110.533819 0.000000 0.000000 0.000000
2.488751 -69.746920 108.368811 0.000000 0.000000 0.000000
-2.706240 -69.810016 107.900033 0.000000 0.000000 0.000000
0.147019 -69.773090 107.229304 0.000000 0.000000 0.000000
-0.654534 -69.778754 107.200326 0.000000 0.000000 0.000000
2.533875 -69.712768 105.031520 0.000000 0.000000 0.000000
-0.264126 -69.739234 104.541994 0.000000 0.000000 0.000000
2.095198 -69.840906 102.758708 0.000000 0.000000 0.000000
-2.240887 -69.766474 103.702276 0.000000 0.000000 0.000000
2.859834 -69.836944 101.186162 0.000000 0.000000 0.000000
-3.151716 -69.781788 101.094489 0.000000 0.000000 0.000000
2.298799 -69.761548 100.123721 0.000000 0.000000 0.000000
-2.959737 -69.824300 99.496648 0.000000 0.000000 0.000000
0.698306 -69.928956 97.426399 0.000000 0.000000 0.000000
-0.620037 -69.849896 98.605864 0.000000 0.000000 0.000000
0.177362 -69.889720 95.819261 0.000000 0.000000 0.000000
-2.652470 -69.866430 96.771235 0.000000 0.000000 0.000000
2.067640 -69.895228 94.588079 0.000000 0.000000 0.000000
-3.180715 -69.906788 94.659271 0.000000 0.000000 0.000000
0.927733 -69.982160 92.436514 0.000000 0.000000 0.000000
-0.892482 -69.912908 93.010220 0.000000 0.000000 0.000000
2.007793 -69.959564 91.249283 0.000000 0.000000 0.000000
-0.309678 -69.937586 90.999362 0.000000 0.000000 0.000000
0.399862 -69.896920 89.107268 0.000000 0.000000 0.000000
-2.157331 -69.927508 89.153093 0.000000 0.000000 0.000000
0.635022 -69.921820 87.348686 0.000000 0.000000 0.000000
-0.246555 -69.977314 88.197831 0.000000 0.000000 0.000000
-2.388880 -69.991120 85.004226 0.000000 0.000000 0.000000
-1.603077 -70.035820 83.278954 0.000000 0.000000 0.000000
-2.071532 -71.456916 25.846456 0.000000 0.000000 0.000000
-3.036877 -71.552820 24.186931 0.000000 0.000000 0.000000
-3.335689 -71.599664 22.562135 0.000000 0.000000 0.000000
-0.976705 -71.681976 20.357795 0.000000 0.000000 0.000000
-2.990698 -71.793890 19.018969 0.000000 0.000000 0.000000
-0.713602 -71.867756 17.409829 0.000000 0.000000 0.000000
-0.425923 -71.965094 15.306129 0.000000 0.000000 0.000000
-0.760561 -72.038006 13.616296 0.000000 0.000000 0.000000
-2.881342 -72.145452 11.788702 0.000000 0.000000 0.000000
-1.056965 -72.240972 11.151465 0.000000 0.000000 0.000000
-3.263072 -72.388960 8.187185 0.000000 0.000000 0.000000
-2.755106 -70.217320 81.997942 0.000000 0.000000 0.000000
0.254465 -70.186554 82.991009 0.000000 0.000000 0.000000
-1.479169 -70.213920 80.412773 0.000000 0.000000 0.000000
1.500258 -70.249328 80.455779 0.000000 0.000000 0.000000
-1.776595 -70.222712 79.143295 0.000000 0.000000 0.000000
-1.135855 -70.237400 76.348802 0.000000 0.000000 0.000000
-1.035486 -70.318030 74.870092 0.000000 0.000000 0.000000
1.373255 -70.271720 75.633229 0.000000 0.000000 0.000000
-1.676460 -70.288080 73.281935 0.000000 0.000000 0.000000
0.125189 -70.368450 73.528924 0.000000 0.000000 0.000000
-0.523357 -70.349988 71.389510 0.000000 0.000000 0.000000
-0.977773 -70.381220 70.130900 0.000000 0.000000 0.000000
2.381413 -70.342072 69.989831 0.000000 0.000000 0.000000
-2.171162 -70.390060 68.537935 0.000000 0.000000 0.000000
2.995565 -70.388514 68.184731 0.000000 0.000000 0.000000
-3.441965 -70.443060 66.806118 0.000000 0.000000 0.000000
-2.483788 -70.482984 64.897377 0.000000 0.000000 0.000000
-1.686479 -70.505396 62.343020 0.000000 0.000000 0.000000
-2.373288 -70.567060 60.977789 0.000000 0.000000 0.000000
1.466806 -70.641126 61.319100 0.000000 0.000000 0.000000
-1.036252 -70.635864 60.145623 0.000000 0.000000 0.000000
-0.812506 -70.643836 58.343320 0.000000 0.000000 0.000000
-1.228501 -70.647740 56.288262 0.000000 0.000000 0.000000
0.241585 -67.762620 136.173506 0.000000 0.000000 0.000000
0.755615 -68.106120 134.977877 0.000000 0.000000 0.000000
0.995500 -68.332856 132.342239 0.000000 0.000000 0.000000
1.478492 -68.546594 130.840434 0.000000 0.000000 0.000000
1.394485 -68.685272 129.742029 0.000000 0.000000 0.000000
2.143363 -68.883288 128.303742 0.000000 0.000000 0.000000
1.096770 -69.009740 125.813024 0.000000 0.000000 0.000000
2.339528 -69.182734 124.159361 0.000000 0.000000 0.000000
-0.437145 -69.541010 122.276096 0.000000 0.000000 0.000000
0.824364 -69.428388 120.466215 0.000000 0.000000 0.000000
-2.521510 -69.577624 120.309547 0.000000 0.000000 0.000000
0.303679 -69.561932 118.402321 0.000000 0.000000 0.000000
-2.527523 -69.682836 118.492338 0.000000 0.000000 0.000000
2.609513 -69.647940 117.772471 0.000000 0.000000 0.000000
-0.682497 -69.734948 117.552747 0.000000 0.000000 0.000000
0.553481 -69.786866 114.929807 0.000000 0.000000 0.000000
-1.121649 -69.859332 114.935591 0.000000 0.000000 0.000000
1.016899 -69.847132 113.667838 0.000000 0.000000 0.000000
-0.585441 -69.883380 113.515773 0.000000 0.000000 0.000000
-0.899797 -69.926232 111.629037 0.000000 0.000000 0.000000
3.004230 -70.058000 86.229794 0.000000 0.000000 0.000000
3.910370 -66.400320 147.246364 0.000000 0.000000 0.000000
4.432795 -66.321514 144.536847 0.000000 0.000000 0.000000
6.079227 -66.526612 143.241578 0.000000 0.000000 0.000000
3.719472 -66.696766 141.091644 0.000000 0.000000 0.000000
6.877758 -66.984388 140.422755 0.000000 0.000000 0.000000
3.074785 -70.203314 78.178917 0.000000 0.000000 0.000000
4.124038 -67.475160 138.479836 0.000000 0.000000 0.000000
0.890612 -67.568012 138.195508 0.000000 0.000000 0.000000
6.895204 -67.694904 136.605803 0.000000 0.000000 0.000000
5.163542 -68.013420 135.299300 0.000000 0.000000 0.000000
5.927112 -68.389420 133.020443 0.000000 0.000000 0.000000
2.761848 -69.274460 121.908371 0.000000 0.000000 0.000000
# Line 2: n=17 a=(-25.594,-75.611,194.250) b=(0.309,0.072,-0.948) start=(-34.149,-77.594,220.501) end=(1.623,-69.300,110.736)
# x y z globalTime peakAmplitude integratedCharge
-34.125000 -77.584299 217.000000 0.000000 0.000000 0.000000
-34.125000 -77.704074 220.500000 0.000000 0.000000 0.000000
-32.375000 -77.172952 213.500000 0.000000 0.000000 0.000000
-30.625000 -76.769600 210.000000 0.000000 0.000000 0.000000
-28.875000 -76.330160 203.000000 0.000000 0.000000 0.000000
-28.875000 -76.449030 206.500000 0.000000 0.000000 0.000000
-27.125000 -75.934013 199.500000 0.000000 0.000000 0.000000
-25.375000 -75.441773 192.500000 0.000000 0.000000 0.000000
-25.375000 -75.581403 196.000000 0.000000 0.000000 0.000000
-23.625000 -75.048003 189.000000 0.000000 0.000000 0.000000
-21.875000 -74.617538 182.000000 0.000000 0.000000 0.000000
-21.875000 -74.710791 185.500000 0.000000 0.000000 0.000000
-20.125000 -74.352180 178.500000 0.000000 0.000000 0.000000
-20.125000 -74.455260 182.000000 0.000000 0.000000 0.000000
-18.375000 -74.002411 168.000000 0.000000 0.000000 0.000000
-16.625000 -73.615225 164.500000 0.000000 0.000000 0.000000
3.345749 -69.831260 111.257801 0.000000 0.000000 0.000000
