# Event 2204
# Params: dx_requested=3.355342 dx_event(vote)=3.355342 rline(inlier)=3.355342 minvotes=4 nstart=2 cover=0.800 nlines=4
# HoughMemory: requested_MB=80.062 allocated_MB=80.062 num_x=128 directions=1281 coarsened=0 maxmem_MB=0.000
# N0=126 assigned=126 remaining_after_force=0
# Line 1: n=85 a=(0.883,-74.024,101.014) b=(0.044,0.027,-0.999) start=(-1.272,-75.376,150.465) end=(4.877,-71.517,9.389)
# x y z globalTime peakAmplitude integratedCharge
2.032635 -72.993572 52.079166 0.000000 0.000000 0.000000
2.440526 -72.976410 48.633457 0.000000 0.000000 0.000000
2.243508 -73.003680 47.580441 0.000000 0.000000 0.000000
2.168750 -73.024456 45.337039 0.000000 0.000000 0.000000
2.662022 -73.814220 109.871831 0.000000 0.000000 0.000000
1.040516 -73.743396 107.843387 0.000000 0.000000 0.000000
1.582967 -73.703956 106.256045 0.000000 0.000000 0.000000
2.956385 -73.647540 104.316464 0.000000 0.000000 0.000000
0.658440 -73.633416 102.987475 0.000000 0.000000 0.000000
2.089795 -73.589576 101.680465 0.000000 0.000000 0.000000
2.961364 -73.571424 100.061092 0.000000 0.000000 0.000000
1.934907 -73.544116 98.579436 0.000000 0.000000 0.000000
0.598280 -73.516516 96.651740 0.000000 0.000000 0.000000
0.945808 -73.481200 94.194320 0.000000 0.000000 0.000000
2.956649 -73.436956 93.430468 0.000000 0.000000 0.000000
2.584197 -73.388764 90.312677 0.000000 0.000000 0.000000
0.139189 -73.341546 89.567527 0.000000 0.000000 0.000000
0.236509 -73.323664 86.810706 0.000000 0.000000 0.000000
2.328999 -73.294116 86.483381 0.000000 0.000000 0.000000
3.416041 -73.287928 84.586939 0.000000 0.000000 0.000000
-2.640303 -75.539190 150.400627 0.000000 0.000000 0.000000
-2.097733 -75.741394 148.408332 0.000000 0.000000 0.000000
-2.085790 -75.845856 146.653718 0.000000 0.000000 0.000000
-2.425953 -75.882080 144.872587 0.000000 0.000000 0.000000
-1.680230 -75.759960 143.307644 0.000000 0.000000 0.000000
-2.871415 -75.672420 141.861101 0.000000 0.000000 0.000000
-0.278642 -75.517160 139.376583 0.000000 0.000000 0.000000
0.984234 -73.443426 81.505024 0.000000 0.000000 0.000000
3.370138 -73.398688 80.363972 0.000000 0.000000 0.000000
0.784793 -73.413120 78.855326 0.000000 0.000000 0.000000
2.325675 -73.342206 76.314870 0.000000 0.000000 0.000000
2.014164 -73.309472 75.564935 0.000000 0.000000 0.000000
1.839735 -73.310272 73.223810 0.000000 0.000000 0.000000
3.435015 -73.270246 71.476673 0.000000 0.000000 0.000000
0.968244 -73.270850 69.398604 0.000000 0.000000 0.000000
1.122672 -73.236932 68.967499 0.000000 0.000000 0.000000
2.317639 -73.225610 66.731199 0.000000 0.000000 0.000000
2.648699 -73.227270 64.915837 0.000000 0.000000 0.000000
1.876496 -73.246454 62.496374 0.000000 0.000000 0.000000
3.126370 -73.238086 61.233471 0.000000 0.000000 0.000000
2.492202 -73.232180 59.451095 0.000000 0.000000 0.000000
1.679321 -73.228906 57.029375 0.000000 0.000000 0.000000
1.347245 -73.202996 55.308332 0.000000 0.000000 0.000000
-0.571765 -75.534736 138.851967 0.000000 0.000000 0.000000
-1.364562 -75.384710 135.967965 0.000000 0.000000 0.000000
0.793243 -75.156634 135.123600 0.000000 0.000000 0.000000
-2.553623 -75.290040 135.051589 0.000000 0.000000 0.000000
-2.574588 -75.144636 133.641991 0.000000 0.000000 0.000000
1.263406 -74.992780 131.454741 0.000000 0.000000 0.000000
-3.298373 -75.074250 131.298507 0.000000 0.000000 0.000000
-1.316543 -74.854364 130.008360 0.000000 0.000000 0.000000
-2.333174 -74.753076 127.686067 0.000000 0.000000 0.000000
1.754249 -74.531220 125.624553 0.000000 0.000000 0.000000
-3.038273 -74.524372 126.656272 0.000000 0.000000 0.000000
0.122202 -74.409140 124.425013 0.000000 0.000000 0.000000
2.059108 -74.278284 122.904165 0.000000 0.000000 0.000000
1.698336 -74.210840 121.086381 0.000000 0.000000 0.000000
1.516309 -74.173080 119.026641 0.000000 0.000000 0.000000
2.476170 -74.143220 116.814139 0.000000 0.000000 0.000000
0.093238 -74.080548 115.884834 0.000000 0.000000 0.000000
2.476584 -74.059730 114.487133 0.000000 0.000000 0.000000
1.335735 -73.994820 111.888815 0.000000 0.000000 0.000000
0.544091 -72.987476 54.811135 0.000000 0.000000 0.000000
0.451454 -72.943760 50.169649 0.000000 0.000000 0.000000
1.614026 -72.993470 43.565725 0.000000 0.000000 0.000000
0.871531 -72.999280 41.776650 0.000000 0.000000 0.000000
0.181509 -72.995666 39.931775 0.000000 0.000000 0.000000
2.608184 -73.010328 38.722855 0.000000 0.000000 0.000000
1.343840 -72.991572 37.231651 0.000000 0.000000 0.000000
1.091330 -73.060220 34.885503 0.000000 0.000000 0.000000
1.888298 -73.019256 33.448748 0.000000 0.000000 0.000000
0.333201 -73.051806 32.179371 0.000000 0.000000 0.000000
0.697265 -73.088440 29.673515 0.000000 0.000000 0.000000
1.487648 -73.089844 27.383242 0.000000 0.000000 0.000000
0.270621 -73.334046 26.073521 0.000000 0.000000 0.000000
0.248008 -73.347144 24.865783 0.000000 0.000000 0.000000
1.748629 -73.423670 23.410537 0.000000 0.000000 0.000000
2.447832 -73.426764 20.327727 0.000000 0.000000 0.000000
2.422790 -73.447968 19.432190 0.000000 0.000000 0.000000
3.067550 -73.505600 18.104273 0.000000 0.000000 0.000000
1.113508 -73.586706 16.346606 0.000000 0.000000 0.000000
1.095375 -73.618066 14.304740 0.000000 0.000000 0.000000
1.356550 -73.676550 12.377260 0.000000 0.000000 0.000000
1.381329 -73.738256 9.880693 0.000000 0.000000 0.000000
1.016952 -73.836750 9.157365 0.000000 0.000000 0.000000
# Line 2: n=41 a=(20.486,-70.711,184.696) b=(0.309,0.058,0.949) start=(2.174,-74.174,128.496) end=(32.166,-68.502,220.540)
# x y z globalTime peakAmplitude integratedCharge
14.875000 -71.354578 164.500000 0.000000 0.000000 0.000000
14.875000 -71.230790 168.000000 0.000000 0.000000 0.000000
16.625000 -71.087302 168.000000 0.000000 0.000000 0.000000
16.625000 -70.988434 171.500000 0.000000 0.000000 0.000000
18.375000 -70.737216 175.000000 0.000000 0.000000 0.000000
18.375000 -70.659091 178.500000 0.000000 0.000000 0.000000
20.125000 -70.535190 178.500000 0.000000 0.000000 0.000000
20.125000 -70.464780 182.000000 0.000000 0.000000 0.000000
20.125000 -70.373233 185.500000 0.000000 0.000000 0.000000
21.875000 -70.227420 185.500000 0.000000 0.000000 0.000000
21.875000 -70.166876 189.000000 0.000000 0.000000 0.000000
21.875000 -70.088223 192.500000 0.000000 0.000000 0.000000
23.625000 -69.936966 192.500000 0.000000 0.000000 0.000000
23.625000 -69.846021 196.000000 0.000000 0.000000 0.000000
23.625000 -69.775293 199.500000 0.000000 0.000000 0.000000
25.375000 -69.646444 199.500000 0.000000 0.000000 0.000000
25.375000 -69.572304 203.000000 0.000000 0.000000 0.000000
25.375000 -69.526086 206.500000 0.000000 0.000000 0.000000
27.125000 -69.478814 203.000000 0.000000 0.000000 0.000000
27.125000 -69.432596 206.500000 0.000000 0.000000 0.000000
27.125000 -69.360054 210.000000 0.000000 0.000000 0.000000
28.875000 -69.261308 210.000000 0.000000 0.000000 0.000000
28.875000 -69.204340 213.500000 0.000000 0.000000 0.000000
28.875000 -69.129291 217.000000 0.000000 0.000000 0.000000
30.625000 -69.130085 213.500000 0.000000 0.000000 0.000000
30.625000 -69.055036 217.000000 0.000000 0.000000 0.000000
30.625000 -68.987233 220.500000 0.000000 0.000000 0.000000
32.375000 -69.106467 213.500000 0.000000 0.000000 0.000000
32.375000 -69.031418 217.000000 0.000000 0.000000 0.000000
32.375000 -68.963615 220.500000 0.000000 0.000000 0.000000
34.125000 -69.129260 217.000000 0.000000 0.000000 0.000000
1.830286 -75.327404 135.889420 0.000000 0.000000 0.000000
3.767895 -73.596772 135.433987 0.000000 0.000000 0.000000
4.696983 -73.690210 132.487829 0.000000 0.000000 0.000000
2.191344 -75.093366 133.297298 0.000000 0.000000 0.000000
2.660196 -74.833136 129.863039 0.000000 0.000000 0.000000
2.720348 -74.656160 128.347374 0.000000 0.000000 0.000000
8.680805 -72.478064 147.501582 0.000000 0.000000 0.000000
8.546677 -72.567600 145.807113 0.000000 0.000000 0.000000
6.470630 -73.696784 130.845650 0.000000 0.000000 0.000000
10.230066 -72.712060 142.844377 0.000000 0.000000 0.000000
