# Event 777
# Params: dx_requested=3.519026 dx_event(vote)=3.519026 rline(inlier)=3.519026 minvotes=4 nstart=2 cover=0.800 nlines=4
# HoughMemory: requested_MB=80.062 allocated_MB=80.062 num_x=128 directions=1281 coarsened=0 maxmem_MB=0.000
# N0=115 assigned=115 remaining_after_force=0
# Line 1: n=77 a=(-0.233,-63.948,75.003) b=(0.055,-0.028,-0.998) start=(-4.133,-61.966,145.458) end=(3.391,-65.790,9.515)
# x y z globalTime peakAmplitude integratedCharge
1.269402 -64.464892 53.811741 0.000000 0.000000 0.000000
0.155810 -64.473652 52.719827 0.000000 0.000000 0.000000
0.479601 -64.485656 50.856521 0.000000 0.000000 0.000000
1.188745 -64.510206 48.655836 0.000000 0.000000 0.000000
0.769888 -64.593110 47.928271 0.000000 0.000000 0.000000
2.179785 -64.638940 45.018740 0.000000 0.000000 0.000000
0.078304 -64.638916 43.366696 0.000000 0.000000 0.000000
1.479242 -64.661268 41.949932 0.000000 0.000000 0.000000
0.612807 -64.696960 40.645545 0.000000 0.000000 0.000000
2.294155 -64.720120 38.957531 0.000000 0.000000 0.000000
0.133196 -64.755108 36.955217 0.000000 0.000000 0.000000
1.363885 -64.817920 35.096276 0.000000 0.000000 0.000000
0.334328 -64.833924 33.350015 0.000000 0.000000 0.000000
1.360644 -64.860516 31.085500 0.000000 0.000000 0.000000
1.310494 -64.898884 29.233821 0.000000 0.000000 0.000000
2.552675 -64.945306 28.734744 0.000000 0.000000 0.000000
-1.420639 -63.502540 109.802902 0.000000 0.000000 0.000000
0.753016 -63.770360 94.920118 0.000000 0.000000 0.000000
1.213340 -63.792890 92.539341 0.000000 0.000000 0.000000
1.170387 -63.871528 87.658983 0.000000 0.000000 0.000000
1.222185 -63.919806 85.036539 0.000000 0.000000 0.000000
2.039711 -63.998380 83.944721 0.000000 0.000000 0.000000
-3.840098 -61.512220 140.334722 0.000000 0.000000 0.000000
1.842289 -65.167620 26.692400 0.000000 0.000000 0.000000
0.086007 -65.249440 24.965851 0.000000 0.000000 0.000000
2.430038 -65.325480 22.669889 0.000000 0.000000 0.000000
3.075708 -65.349066 20.827665 0.000000 0.000000 0.000000
2.838680 -65.455188 19.335612 0.000000 0.000000 0.000000
0.646113 -65.524854 17.562573 0.000000 0.000000 0.000000
0.849041 -65.594550 15.894739 0.000000 0.000000 0.000000
2.218585 -65.653992 13.886264 0.000000 0.000000 0.000000
2.634284 -65.708606 11.765470 0.000000 0.000000 0.000000
2.389481 -65.800760 10.254604 0.000000 0.000000 0.000000
2.034090 -65.904584 9.443056 0.000000 0.000000 0.000000
2.146581 -64.188868 82.189083 0.000000 0.000000 0.000000
2.344023 -64.209540 81.175458 0.000000 0.000000 0.000000
1.657440 -64.213648 79.390354 0.000000 0.000000 0.000000
0.769012 -64.248414 76.492282 0.000000 0.000000 0.000000
2.222053 -64.279760 72.831972 0.000000 0.000000 0.000000
1.855037 -64.365200 70.005391 0.000000 0.000000 0.000000
1.260032 -64.371600 68.577246 0.000000 0.000000 0.000000
3.301728 -64.423370 66.286028 0.000000 0.000000 0.000000
3.379944 -64.444146 64.382889 0.000000 0.000000 0.000000
1.617788 -64.495264 62.587234 0.000000 0.000000 0.000000
1.102353 -64.561396 61.310458 0.000000 0.000000 0.000000
0.264435 -64.565284 59.009136 0.000000 0.000000 0.000000
2.894146 -64.639020 57.939219 0.000000 0.000000 0.000000
0.600150 -64.642380 55.419951 0.000000 0.000000 0.000000
-3.609558 -61.746560 137.996867 0.000000 0.000000 0.000000
-4.495153 -61.767420 136.370834 0.000000 0.000000 0.000000
-6.919877 -61.924072 135.257216 0.000000 0.000000 0.000000
-5.690699 -62.013260 132.867762 0.000000 0.000000 0.000000
-4.685409 -62.106086 131.200888 0.000000 0.000000 0.000000
-2.526806 -62.315014 129.906412 0.000000 0.000000 0.000000
-5.476869 -62.265580 129.577694 0.000000 0.000000 0.000000
-3.438153 -62.436040 127.992895 0.000000 0.000000 0.000000
-5.308730 -62.341926 128.242185 0.000000 0.000000 0.000000
-5.536586 -62.409720 126.274315 0.000000 0.000000 0.000000
-2.753482 -62.543030 124.322337 0.000000 0.000000 0.000000
-5.230943 -62.521954 124.154042 0.000000 0.000000 0.000000
-1.690843 -62.674524 122.832322 0.000000 0.000000 0.000000
-2.667080 -62.784700 120.233894 0.000000 0.000000 0.000000
-0.841792 -62.913680 119.708283 0.000000 0.000000 0.000000
-2.078230 -63.062446 117.932526 0.000000 0.000000 0.000000
-0.096751 -63.188568 115.575346 0.000000 0.000000 0.000000
-1.927675 -63.316220 113.825889 0.000000 0.000000 0.000000
-0.709869 -63.445330 112.299078 0.000000 0.000000 0.000000
-8.342546 -61.090986 145.200299 0.000000 0.000000 0.000000
-7.222176 -61.768066 139.909419 0.000000 0.000000 0.000000
3.194016 -63.819256 90.449257 0.000000 0.000000 0.000000
2.429996 -63.836960 89.731832 0.000000 0.000000 0.000000
3.309930 -64.265580 75.310304 0.000000 0.000000 0.000000
3.243644 -64.332140 72.067964 0.000000 0.000000 0.000000
-0.130012 -62.471032 126.153731 0.000000 0.000000 0.000000
1.412043 -63.199292 114.927387 0.000000 0.000000 0.000000
-10.422306 -61.403430 144.164148 0.000000 0.000000 0.000000
-9.581216 -61.671204 141.073303 0.000000 0.000000 0.000000
# Line 2: n=38 a=(27.072,-70.427,151.522) b=(0.468,-0.127,0.874) start=(-1.293,-62.744,98.579) end=(64.410,-80.541,221.212)
# x y z globalTime peakAmplitude integratedCharge
16.625000 -67.605853 133.000000 0.000000 0.000000 0.000000
18.375000 -68.056303 136.500000 0.000000 0.000000 0.000000
20.125000 -68.544729 140.000000 0.000000 0.000000 0.000000
21.875000 -69.063574 143.500000 0.000000 0.000000 0.000000
23.625000 -69.602343 147.000000 0.000000 0.000000 0.000000
25.375000 -70.042713 150.500000 0.000000 0.000000 0.000000
27.125000 -70.481952 154.000000 0.000000 0.000000 0.000000
30.625000 -71.114742 157.500000 0.000000 0.000000 0.000000
32.375000 -71.672070 161.000000 0.000000 0.000000 0.000000
34.125000 -72.188587 164.500000 0.000000 0.000000 0.000000
35.875000 -72.631517 168.000000 0.000000 0.000000 0.000000
37.625000 -73.052640 171.500000 0.000000 0.000000 0.000000
39.375000 -73.637121 175.000000 0.000000 0.000000 0.000000
41.125000 -74.093763 178.500000 0.000000 0.000000 0.000000
42.875000 -74.589545 182.000000 0.000000 0.000000 0.000000
51.625000 -76.938534 196.000000 0.000000 0.000000 0.000000
53.375000 -77.451936 199.500000 0.000000 0.000000 0.000000
55.125000 -77.977384 203.000000 0.000000 0.000000 0.000000
56.875000 -78.546974 206.500000 0.000000 0.000000 0.000000
58.625000 -79.185198 210.000000 0.000000 0.000000 0.000000
60.375000 -79.742191 213.500000 0.000000 0.000000 0.000000
62.125000 -80.294466 217.000000 0.000000 0.000000 0.000000
65.625000 -80.959476 220.500000 0.000000 0.000000 0.000000
3.022779 -63.401966 110.230941 0.000000 0.000000 0.000000
2.922341 -63.514680 108.042760 0.000000 0.000000 0.000000
2.097913 -63.639200 106.852888 0.000000 0.000000 0.000000
0.696613 -63.631140 105.533541 0.000000 0.000000 0.000000
1.721162 -63.670100 102.630038 0.000000 0.000000 0.000000
1.250844 -63.669268 100.979587 0.000000 0.000000 0.000000
1.468951 -63.701720 99.881865 0.000000 0.000000 0.000000
2.097494 -63.731476 97.848117 0.000000 0.000000 0.000000
2.215901 -63.771340 96.549564 0.000000 0.000000 0.000000
4.720620 -64.682746 114.409286 0.000000 0.000000 0.000000
4.182073 -64.506500 112.122026 0.000000 0.000000 0.000000
10.255951 -65.564246 119.706416 0.000000 0.000000 0.000000
3.089524 -63.036320 116.998395 0.000000 0.000000 0.000000
2.643795 -63.307464 114.053393 0.000000 0.000000 0.000000
2.778080 -63.473890 111.313163 0.000000 0.000000 0.000000
