# Event 4686
# Params: dx_requested=3.417762 dx_event(vote)=3.417762 rline(inlier)=3.417762 minvotes=4 nstart=2 cover=0.800 nlines=4
# HoughMemory: requested_MB=80.062 allocated_MB=80.062 num_x=128 directions=1281 coarsened=0 maxmem_MB=0.000
# N0=154 assigned=154 remaining_after_force=0
# Line 1: n=135 a=(-3.432,-73.113,65.394) b=(-0.003,0.014,1.000) start=(-3.279,-73.900,8.646) end=(-3.850,-70.965,220.395)
# x y z globalTime peakAmplitude integratedCharge
-0.748193 -73.030256 53.578895 0.000000 0.000000 0.000000
-6.366107 -72.991360 53.509324 0.000000 0.000000 0.000000
-3.365011 -73.019744 51.867660 0.000000 0.000000 0.000000
-3.809227 -73.059520 51.789734 0.000000 0.000000 0.000000
-6.241415 -73.057068 51.189694 0.000000 0.000000 0.000000
-5.571663 -73.084570 49.600711 0.000000 0.000000 0.000000
-1.087052 -73.154290 46.785110 0.000000 0.000000 0.000000
-6.150196 -73.109600 47.234836 0.000000 0.000000 0.000000
-1.458787 -73.126288 45.309625 0.000000 0.000000 0.000000
-6.726650 -73.094256 45.716669 0.000000 0.000000 0.000000
-1.281561 -73.165080 43.220603 0.000000 0.000000 0.000000
-4.293950 -73.120080 44.399535 0.000000 0.000000 0.000000
-3.399595 -73.175848 41.370676 0.000000 0.000000 0.000000
-6.533119 -73.145960 42.707078 0.000000 0.000000 0.000000
-2.558829 -73.186200 40.492305 0.000000 0.000000 0.000000
-6.617014 -73.265820 40.040301 0.000000 0.000000 0.000000
-3.205651 -73.222240 37.841665 0.000000 0.000000 0.000000
-4.158011 -73.205152 38.279534 0.000000 0.000000 0.000000
-0.407782 -73.300208 36.343971 0.000000 0.000000 0.000000
-4.048643 -73.288806 36.912083 0.000000 0.000000 0.000000
-2.756260 -73.328912 35.392527 0.000000 0.000000 0.000000
-3.859256 -73.289672 34.490761 0.000000 0.000000 0.000000
-1.190644 -73.372332 32.570864 0.000000 0.000000 0.000000
-4.595855 -73.388840 33.025930 0.000000 0.000000 0.000000
-2.057662 -73.442360 31.779134 0.000000 0.000000 0.000000
-5.401306 -73.387970 31.596911 0.000000 0.000000 0.000000
-3.195603 -73.460640 29.421078 0.000000 0.000000 0.000000
-3.580196 -73.434668 30.212242 0.000000 0.000000 0.000000
-1.333063 -73.506880 27.755795 0.000000 0.000000 0.000000
-5.037070 -73.556140 28.626409 0.000000 0.000000 0.000000
-3.038874 -72.337060 109.576472 0.000000 0.000000 0.000000
-6.504113 -72.454316 109.605657 0.000000 0.000000 0.000000
-0.461613 -72.499714 107.909236 0.000000 0.000000 0.000000
-4.696525 -72.624700 108.446407 0.000000 0.000000 0.000000
-2.604909 -72.735140 106.778330 0.000000 0.000000 0.000000
-4.874582 -72.717100 106.389496 0.000000 0.000000 0.000000
-3.722226 -72.859484 105.444593 0.000000 0.000000 0.000000
-3.161902 -72.927856 102.745382 0.000000 0.000000 0.000000
-4.982207 -72.876068 103.905485 0.000000 0.000000 0.000000
-1.658623 -72.873440 100.901240 0.000000 0.000000 0.000000
-4.357137 -72.895886 102.017802 0.000000 0.000000 0.000000
-3.069499 -72.941406 99.400419 0.000000 0.000000 0.000000
-5.638543 -72.891720 99.664938 0.000000 0.000000 0.000000
-1.971830 -72.934780 97.489669 0.000000 0.000000 0.000000
-6.105490 -72.901660 98.615325 0.000000 0.000000 0.000000
-0.431383 -72.982550 95.921543 0.000000 0.000000 0.000000
-6.656450 -72.918128 96.482174 0.000000 0.000000 0.000000
-1.192688 -72.960600 94.452384 0.000000 0.000000 0.000000
-5.430900 -72.953260 94.880102 0.000000 0.000000 0.000000
-2.509984 -72.990280 92.216408 0.000000 0.000000 0.000000
-5.050102 -72.923920 93.351518 0.000000 0.000000 0.000000
-1.450763 -72.959204 90.959762 0.000000 0.000000 0.000000
-5.273024 -72.958790 90.921179 0.000000 0.000000 0.000000
-2.350339 -72.948536 89.292173 0.000000 0.000000 0.000000
-4.765296 -72.906320 89.637916 0.000000 0.000000 0.000000
-2.936645 -72.979254 87.698434 0.000000 0.000000 0.000000
-4.374941 -72.953534 87.363935 0.000000 0.000000 0.000000
-0.758190 -72.980994 85.582627 0.000000 0.000000 0.000000
-4.436728 -72.916620 85.679862 0.000000 0.000000 0.000000
-1.420023 -72.990894 84.611610 0.000000 0.000000 0.000000
-6.415013 -72.933560 84.740203 0.000000 0.000000 0.000000
-6.123465 -73.714200 25.545480 0.000000 0.000000 0.000000
-3.690977 -73.756336 25.023805 0.000000 0.000000 0.000000
-0.868937 -73.784046 24.070081 0.000000 0.000000 0.000000
-4.440231 -73.796868 22.190282 0.000000 0.000000 0.000000
-0.523847 -73.823706 22.631394 0.000000 0.000000 0.000000
-3.847821 -73.805872 21.090310 0.000000 0.000000 0.000000
-6.728970 -73.826180 18.962310 0.000000 0.000000 0.000000
-3.417856 -73.922388 18.989967 0.000000 0.000000 0.000000
-5.590401 -73.901460 17.810036 0.000000 0.000000 0.000000
-2.089401 -73.972132 17.721199 0.000000 0.000000 0.000000
-0.561958 -74.053440 15.329803 0.000000 0.000000 0.000000
-1.754600 -74.148664 13.566563 0.000000 0.000000 0.000000
-0.774980 -74.201568 12.017231 0.000000 0.000000 0.000000
-0.709099 -74.292114 10.346450 0.000000 0.000000 0.000000
-1.039304 -74.414120 8.658993 0.000000 0.000000 0.000000
-5.022210 -73.107868 81.924286 0.000000 0.000000 0.000000
-3.219220 -73.141528 81.671795 0.000000 0.000000 0.000000
-3.952665 -73.092206 80.216059 0.000000 0.000000 0.000000
-0.880956 -73.084008 80.199797 0.000000 0.000000 0.000000
-5.609993 -73.110720 78.176314 0.000000 0.000000 0.000000
-1.449158 -73.102940 79.377766 0.000000 0.000000 0.000000
-4.230614 -73.123968 77.650321 0.000000 0.000000 0.000000
-0.930329 -73.117834 77.562881 0.000000 0.000000 0.000000
-6.699621 -73.102380 75.687146 0.000000 0.000000 0.000000
-3.425207 -73.098820 75.429438 0.000000 0.000000 0.000000
-5.018134 -73.082110 73.783028 0.000000 0.000000 0.000000
-0.975689 -73.114320 73.193726 0.000000 0.000000 0.000000
-3.918149 -73.091876 71.802308 0.000000 0.000000 0.000000
-2.302676 -73.087170 71.340483 0.000000 0.000000 0.000000
-6.002279 -73.093250 70.710564 0.000000 0.000000 0.000000
-0.751868 -73.095214 69.803145 0.000000 0.000000 0.000000
-3.914246 -73.111820 67.795286 0.000000 0.000000 0.000000
-0.857630 -73.119794 68.664207 0.000000 0.000000 0.000000
-6.587652 -73.110380 66.100861 0.000000 0.000000 0.000000
-0.866174 -73.126104 67.058356 0.000000 0.000000 0.000000
-4.366241 -73.106904 65.425190 0.000000 0.000000 0.000000
-1.738735 -73.154780 65.431227 0.000000 0.000000 0.000000
-5.915668 -73.124920 62.957643 0.000000 0.000000 0.000000
-1.789190 -73.152392 63.453734 0.000000 0.000000 0.000000
-6.436182 -73.156560 61.566322 0.000000 0.000000 0.000000
-0.322103 -73.205440 61.892169 0.000000 0.000000 0.000000
-5.871608 -73.142310 59.920492 0.000000 0.000000 0.000000
-0.979359 -73.218500 59.128936 0.000000 0.000000 0.000000
-5.140376 -73.155236 57.170337 0.000000 0.000000 0.000000
-5.827824 -73.195600 55.505390 0.000000 0.000000 0.000000
-2.737899 -73.213690 56.387333 0.000000 0.000000 0.000000
-2.427096 -70.826856 123.016406 0.000000 0.000000 0.000000
-1.515275 -71.294020 118.972436 0.000000 0.000000 0.000000
-3.131736 -71.543792 116.678025 0.000000 0.000000 0.000000
-1.646276 -72.038244 113.513341 0.000000 0.000000 0.000000
-3.635986 -72.274932 113.267147 0.000000 0.000000 0.000000
-0.741205 -72.282166 111.384284 0.000000 0.000000 0.000000
-4.913625 -72.581214 111.449004 0.000000 0.000000 0.000000
-48.125000 -87.187935 220.500000 0.000000 0.000000 0.000000
-42.875000 -85.601588 210.000000 0.000000 0.000000 0.000000
-39.375000 -84.205044 199.500000 0.000000 0.000000 0.000000
-37.625000 -83.667617 196.000000 0.000000 0.000000 0.000000
-34.125000 -82.477467 185.500000 0.000000 0.000000 0.000000
-34.125000 -82.674067 189.000000 0.000000 0.000000 0.000000
-32.375000 -81.980457 182.000000 0.000000 0.000000 0.000000
-30.625000 -81.492310 178.500000 0.000000 0.000000 0.000000
-27.125000 -80.682309 171.500000 0.000000 0.000000 0.000000
-25.375000 -79.980548 164.500000 0.000000 0.000000 0.000000
-23.625000 -79.598285 161.000000 0.000000 0.000000 0.000000
-21.875000 -79.019906 154.000000 0.000000 0.000000 0.000000
-20.125000 -78.620538 150.500000 0.000000 0.000000 0.000000
-18.375000 -78.312330 147.000000 0.000000 0.000000 0.000000
-16.625000 -77.928097 143.500000 0.000000 0.000000 0.000000
-0.250542 -73.043688 51.188123 0.000000 0.000000 0.000000
-0.281364 -73.049432 48.943681 0.000000 0.000000 0.000000
-0.180094 -73.726130 26.683138 0.000000 0.000000 0.000000
-0.120406 -73.874024 21.470913 0.000000 0.000000 0.000000
-0.206120 -73.223932 58.271740 0.000000 0.000000 0.000000
-3.427214 -69.748108 129.579560 0.000000 0.000000 0.000000
# Line 2: n=19 a=(0.727,-70.067,126.088) b=(0.069,0.152,0.986) start=(-0.772,-73.359,104.784) end=(1.640,-68.063,139.054)
# x y z globalTime peakAmplitude integratedCharge
-0.320673 -72.844976 104.672897 0.000000 0.000000 0.000000
2.809921 -67.828010 138.935128 0.000000 0.000000 0.000000
1.207757 -68.141448 137.064828 0.000000 0.000000 0.000000
1.003159 -68.512780 134.355957 0.000000 0.000000 0.000000
1.891057 -68.838788 132.837599 0.000000 0.000000 0.000000
0.394458 -69.235200 131.701362 0.000000 0.000000 0.000000
0.830113 -69.552954 129.845100 0.000000 0.000000 0.000000
1.342417 -69.836520 127.958229 0.000000 0.000000 0.000000
-1.108447 -70.010248 127.230308 0.000000 0.000000 0.000000
2.008148 -70.245340 125.483224 0.000000 0.000000 0.000000
-0.609023 -70.303906 126.648612 0.000000 0.000000 0.000000
1.213563 -70.580080 123.860199 0.000000 0.000000 0.000000
-0.860826 -70.528028 124.401754 0.000000 0.000000 0.000000
2.585916 -70.760810 123.060052 0.000000 0.000000 0.000000
1.176460 -71.016912 120.299302 0.000000 0.000000 0.000000
-0.488560 -71.109436 120.027909 0.000000 0.000000 0.000000
-0.711854 -71.795124 115.116835 0.000000 0.000000 0.000000
-1.928641 -69.092810 132.374866 0.000000 0.000000 0.000000
-1.984218 -69.249310 131.859952 0.000000 0.000000 0.000000
