# Event 639
# Params: dx_requested=3.632801 dx_event(vote)=3.632801 rline(inlier)=3.632801 minvotes=4 nstart=2 cover=0.800 nlines=4
# HoughMemory: requested_MB=80.062 allocated_MB=80.062 num_x=128 directions=1281 coarsened=0 maxmem_MB=0.000
# N0=129 assigned=129 remaining_after_force=0
# Line 1: n=62 a=(47.809,-62.162,140.495) b=(0.403,0.075,0.912) start=(2.087,-70.673,36.890) end=(83.097,-55.593,220.456)
# x y z globalTime peakAmplitude integratedCharge
20.125000 -67.272614 73.500000 0.000000 0.000000 0.000000
20.125000 -67.336658 77.000000 0.000000 0.000000 0.000000
21.875000 -66.751973 84.000000 0.000000 0.000000 0.000000
25.375000 -66.105337 87.500000 0.000000 0.000000 0.000000
27.125000 -65.900417 91.000000 0.000000 0.000000 0.000000
27.125000 -65.783523 94.500000 0.000000 0.000000 0.000000
30.625000 -65.192889 98.000000 0.000000 0.000000 0.000000
30.625000 -65.096628 101.500000 0.000000 0.000000 0.000000
34.125000 -64.264450 112.000000 0.000000 0.000000 0.000000
34.125000 -64.188446 115.500000 0.000000 0.000000 0.000000
35.875000 -63.764056 119.000000 0.000000 0.000000 0.000000
37.625000 -63.663120 119.000000 0.000000 0.000000 0.000000
39.375000 -63.329768 122.500000 0.000000 0.000000 0.000000
41.125000 -62.996405 126.000000 0.000000 0.000000 0.000000
44.625000 -62.200278 133.000000 0.000000 0.000000 0.000000
44.625000 -62.125836 136.500000 0.000000 0.000000 0.000000
46.375000 -62.148235 133.000000 0.000000 0.000000 0.000000
46.375000 -62.073793 136.500000 0.000000 0.000000 0.000000
48.125000 -61.787094 140.000000 0.000000 0.000000 0.000000
48.125000 -61.672740 143.500000 0.000000 0.000000 0.000000
49.875000 -61.494110 143.500000 0.000000 0.000000 0.000000
51.625000 -61.092548 150.500000 0.000000 0.000000 0.000000
53.375000 -60.776903 147.000000 0.000000 0.000000 0.000000
55.125000 -60.461227 157.500000 0.000000 0.000000 0.000000
58.625000 -59.892962 161.000000 0.000000 0.000000 0.000000
58.625000 -59.895710 164.500000 0.000000 0.000000 0.000000
60.375000 -59.595185 168.000000 0.000000 0.000000 0.000000
62.125000 -59.265258 171.500000 0.000000 0.000000 0.000000
63.875000 -58.829699 175.000000 0.000000 0.000000 0.000000
63.875000 -58.717632 182.000000 0.000000 0.000000 0.000000
65.625000 -58.798107 175.000000 0.000000 0.000000 0.000000
65.625000 -58.686040 182.000000 0.000000 0.000000 0.000000
67.375000 -58.456460 185.500000 0.000000 0.000000 0.000000
69.125000 -58.207525 189.000000 0.000000 0.000000 0.000000
70.875000 -57.854261 192.500000 0.000000 0.000000 0.000000
70.875000 -57.731131 196.000000 0.000000 0.000000 0.000000
72.625000 -57.649956 196.000000 0.000000 0.000000 0.000000
74.375000 -57.368668 199.500000 0.000000 0.000000 0.000000
74.375000 -57.308939 203.000000 0.000000 0.000000 0.000000
76.125000 -57.219647 203.000000 0.000000 0.000000 0.000000
76.125000 -57.043284 206.500000 0.000000 0.000000 0.000000
77.875000 -56.896430 206.500000 0.000000 0.000000 0.000000
77.875000 -56.807592 210.000000 0.000000 0.000000 0.000000
79.625000 -56.704407 210.000000 0.000000 0.000000 0.000000
79.625000 -56.606650 213.500000 0.000000 0.000000 0.000000
79.625000 -56.538550 217.000000 0.000000 0.000000 0.000000
81.375000 -56.487158 213.500000 0.000000 0.000000 0.000000
81.375000 -56.419058 217.000000 0.000000 0.000000 0.000000
81.375000 -56.322013 220.500000 0.000000 0.000000 0.000000
83.125000 -56.379028 217.000000 0.000000 0.000000 0.000000
83.125000 -56.281983 220.500000 0.000000 0.000000 0.000000
5.608870 -70.711254 51.358307 0.000000 0.000000 0.000000
4.932239 -70.671520 47.354267 0.000000 0.000000 0.000000
3.053271 -70.750660 46.875165 0.000000 0.000000 0.000000
3.691749 -70.647394 46.036969 0.000000 0.000000 0.000000
6.125107 -70.615972 43.617642 0.000000 0.000000 0.000000
4.378227 -70.573364 41.273181 0.000000 0.000000 0.000000
1.645232 -70.590386 42.573790 0.000000 0.000000 0.000000
6.135452 -70.575892 39.602205 0.000000 0.000000 0.000000
6.313293 -70.563708 38.548597 0.000000 0.000000 0.000000
5.340107 -70.717164 35.457802 0.000000 0.000000 0.000000
5.748389 -70.731910 52.932646 0.000000 0.000000 0.000000
# Line 2: n=67 a=(-0.990,-71.543,59.535) b=(0.172,0.019,-0.985) start=(-8.673,-72.383,103.416) end=(7.917,-70.569,8.666)
# x y z globalTime peakAmplitude integratedCharge
1.377432 -70.884730 53.776084 0.000000 0.000000 0.000000
1.827888 -70.823566 52.105197 0.000000 0.000000 0.000000
2.280657 -70.798828 50.725212 0.000000 0.000000 0.000000
2.040545 -70.763520 49.263202 0.000000 0.000000 0.000000
0.547512 -70.715692 45.741667 0.000000 0.000000 0.000000
1.381867 -70.578940 43.422706 0.000000 0.000000 0.000000
6.712992 -70.704740 32.598048 0.000000 0.000000 0.000000
5.327749 -70.722236 31.125611 0.000000 0.000000 0.000000
4.580107 -70.715412 29.042509 0.000000 0.000000 0.000000
4.500126 -70.760640 28.150463 0.000000 0.000000 0.000000
-5.715302 -72.366186 94.137366 0.000000 0.000000 0.000000
-6.647926 -72.187774 90.742739 0.000000 0.000000 0.000000
-6.219541 -71.981292 89.707708 0.000000 0.000000 0.000000
-5.246986 -71.760956 85.334592 0.000000 0.000000 0.000000
-6.058383 -71.685956 83.545705 0.000000 0.000000 0.000000
5.881127 -70.925120 26.788341 0.000000 0.000000 0.000000
5.354809 -70.954900 24.521253 0.000000 0.000000 0.000000
6.005424 -71.051330 22.308216 0.000000 0.000000 0.000000
4.589129 -71.065606 20.812843 0.000000 0.000000 0.000000
6.463792 -71.156970 18.781275 0.000000 0.000000 0.000000
5.173295 -71.180920 17.830363 0.000000 0.000000 0.000000
5.605768 -71.260300 16.403288 0.000000 0.000000 0.000000
5.534770 -71.299152 14.604508 0.000000 0.000000 0.000000
5.701942 -71.407404 11.644438 0.000000 0.000000 0.000000
6.733807 -71.431616 10.279538 0.000000 0.000000 0.000000
5.217174 -71.509186 8.174973 0.000000 0.000000 0.000000
-4.381316 -71.814560 82.042360 0.000000 0.000000 0.000000
-3.909810 -71.718128 80.541024 0.000000 0.000000 0.000000
-6.052672 -71.733436 78.368744 0.000000 0.000000 0.000000
-3.194701 -71.689148 79.115246 0.000000 0.000000 0.000000
-5.956365 -71.630474 77.411105 0.000000 0.000000 0.000000
-3.358702 -71.622004 76.260231 0.000000 0.000000 0.000000
-5.943748 -71.552014 75.050262 0.000000 0.000000 0.000000
-5.770115 -71.490564 72.955270 0.000000 0.000000 0.000000
-2.307542 -71.534992 73.133261 0.000000 0.000000 0.000000
-2.625717 -71.457336 69.521392 0.000000 0.000000 0.000000
-2.552362 -71.420900 68.836006 0.000000 0.000000 0.000000
-2.648299 -71.378394 65.820685 0.000000 0.000000 0.000000
-0.183872 -71.360914 64.054921 0.000000 0.000000 0.000000
-1.293252 -71.315570 63.489312 0.000000 0.000000 0.000000
0.551534 -71.336440 63.174487 0.000000 0.000000 0.000000
-0.689781 -71.263434 60.980340 0.000000 0.000000 0.000000
-2.188771 -71.216174 59.636169 0.000000 0.000000 0.000000
0.532289 -71.248028 60.182827 0.000000 0.000000 0.000000
-1.773706 -71.186706 58.417351 0.000000 0.000000 0.000000
1.554443 -71.213134 58.183627 0.000000 0.000000 0.000000
1.511161 -71.172596 56.264290 0.000000 0.000000 0.000000
-9.025897 -73.678992 103.329518 0.000000 0.000000 0.000000
-8.742187 -73.388752 101.498787 0.000000 0.000000 0.000000
-7.981038 -73.091528 100.386349 0.000000 0.000000 0.000000
-7.770565 -72.998852 98.650462 0.000000 0.000000 0.000000
-7.843070 -72.844380 96.403065 0.000000 0.000000 0.000000
-7.990449 -72.675128 95.103260 0.000000 0.000000 0.000000
-9.994990 -72.554876 92.882626 0.000000 0.000000 0.000000
-7.357597 -72.584686 91.155125 0.000000 0.000000 0.000000
3.784680 -70.734174 49.138495 0.000000 0.000000 0.000000
6.646766 -70.665296 37.149125 0.000000 0.000000 0.000000
-3.645048 -72.275946 92.027717 0.000000 0.000000 0.000000
-3.776150 -71.814624 87.803550 0.000000 0.000000 0.000000
-1.095895 -71.809034 82.280740 0.000000 0.000000 0.000000
-0.338022 -71.739892 80.127590 0.000000 0.000000 0.000000
-1.528785 -71.577350 75.752097 0.000000 0.000000 0.000000
-0.603174 -71.471960 72.016918 0.000000 0.000000 0.000000
0.715171 -71.403754 68.639023 0.000000 0.000000 0.000000
0.368024 -71.372754 67.216666 0.000000 0.000000 0.000000
2.590533 -71.356904 64.768153 0.000000 0.000000 0.000000
1.669130 -71.313720 61.924308 0.000000 0.000000 0.000000
