# Event 1335
# Params: dx_requested=3.628215 dx_event(vote)=3.628215 rline(inlier)=3.628215 minvotes=4 nstart=2 cover=0.800 nlines=4
# HoughMemory: requested_MB=80.062 allocated_MB=80.062 num_x=128 directions=1281 coarsened=0 maxmem_MB=0.000
# N0=103 assigned=103 remaining_after_force=0
# Line 1: n=68 a=(2.236,-75.904,55.219) b=(0.015,0.026,1.000) start=(1.527,-77.136,8.149) end=(3.085,-74.428,111.650)
# x y z globalTime peakAmplitude integratedCharge
1.577451 -75.941800 53.971677 0.000000 0.000000 0.000000
2.860162 -75.909356 52.587650 0.000000 0.000000 0.000000
3.369642 -75.952392 50.051903 0.000000 0.000000 0.000000
1.707184 -75.968980 48.699941 0.000000 0.000000 0.000000
3.337587 -76.028736 47.449089 0.000000 0.000000 0.000000
2.836488 -76.082392 46.249820 0.000000 0.000000 0.000000
0.167955 -76.092084 44.107516 0.000000 0.000000 0.000000
3.145221 -76.123004 41.596371 0.000000 0.000000 0.000000
2.551023 -76.120716 40.290903 0.000000 0.000000 0.000000
1.689168 -76.141960 38.867020 0.000000 0.000000 0.000000
0.292221 -76.160400 36.313547 0.000000 0.000000 0.000000
2.012866 -76.243676 34.411603 0.000000 0.000000 0.000000
1.188967 -76.222516 32.540727 0.000000 0.000000 0.000000
1.872305 -76.288226 32.008286 0.000000 0.000000 0.000000
2.108764 -76.338910 30.484301 0.000000 0.000000 0.000000
1.030056 -76.343530 27.658055 0.000000 0.000000 0.000000
4.054268 -73.928864 99.955537 0.000000 0.000000 0.000000
4.517012 -74.079650 97.389317 0.000000 0.000000 0.000000
3.754256 -74.363760 95.174917 0.000000 0.000000 0.000000
5.035711 -74.482820 92.108188 0.000000 0.000000 0.000000
5.279097 -74.643860 91.744113 0.000000 0.000000 0.000000
0.639608 -74.592396 91.280820 0.000000 0.000000 0.000000
2.607354 -74.795640 89.948967 0.000000 0.000000 0.000000
5.223972 -74.824440 88.072838 0.000000 0.000000 0.000000
1.929319 -74.916040 87.965167 0.000000 0.000000 0.000000
0.077096 -75.090790 85.399685 0.000000 0.000000 0.000000
2.711690 -75.244494 83.549104 0.000000 0.000000 0.000000
1.062537 -76.562920 26.613316 0.000000 0.000000 0.000000
1.518821 -76.598224 24.020141 0.000000 0.000000 0.000000
3.050596 -76.680200 22.676426 0.000000 0.000000 0.000000
2.854810 -76.723580 21.002653 0.000000 0.000000 0.000000
0.634356 -76.825340 19.629949 0.000000 0.000000 0.000000
2.761926 -76.871746 18.114704 0.000000 0.000000 0.000000
3.174617 -76.914410 15.975682 0.000000 0.000000 0.000000
2.354051 -76.978510 13.624294 0.000000 0.000000 0.000000
1.454196 -77.071984 11.676988 0.000000 0.000000 0.000000
2.513945 -77.134870 10.897221 0.000000 0.000000 0.000000
0.129807 -77.219830 8.171846 0.000000 0.000000 0.000000
0.517124 -75.542334 81.684590 0.000000 0.000000 0.000000
4.437027 -75.332416 81.788190 0.000000 0.000000 0.000000
1.433292 -75.706520 80.612896 0.000000 0.000000 0.000000
0.163856 -75.812354 78.064869 0.000000 0.000000 0.000000
2.176325 -75.843140 76.813173 0.000000 0.000000 0.000000
2.118064 -75.883654 74.925442 0.000000 0.000000 0.000000
3.167123 -75.865674 73.053401 0.000000 0.000000 0.000000
1.532444 -75.900666 71.013478 0.000000 0.000000 0.000000
0.441894 -75.930926 69.297574 0.000000 0.000000 0.000000
1.526378 -75.937952 68.266425 0.000000 0.000000 0.000000
1.354111 -75.982420 67.194966 0.000000 0.000000 0.000000
3.241394 -75.992510 64.509633 0.000000 0.000000 0.000000
2.176608 -76.040510 63.666487 0.000000 0.000000 0.000000
2.487470 -76.096656 60.886973 0.000000 0.000000 0.000000
3.180499 -76.102172 59.606204 0.000000 0.000000 0.000000
1.049573 -76.130380 57.284388 0.000000 0.000000 0.000000
2.866012 -76.135608 56.080413 0.000000 0.000000 0.000000
6.808493 -73.614312 102.898685 0.000000 0.000000 0.000000
6.937625 -73.803796 101.904877 0.000000 0.000000 0.000000
5.872749 -74.241950 96.190293 0.000000 0.000000 0.000000
9.927320 -72.730048 109.944148 0.000000 0.000000 0.000000
9.188373 -72.966280 108.305826 0.000000 0.000000 0.000000
7.282760 -73.183454 106.049530 0.000000 0.000000 0.000000
10.222121 -73.398530 104.723287 0.000000 0.000000 0.000000
7.457722 -73.621692 102.949537 0.000000 0.000000 0.000000
7.357736 -73.765880 100.967929 0.000000 0.000000 0.000000
7.682699 -73.886486 100.487165 0.000000 0.000000 0.000000
7.291122 -74.068960 97.539666 0.000000 0.000000 0.000000
7.569061 -74.113916 96.236868 0.000000 0.000000 0.000000
7.634985 -72.442248 111.529416 0.000000 0.000000 0.000000
# Line 2: n=35 a=(-34.362,-82.995,145.093) b=(0.553,0.106,-0.826) start=(-83.853,-92.494,218.978) end=(6.470,-75.159,84.136)
# x y z globalTime peakAmplitude integratedCharge
-63.875000 -88.988321 192.500000 0.000000 0.000000 0.000000
-60.375000 -88.190590 185.500000 0.000000 0.000000 0.000000
-56.875000 -87.462533 182.000000 0.000000 0.000000 0.000000
-55.125000 -86.997968 178.500000 0.000000 0.000000 0.000000
-53.375000 -86.617866 175.000000 0.000000 0.000000 0.000000
-51.625000 -86.222936 171.500000 0.000000 0.000000 0.000000
-49.875000 -85.796432 168.000000 0.000000 0.000000 0.000000
-48.125000 -85.430371 164.500000 0.000000 0.000000 0.000000
-46.375000 -85.046479 161.000000 0.000000 0.000000 0.000000
-44.625000 -84.551262 157.500000 0.000000 0.000000 0.000000
-42.875000 -84.291994 154.000000 0.000000 0.000000 0.000000
-42.875000 -84.423412 157.500000 0.000000 0.000000 0.000000
-41.125000 -84.194504 154.000000 0.000000 0.000000 0.000000
-39.375000 -83.779450 150.500000 0.000000 0.000000 0.000000
-37.625000 -83.420770 147.000000 0.000000 0.000000 0.000000
-34.125000 -82.997593 143.500000 0.000000 0.000000 0.000000
-32.375000 -82.636240 140.000000 0.000000 0.000000 0.000000
-28.875000 -81.984224 136.500000 0.000000 0.000000 0.000000
-27.125000 -81.861578 136.500000 0.000000 0.000000 0.000000
-25.375000 -81.263959 129.500000 0.000000 0.000000 0.000000
-23.625000 -81.142163 129.500000 0.000000 0.000000 0.000000
-20.125000 -80.551393 122.500000 0.000000 0.000000 0.000000
-20.125000 -80.649337 126.000000 0.000000 0.000000 0.000000
-18.375000 -80.402508 122.500000 0.000000 0.000000 0.000000
-16.625000 -80.128150 119.000000 0.000000 0.000000 0.000000
6.762172 -74.744532 89.089481 0.000000 0.000000 0.000000
6.372605 -74.990980 85.437655 0.000000 0.000000 0.000000
5.616747 -75.105036 83.571471 0.000000 0.000000 0.000000
-81.375000 -93.566500 220.500000 0.000000 0.000000 0.000000
-77.875000 -92.843093 217.000000 0.000000 0.000000 0.000000
-76.125000 -92.268476 213.500000 0.000000 0.000000 0.000000
-74.375000 -91.790689 210.000000 0.000000 0.000000 0.000000
-69.125000 -90.441984 203.000000 0.000000 0.000000 0.000000
-65.625000 -89.513166 196.000000 0.000000 0.000000 0.000000
-60.375000 -88.358555 189.000000 0.000000 0.000000 0.000000
