# Event 792
# Params: dx_requested=3.601093 dx_event(vote)=3.601093 rline(inlier)=3.601093 minvotes=4 nstart=2 cover=0.800 nlines=4
# HoughMemory: requested_MB=80.062 allocated_MB=80.062 num_x=128 directions=1281 coarsened=0 maxmem_MB=0.000
# N0=134 assigned=134 remaining_after_force=0
# Line 1: n=86 a=(2.181,-80.016,65.154) b=(0.128,-0.042,0.991) start=(-4.774,-77.721,11.269) end=(8.246,-82.017,112.144)
# x y z globalTime peakAmplitude integratedCharge
0.696359 -78.925494 54.329255 0.000000 0.000000 0.000000
1.245125 -78.898474 53.240219 0.000000 0.000000 0.000000
-2.421223 -78.971734 51.943020 0.000000 0.000000 0.000000
0.501109 -78.906470 50.132238 0.000000 0.000000 0.000000
-1.777984 -78.909974 51.122443 0.000000 0.000000 0.000000
2.146008 -78.920874 49.554649 0.000000 0.000000 0.000000
-0.868661 -78.884100 49.266894 0.000000 0.000000 0.000000
0.987409 -78.871990 46.613755 0.000000 0.000000 0.000000
-1.442473 -78.909888 47.556902 0.000000 0.000000 0.000000
2.990345 -78.881304 46.152310 0.000000 0.000000 0.000000
-3.232871 -78.883526 45.848627 0.000000 0.000000 0.000000
1.501469 -78.880054 44.141271 0.000000 0.000000 0.000000
-2.264399 -78.864044 44.426529 0.000000 0.000000 0.000000
2.079188 -78.878834 42.643516 0.000000 0.000000 0.000000
-0.115739 -78.880004 42.695480 0.000000 0.000000 0.000000
-2.795402 -78.904820 39.590709 0.000000 0.000000 0.000000
-2.361076 -78.851696 38.717983 0.000000 0.000000 0.000000
-1.107728 -78.894760 36.109076 0.000000 0.000000 0.000000
1.203571 -78.900544 35.178724 0.000000 0.000000 0.000000
-3.277009 -78.839996 35.618164 0.000000 0.000000 0.000000
-2.657802 -78.937146 33.799191 0.000000 0.000000 0.000000
1.110595 -78.921876 31.714261 0.000000 0.000000 0.000000
-0.742980 -78.912054 32.105810 0.000000 0.000000 0.000000
-3.091953 -78.948760 30.226887 0.000000 0.000000 0.000000
-1.986874 -78.960240 28.418396 0.000000 0.000000 0.000000
5.771100 -81.866700 97.332355 0.000000 0.000000 0.000000
4.158672 -81.736750 96.811488 0.000000 0.000000 0.000000
5.045986 -81.595294 94.751669 0.000000 0.000000 0.000000
5.339597 -81.451120 92.469954 0.000000 0.000000 0.000000
5.748474 -81.326532 90.514793 0.000000 0.000000 0.000000
4.561034 -81.142492 89.583512 0.000000 0.000000 0.000000
3.665322 -80.995734 86.813369 0.000000 0.000000 0.000000
4.244716 -80.831756 86.261500 0.000000 0.000000 0.000000
2.355419 -80.765100 85.528026 0.000000 0.000000 0.000000
5.493550 -80.650256 83.649832 0.000000 0.000000 0.000000
-1.715601 -79.160688 26.656321 0.000000 0.000000 0.000000
-1.124244 -79.233674 23.834931 0.000000 0.000000 0.000000
-3.242757 -79.247412 22.257931 0.000000 0.000000 0.000000
-2.123277 -79.205726 21.611969 0.000000 0.000000 0.000000
-3.350174 -79.369006 15.972196 0.000000 0.000000 0.000000
-3.192385 -79.436340 13.593636 0.000000 0.000000 0.000000
1.613876 -80.680180 82.582573 0.000000 0.000000 0.000000
4.402948 -80.676260 81.810574 0.000000 0.000000 0.000000
2.047504 -80.563092 80.756319 0.000000 0.000000 0.000000
3.642877 -80.518500 81.079665 0.000000 0.000000 0.000000
3.030258 -80.418120 78.118000 0.000000 0.000000 0.000000
3.978862 -80.407568 79.489920 0.000000 0.000000 0.000000
2.620716 -80.238540 76.525513 0.000000 0.000000 0.000000
5.571738 -80.254426 77.274501 0.000000 0.000000 0.000000
0.537667 -80.098132 75.217202 0.000000 0.000000 0.000000
5.032344 -80.107690 74.946008 0.000000 0.000000 0.000000
2.398448 -79.963220 73.064885 0.000000 0.000000 0.000000
2.130272 -79.802448 71.890694 0.000000 0.000000 0.000000
0.625692 -79.676416 69.369989 0.000000 0.000000 0.000000
3.323096 -79.493188 68.335352 0.000000 0.000000 0.000000
0.323765 -79.356324 66.643339 0.000000 0.000000 0.000000
-0.145508 -79.220568 64.364878 0.000000 0.000000 0.000000
0.446651 -79.195234 65.030194 0.000000 0.000000 0.000000
-0.832467 -79.238848 63.142054 0.000000 0.000000 0.000000
1.874609 -79.228936 63.580334 0.000000 0.000000 0.000000
-1.390762 -79.187976 60.615205 0.000000 0.000000 0.000000
2.226414 -79.200994 61.747515 0.000000 0.000000 0.000000
-1.292851 -79.219420 59.369386 0.000000 0.000000 0.000000
2.593245 -79.206640 59.537836 0.000000 0.000000 0.000000
1.348066 -79.213592 57.568951 0.000000 0.000000 0.000000
-0.569874 -79.185060 56.466993 0.000000 0.000000 0.000000
1.797360 -79.197376 55.337666 0.000000 0.000000 0.000000
8.542848 -82.497126 110.997840 0.000000 0.000000 0.000000
8.095223 -82.445056 108.244326 0.000000 0.000000 0.000000
8.421023 -82.332354 106.794393 0.000000 0.000000 0.000000
7.466848 -82.243066 105.062725 0.000000 0.000000 0.000000
7.485158 -82.157240 103.770888 0.000000 0.000000 0.000000
8.134438 -82.057624 101.331288 0.000000 0.000000 0.000000
8.896481 -81.997088 100.167943 0.000000 0.000000 0.000000
9.914483 -81.936500 97.980798 0.000000 0.000000 0.000000
8.761969 -81.838044 96.824256 0.000000 0.000000 0.000000
8.744733 -81.731396 93.842629 0.000000 0.000000 0.000000
8.611147 -81.627080 92.232530 0.000000 0.000000 0.000000
8.470963 -81.440954 90.451770 0.000000 0.000000 0.000000
9.629033 -82.843206 111.930038 0.000000 0.000000 0.000000
-2.917123 -78.964014 54.661264 0.000000 0.000000 0.000000
1.647035 -80.623432 83.917018 0.000000 0.000000 0.000000
-2.203136 -79.507446 11.604873 0.000000 0.000000 0.000000
-2.537138 -79.507264 10.903795 0.000000 0.000000 0.000000
-3.263059 -79.229444 58.255967 0.000000 0.000000 0.000000
9.071401 -81.223468 88.661455 0.000000 0.000000 0.000000
# Line 2: n=28 a=(-51.508,-67.329,166.855) b=(0.458,-0.103,-0.883) start=(-78.984,-61.175,219.854) end=(0.285,-78.931,66.947)
# x y z globalTime peakAmplitude integratedCharge
-77.875000 -61.784318 220.500000 0.000000 0.000000 0.000000
-76.125000 -62.422447 213.500000 0.000000 0.000000 0.000000
-74.375000 -62.789026 206.500000 0.000000 0.000000 0.000000
-74.375000 -62.749322 210.000000 0.000000 0.000000 0.000000
-72.625000 -62.896564 206.500000 0.000000 0.000000 0.000000
-72.625000 -62.856860 210.000000 0.000000 0.000000 0.000000
-69.125000 -63.667529 199.500000 0.000000 0.000000 0.000000
-69.125000 -63.518811 203.000000 0.000000 0.000000 0.000000
-65.625000 -64.214778 192.500000 0.000000 0.000000 0.000000
-63.875000 -64.344140 189.000000 0.000000 0.000000 0.000000
-63.875000 -64.258188 192.500000 0.000000 0.000000 0.000000
-60.375000 -65.034165 185.500000 0.000000 0.000000 0.000000
-58.625000 -65.561216 178.500000 0.000000 0.000000 0.000000
-58.625000 -65.468372 182.000000 0.000000 0.000000 0.000000
-56.875000 -65.680613 178.500000 0.000000 0.000000 0.000000
-55.125000 -66.085007 175.000000 0.000000 0.000000 0.000000
-51.625000 -66.831201 168.000000 0.000000 0.000000 0.000000
-49.875000 -67.238864 164.500000 0.000000 0.000000 0.000000
-48.125000 -67.550680 157.500000 0.000000 0.000000 0.000000
-34.125000 -70.739698 133.000000 0.000000 0.000000 0.000000
-25.375000 -72.857938 115.500000 0.000000 0.000000 0.000000
-20.125000 -74.239963 108.500000 0.000000 0.000000 0.000000
-18.375000 -74.665768 101.500000 0.000000 0.000000 0.000000
-18.375000 -74.550030 105.000000 0.000000 0.000000 0.000000
-2.611498 -79.257154 72.364258 0.000000 0.000000 0.000000
-1.355069 -79.296640 69.363248 0.000000 0.000000 0.000000
-3.272048 -79.300324 68.418962 0.000000 0.000000 0.000000
-2.018285 -79.226594 65.787335 0.000000 0.000000 0.000000
# Line 3: n=20 a=(2.007,-79.233,22.030) b=(0.051,0.025,0.998) start=(1.320,-79.573,8.474) end=(2.935,-78.774,40.350)
# x y z globalTime peakAmplitude integratedCharge
3.290074 -78.870074 40.334859 0.000000 0.000000 0.000000
2.824676 -78.874468 37.978730 0.000000 0.000000 0.000000
3.044703 -78.865924 36.614089 0.000000 0.000000 0.000000
2.578969 -78.893854 33.504475 0.000000 0.000000 0.000000
3.198646 -78.940140 29.086376 0.000000 0.000000 0.000000
2.808319 -78.958820 28.230150 0.000000 0.000000 0.000000
0.677490 -79.175000 25.553942 0.000000 0.000000 0.000000
1.002260 -79.250420 23.983030 0.000000 0.000000 0.000000
1.654658 -79.283440 22.111514 0.000000 0.000000 0.000000
2.900835 -79.287744 20.442999 0.000000 0.000000 0.000000
-0.261035 -79.258050 18.734149 0.000000 0.000000 0.000000
2.984440 -79.316834 18.613974 0.000000 0.000000 0.000000
-1.308118 -79.314630 17.975546 0.000000 0.000000 0.000000
3.410214 -79.324360 17.242449 0.000000 0.000000 0.000000
3.283154 -79.452936 15.302688 0.000000 0.000000 0.000000
0.439855 -79.459064 14.090120 0.000000 0.000000 0.000000
2.696637 -79.453060 12.458237 0.000000 0.000000 0.000000
3.262510 -79.518020 10.844115 0.000000 0.000000 0.000000
-0.174232 -79.616376 9.050017 0.000000 0.000000 0.000000
1.820893 -79.552540 8.448292 0.000000 0.000000 0.000000
