# Event 3761
# Params: dx_requested=3.437719 dx_event(vote)=3.437719 rline(inlier)=3.437719 minvotes=4 nstart=2 cover=0.800 nlines=4
# HoughMemory: requested_MB=80.062 allocated_MB=80.062 num_x=128 directions=1281 coarsened=0 maxmem_MB=0.000
# N0=146 assigned=146 remaining_after_force=0
# Line 1: n=107 a=(3.584,-68.975,57.632) b=(0.025,0.030,0.999) start=(2.368,-70.463,8.549) end=(7.663,-63.987,222.255)
# x y z globalTime peakAmplitude integratedCharge
5.166931 -68.900012 54.967319 0.000000 0.000000 0.000000
0.217638 -68.944836 53.705325 0.000000 0.000000 0.000000
3.572972 -68.886360 53.060711 0.000000 0.000000 0.000000
2.174259 -68.893146 51.952747 0.000000 0.000000 0.000000
5.450804 -68.959888 51.096914 0.000000 0.000000 0.000000
0.111617 -68.976306 50.392335 0.000000 0.000000 0.000000
5.647092 -69.043726 49.214206 0.000000 0.000000 0.000000
2.069581 -69.045612 48.403704 0.000000 0.000000 0.000000
0.523785 -69.151892 47.248186 0.000000 0.000000 0.000000
3.744914 -69.166144 45.098690 0.000000 0.000000 0.000000
2.410982 -69.163366 45.558557 0.000000 0.000000 0.000000
5.087492 -69.161254 44.198088 0.000000 0.000000 0.000000
3.213498 -69.241436 43.353169 0.000000 0.000000 0.000000
4.056361 -69.304444 42.696800 0.000000 0.000000 0.000000
3.304265 -69.297880 42.206162 0.000000 0.000000 0.000000
4.875880 -69.329310 39.660268 0.000000 0.000000 0.000000
1.229024 -69.345124 40.361138 0.000000 0.000000 0.000000
0.708804 -69.319910 38.089302 0.000000 0.000000 0.000000
5.501053 -69.375640 37.399039 0.000000 0.000000 0.000000
2.144067 -69.445540 36.756795 0.000000 0.000000 0.000000
4.865982 -69.562048 35.368535 0.000000 0.000000 0.000000
1.879494 -69.545812 35.372100 0.000000 0.000000 0.000000
4.669915 -69.520620 33.977118 0.000000 0.000000 0.000000
3.343471 -69.551972 33.255788 0.000000 0.000000 0.000000
5.175964 -69.559380 32.020214 0.000000 0.000000 0.000000
2.008045 -69.649340 32.082589 0.000000 0.000000 0.000000
2.307265 -69.666712 30.050267 0.000000 0.000000 0.000000
3.947700 -69.653168 27.783600 0.000000 0.000000 0.000000
0.084269 -69.670770 27.804005 0.000000 0.000000 0.000000
5.555857 -66.861640 109.695996 0.000000 0.000000 0.000000
3.906989 -67.486524 108.607658 0.000000 0.000000 0.000000
4.109395 -67.473376 107.313547 0.000000 0.000000 0.000000
3.887586 -67.496560 105.107406 0.000000 0.000000 0.000000
4.369158 -67.549512 102.716877 0.000000 0.000000 0.000000
4.013533 -67.636846 101.182213 0.000000 0.000000 0.000000
3.424888 -67.687180 101.806008 0.000000 0.000000 0.000000
4.483017 -67.681092 99.582700 0.000000 0.000000 0.000000
4.554263 -67.721320 97.860668 0.000000 0.000000 0.000000
4.291324 -67.832770 96.357605 0.000000 0.000000 0.000000
5.367397 -67.859020 93.898906 0.000000 0.000000 0.000000
5.390959 -67.941560 92.821091 0.000000 0.000000 0.000000
3.397144 -68.025040 92.764449 0.000000 0.000000 0.000000
6.199389 -68.018100 91.066796 0.000000 0.000000 0.000000
4.123661 -67.957160 88.987100 0.000000 0.000000 0.000000
5.671258 -68.095684 87.768085 0.000000 0.000000 0.000000
3.185744 -68.106634 86.878177 0.000000 0.000000 0.000000
4.610322 -68.051696 86.262219 0.000000 0.000000 0.000000
2.255103 -68.232574 86.324254 0.000000 0.000000 0.000000
4.369748 -68.147846 83.402178 0.000000 0.000000 0.000000
2.187565 -70.017272 26.627377 0.000000 0.000000 0.000000
3.971226 -69.925540 26.415035 0.000000 0.000000 0.000000
0.736299 -70.045340 24.212458 0.000000 0.000000 0.000000
1.385576 -70.137464 22.375826 0.000000 0.000000 0.000000
1.726178 -70.219464 20.502324 0.000000 0.000000 0.000000
4.411307 -70.143670 20.688925 0.000000 0.000000 0.000000
1.929908 -70.271560 18.543323 0.000000 0.000000 0.000000
4.208604 -70.183440 19.323815 0.000000 0.000000 0.000000
2.668817 -70.328668 17.208596 0.000000 0.000000 0.000000
1.563489 -70.426580 16.240249 0.000000 0.000000 0.000000
2.023790 -70.493804 13.976121 0.000000 0.000000 0.000000
1.775595 -70.580706 11.618708 0.000000 0.000000 0.000000
3.367813 -70.744586 10.254933 0.000000 0.000000 0.000000
3.833082 -70.674400 10.110910 0.000000 0.000000 0.000000
2.022349 -70.839924 8.568796 0.000000 0.000000 0.000000
4.862364 -68.353564 82.261574 0.000000 0.000000 0.000000
3.425073 -68.509480 80.055974 0.000000 0.000000 0.000000
5.217133 -68.404316 80.351149 0.000000 0.000000 0.000000
3.209436 -68.564496 78.861868 0.000000 0.000000 0.000000
6.391446 -68.478864 78.568990 0.000000 0.000000 0.000000
2.703203 -68.610828 76.695398 0.000000 0.000000 0.000000
6.366723 -68.549268 77.636559 0.000000 0.000000 0.000000
3.361319 -68.598660 74.688802 0.000000 0.000000 0.000000
6.343571 -68.597080 75.284641 0.000000 0.000000 0.000000
3.658524 -68.568024 73.973125 0.000000 0.000000 0.000000
5.350280 -68.622888 71.860099 0.000000 0.000000 0.000000
2.023021 -68.719806 70.601344 0.000000 0.000000 0.000000
4.610131 -68.680964 69.677801 0.000000 0.000000 0.000000
6.557167 -68.752260 68.292237 0.000000 0.000000 0.000000
1.305176 -68.794770 65.975242 0.000000 0.000000 0.000000
3.838882 -68.777840 67.151391 0.000000 0.000000 0.000000
5.767946 -68.750994 65.470933 0.000000 0.000000 0.000000
3.401513 -68.946826 63.237149 0.000000 0.000000 0.000000
3.565290 -68.882080 62.799537 0.000000 0.000000 0.000000
2.797117 -68.999584 61.390197 0.000000 0.000000 0.000000
4.759315 -68.904168 60.854454 0.000000 0.000000 0.000000
2.304354 -69.051550 59.790875 0.000000 0.000000 0.000000
6.475526 -69.018390 60.102441 0.000000 0.000000 0.000000
2.977386 -69.092634 57.483636 0.000000 0.000000 0.000000
3.952007 -69.047894 58.349247 0.000000 0.000000 0.000000
0.248046 -69.133660 56.732143 0.000000 0.000000 0.000000
6.204827 -69.100640 56.179132 0.000000 0.000000 0.000000
23.625000 -50.817955 164.500000 0.000000 0.000000 0.000000
25.375000 -49.706940 168.000000 0.000000 0.000000 0.000000
28.875000 -47.141487 178.500000 0.000000 0.000000 0.000000
32.375000 -44.441305 189.000000 0.000000 0.000000 0.000000
41.125000 -38.205048 213.500000 0.000000 0.000000 0.000000
44.625000 -36.308063 220.500000 0.000000 0.000000 0.000000
6.635851 -69.065296 47.105252 0.000000 0.000000 0.000000
5.978812 -69.299048 38.049241 0.000000 0.000000 0.000000
5.232380 -69.619320 30.015450 0.000000 0.000000 0.000000
5.949377 -70.035888 24.922574 0.000000 0.000000 0.000000
6.163107 -70.077424 22.294077 0.000000 0.000000 0.000000
6.141242 -70.294446 17.635949 0.000000 0.000000 0.000000
6.815395 -70.382264 16.457567 0.000000 0.000000 0.000000
5.686833 -70.408260 13.455589 0.000000 0.000000 0.000000
4.015457 -70.554626 12.256960 0.000000 0.000000 0.000000
5.047711 -70.774866 9.086193 0.000000 0.000000 0.000000
# Line 2: n=39 a=(0.140,-69.083,110.901) b=(0.043,0.044,-0.998) start=(-1.024,-70.292,138.093) end=(2.079,-67.071,65.617)
# x y z globalTime peakAmplitude integratedCharge
2.621534 -67.959192 109.803438 0.000000 0.000000 0.000000
2.517070 -67.752130 108.570789 0.000000 0.000000 0.000000
2.087545 -67.586346 107.254168 0.000000 0.000000 0.000000
1.814769 -67.512530 104.277175 0.000000 0.000000 0.000000
0.452804 -67.582660 102.984691 0.000000 0.000000 0.000000
1.854643 -67.767786 99.438417 0.000000 0.000000 0.000000
0.243405 -67.833746 98.409820 0.000000 0.000000 0.000000
1.437453 -67.911720 96.864143 0.000000 0.000000 0.000000
0.856029 -67.912786 94.445751 0.000000 0.000000 0.000000
1.023537 -68.083166 90.798310 0.000000 0.000000 0.000000
1.542807 -68.064580 89.979321 0.000000 0.000000 0.000000
0.180816 -68.223920 84.509218 0.000000 0.000000 0.000000
0.062646 -68.435180 82.048506 0.000000 0.000000 0.000000
1.040149 -68.633326 74.001511 0.000000 0.000000 0.000000
0.181132 -68.686554 72.259997 0.000000 0.000000 0.000000
0.845298 -68.768988 68.600568 0.000000 0.000000 0.000000
-1.407660 -71.134516 138.039212 0.000000 0.000000 0.000000
-2.174419 -71.044740 136.312563 0.000000 0.000000 0.000000
-0.694448 -70.923328 134.346978 0.000000 0.000000 0.000000
-0.317520 -70.801508 132.662910 0.000000 0.000000 0.000000
-3.108077 -70.712664 130.851906 0.000000 0.000000 0.000000
-2.934828 -70.531988 130.078569 0.000000 0.000000 0.000000
-2.333797 -70.341992 127.251764 0.000000 0.000000 0.000000
0.325513 -70.104432 125.927118 0.000000 0.000000 0.000000
-3.059000 -70.124220 125.910795 0.000000 0.000000 0.000000
2.227603 -69.894976 123.571212 0.000000 0.000000 0.000000
-1.857240 -69.935828 124.827406 0.000000 0.000000 0.000000
1.543335 -69.694320 121.830279 0.000000 0.000000 0.000000
-1.952162 -69.774600 123.206714 0.000000 0.000000 0.000000
1.733427 -69.486676 120.460583 0.000000 0.000000 0.000000
-0.522835 -69.520508 120.462348 0.000000 0.000000 0.000000
0.437646 -69.249872 119.340135 0.000000 0.000000 0.000000
-2.851403 -69.282050 119.320874 0.000000 0.000000 0.000000
2.579108 -69.010156 117.008071 0.000000 0.000000 0.000000
-2.302108 -69.159570 116.602328 0.000000 0.000000 0.000000
1.394339 -68.782060 115.876026 0.000000 0.000000 0.000000
1.295396 -68.580768 113.689728 0.000000 0.000000 0.000000
0.541808 -68.364666 112.421159 0.000000 0.000000 0.000000
0.181514 -68.870340 65.455519 0.000000 0.000000 0.000000
