# Event 599
# Params: dx_requested=3.566064 dx_event(vote)=3.566064 rline(inlier)=3.566064 minvotes=4 nstart=2 cover=0.800 nlines=4
# HoughMemory: requested_MB=80.062 allocated_MB=80.062 num_x=128 directions=1281 coarsened=0 maxmem_MB=0.000
# N0=95 assigned=95 remaining_after_force=0
# Line 1: n=57 a=(-2.122,-62.266,41.033) b=(0.201,-0.024,-0.979) start=(-8.007,-61.552,69.636) end=(4.312,-63.046,9.762)
# x y z globalTime peakAmplitude integratedCharge
-4.591128 -61.771820 53.670898 0.000000 0.000000 0.000000
-1.410956 -61.989264 53.210791 0.000000 0.000000 0.000000
-3.647784 -61.967090 52.620388 0.000000 0.000000 0.000000
-2.606676 -62.099708 51.242460 0.000000 0.000000 0.000000
-6.508638 -62.058840 50.255666 0.000000 0.000000 0.000000
-1.296825 -62.165400 48.968952 0.000000 0.000000 0.000000
-5.863397 -62.113348 48.453291 0.000000 0.000000 0.000000
-1.871096 -62.238434 47.478796 0.000000 0.000000 0.000000
-4.970583 -62.215216 46.600088 0.000000 0.000000 0.000000
-1.274131 -62.243946 46.100119 0.000000 0.000000 0.000000
-2.128372 -62.229590 44.492917 0.000000 0.000000 0.000000
-2.693574 -62.213630 42.438985 0.000000 0.000000 0.000000
2.010929 -62.179520 40.341791 0.000000 0.000000 0.000000
-2.754687 -62.196784 39.826368 0.000000 0.000000 0.000000
-2.942030 -62.198220 39.249070 0.000000 0.000000 0.000000
2.620799 -62.206794 36.806973 0.000000 0.000000 0.000000
-2.842344 -62.193952 36.599045 0.000000 0.000000 0.000000
2.704741 -62.252790 34.276015 0.000000 0.000000 0.000000
-1.792037 -62.225928 35.689593 0.000000 0.000000 0.000000
0.637901 -62.259940 33.792156 0.000000 0.000000 0.000000
-1.647784 -62.296960 33.135321 0.000000 0.000000 0.000000
1.943926 -62.296406 31.329971 0.000000 0.000000 0.000000
-1.404614 -62.218634 31.711511 0.000000 0.000000 0.000000
0.631342 -62.331188 30.257596 0.000000 0.000000 0.000000
1.464715 -62.417800 27.323339 0.000000 0.000000 0.000000
-0.183979 -62.358160 28.522614 0.000000 0.000000 0.000000
-0.241969 -62.614000 26.731498 0.000000 0.000000 0.000000
1.346267 -62.650012 26.254710 0.000000 0.000000 0.000000
-0.766681 -62.782294 24.368624 0.000000 0.000000 0.000000
0.847581 -62.733906 24.546897 0.000000 0.000000 0.000000
-0.751559 -62.920472 22.376409 0.000000 0.000000 0.000000
1.808411 -62.862600 22.440712 0.000000 0.000000 0.000000
2.410466 -62.952008 21.443563 0.000000 0.000000 0.000000
2.903128 -63.015644 19.642312 0.000000 0.000000 0.000000
3.034571 -63.102826 17.910251 0.000000 0.000000 0.000000
1.165853 -63.192310 16.118273 0.000000 0.000000 0.000000
2.364545 -63.325256 11.522523 0.000000 0.000000 0.000000
-4.683271 -61.412360 63.475596 0.000000 0.000000 0.000000
-6.571564 -61.499134 60.947606 0.000000 0.000000 0.000000
-6.366928 -61.514954 60.030070 0.000000 0.000000 0.000000
-6.926830 -61.643390 57.581137 0.000000 0.000000 0.000000
-6.129335 -61.811280 55.515268 0.000000 0.000000 0.000000
-7.946911 -62.682586 69.676835 0.000000 0.000000 0.000000
-8.354373 -62.075324 68.745824 0.000000 0.000000 0.000000
-7.862787 -61.677280 66.355304 0.000000 0.000000 0.000000
-9.197192 -61.587244 65.151989 0.000000 0.000000 0.000000
-9.391164 -61.505628 63.322023 0.000000 0.000000 0.000000
-0.725728 -63.002400 19.248659 0.000000 0.000000 0.000000
-0.703957 -63.030240 18.186916 0.000000 0.000000 0.000000
-1.113482 -63.078376 15.271554 0.000000 0.000000 0.000000
-2.333989 -63.332728 14.651632 0.000000 0.000000 0.000000
0.528870 -63.278376 13.502630 0.000000 0.000000 0.000000
-2.461965 -63.407060 11.744754 0.000000 0.000000 0.000000
-0.324376 -63.448530 9.799644 0.000000 0.000000 0.000000
1.011932 -63.465796 10.442683 0.000000 0.000000 0.000000
-1.567206 -63.627280 8.879198 0.000000 0.000000 0.000000
0.133856 -63.545980 8.914311 0.000000 0.000000 0.000000
# Line 2: n=38 a=(40.060,-74.385,137.677) b=(0.354,-0.116,0.928) start=(-3.936,-59.986,22.260) end=(71.786,-84.768,220.906)
# x y z globalTime peakAmplitude integratedCharge
13.125000 -65.788098 63.000000 0.000000 0.000000 0.000000
14.875000 -66.471422 70.000000 0.000000 0.000000 0.000000
14.875000 -66.585534 73.500000 0.000000 0.000000 0.000000
18.375000 -67.477963 80.500000 0.000000 0.000000 0.000000
20.125000 -67.999162 84.000000 0.000000 0.000000 0.000000
21.875000 -68.578879 87.500000 0.000000 0.000000 0.000000
21.875000 -68.619876 91.000000 0.000000 0.000000 0.000000
23.625000 -69.206445 94.500000 0.000000 0.000000 0.000000
23.625000 -69.218466 101.500000 0.000000 0.000000 0.000000
25.375000 -69.540210 98.000000 0.000000 0.000000 0.000000
28.875000 -70.643400 108.500000 0.000000 0.000000 0.000000
30.625000 -71.233670 112.000000 0.000000 0.000000 0.000000
32.375000 -71.811160 119.000000 0.000000 0.000000 0.000000
34.125000 -72.180467 122.500000 0.000000 0.000000 0.000000
35.875000 -72.579208 126.000000 0.000000 0.000000 0.000000
37.625000 -73.140505 129.500000 0.000000 0.000000 0.000000
39.375000 -73.938826 136.500000 0.000000 0.000000 0.000000
39.375000 -74.001550 140.000000 0.000000 0.000000 0.000000
42.875000 -74.997824 147.000000 0.000000 0.000000 0.000000
44.625000 -75.585238 150.500000 0.000000 0.000000 0.000000
46.375000 -76.139030 154.000000 0.000000 0.000000 0.000000
48.125000 -76.717401 157.500000 0.000000 0.000000 0.000000
48.125000 -76.891052 161.000000 0.000000 0.000000 0.000000
49.875000 -77.395777 164.500000 0.000000 0.000000 0.000000
51.625000 -77.837821 168.000000 0.000000 0.000000 0.000000
53.375000 -78.425310 171.500000 0.000000 0.000000 0.000000
55.125000 -79.203051 178.500000 0.000000 0.000000 0.000000
56.875000 -79.749818 182.000000 0.000000 0.000000 0.000000
58.625000 -80.345155 185.500000 0.000000 0.000000 0.000000
62.125000 -81.717505 196.000000 0.000000 0.000000 0.000000
65.625000 -82.937372 203.000000 0.000000 0.000000 0.000000
67.375000 -83.802077 210.000000 0.000000 0.000000 0.000000
69.125000 -84.361051 213.500000 0.000000 0.000000 0.000000
70.875000 -85.031465 217.000000 0.000000 0.000000 0.000000
72.625000 -85.455255 220.500000 0.000000 0.000000 0.000000
2.774949 -62.239014 38.861140 0.000000 0.000000 0.000000
-3.067598 -62.328112 30.388163 0.000000 0.000000 0.000000
-2.479661 -62.962768 21.333663 0.000000 0.000000 0.000000
