# Event 3103
# Params: dx_requested=3.568714 dx_event(vote)=3.568714 rline(inlier)=3.568714 minvotes=4 nstart=2 cover=0.800 nlines=4
# HoughMemory: requested_MB=80.062 allocated_MB=80.062 num_x=128 directions=1281 coarsened=0 maxmem_MB=0.000
# N0=130 assigned=130 remaining_after_force=0
# Line 1: n=57 a=(-5.360,-76.854,59.393) b=(0.007,-0.015,1.000) start=(-5.693,-76.113,9.753) end=(-5.044,-77.556,106.509)
# x y z globalTime peakAmplitude integratedCharge
-5.517951 -76.447364 54.895674 0.000000 0.000000 0.000000
-4.629262 -76.430976 52.882368 0.000000 0.000000 0.000000
-4.999086 -76.458436 50.248024 0.000000 0.000000 0.000000
-5.766217 -76.455414 49.451229 0.000000 0.000000 0.000000
-4.161887 -76.444024 47.699134 0.000000 0.000000 0.000000
-6.157554 -76.403870 46.199468 0.000000 0.000000 0.000000
-6.477165 -76.363294 43.356568 0.000000 0.000000 0.000000
-5.389087 -76.312152 41.901338 0.000000 0.000000 0.000000
-5.719308 -76.322236 40.763519 0.000000 0.000000 0.000000
-3.977147 -76.317444 38.658005 0.000000 0.000000 0.000000
-6.587702 -76.341790 37.302627 0.000000 0.000000 0.000000
-4.525183 -76.342712 35.494270 0.000000 0.000000 0.000000
-5.751239 -76.323700 33.801030 0.000000 0.000000 0.000000
-4.889616 -76.324244 32.033546 0.000000 0.000000 0.000000
-5.068953 -76.297424 29.908689 0.000000 0.000000 0.000000
-6.069935 -76.324300 27.898090 0.000000 0.000000 0.000000
-6.000487 -78.505896 106.501484 0.000000 0.000000 0.000000
-4.282004 -78.363392 105.198231 0.000000 0.000000 0.000000
-5.091698 -78.199072 103.167138 0.000000 0.000000 0.000000
-3.576557 -78.034046 101.750770 0.000000 0.000000 0.000000
-6.614680 -77.839044 99.362012 0.000000 0.000000 0.000000
-3.159827 -77.728808 97.682256 0.000000 0.000000 0.000000
-4.901904 -77.662128 98.592123 0.000000 0.000000 0.000000
-6.080308 -77.477920 96.268201 0.000000 0.000000 0.000000
-4.591199 -77.300946 93.975055 0.000000 0.000000 0.000000
-6.021539 -77.182172 93.480631 0.000000 0.000000 0.000000
-3.586507 -77.073432 91.248235 0.000000 0.000000 0.000000
-6.050757 -77.009210 89.644434 0.000000 0.000000 0.000000
-4.018946 -76.979870 87.737038 0.000000 0.000000 0.000000
-6.659574 -76.944788 85.350896 0.000000 0.000000 0.000000
-6.235856 -76.907830 84.559638 0.000000 0.000000 0.000000
-3.929471 -76.536340 26.524267 0.000000 0.000000 0.000000
-5.436403 -76.541986 25.108729 0.000000 0.000000 0.000000
-5.358697 -76.548860 22.206749 0.000000 0.000000 0.000000
-5.714821 -76.528016 21.749356 0.000000 0.000000 0.000000
-6.822237 -76.559130 19.047279 0.000000 0.000000 0.000000
-5.924184 -76.606560 16.800631 0.000000 0.000000 0.000000
-6.591430 -76.632496 16.206447 0.000000 0.000000 0.000000
-4.580218 -76.656104 13.598440 0.000000 0.000000 0.000000
-5.876628 -76.684748 12.300003 0.000000 0.000000 0.000000
-6.739530 -76.697736 9.751186 0.000000 0.000000 0.000000
-5.869781 -77.044480 81.664875 0.000000 0.000000 0.000000
-5.787126 -77.037480 80.110408 0.000000 0.000000 0.000000
-4.549773 -76.997160 79.090552 0.000000 0.000000 0.000000
-4.869446 -77.000020 77.115075 0.000000 0.000000 0.000000
-6.855957 -76.936884 74.891910 0.000000 0.000000 0.000000
-6.367916 -76.894134 73.819344 0.000000 0.000000 0.000000
-5.978822 -76.864324 71.914143 0.000000 0.000000 0.000000
-4.712322 -76.821844 70.610350 0.000000 0.000000 0.000000
-4.429560 -76.805680 67.664691 0.000000 0.000000 0.000000
-5.790077 -76.763532 66.310524 0.000000 0.000000 0.000000
-4.687112 -76.764920 64.668230 0.000000 0.000000 0.000000
-3.969707 -76.779968 62.576214 0.000000 0.000000 0.000000
-3.768532 -76.722668 61.709080 0.000000 0.000000 0.000000
-6.566762 -76.705120 60.036625 0.000000 0.000000 0.000000
-5.166615 -76.724820 57.290529 0.000000 0.000000 0.000000
-6.607043 -76.681348 55.612975 0.000000 0.000000 0.000000
# Line 2: n=24 a=(-56.948,-64.632,180.104) b=(0.501,-0.110,-0.859) start=(-80.695,-59.399,220.846) end=(-31.735,-70.188,136.849)
# x y z globalTime peakAmplitude integratedCharge
-81.375000 -59.787869 220.500000 0.000000 0.000000 0.000000
-77.875000 -60.125920 217.000000 0.000000 0.000000 0.000000
-76.125000 -60.497769 213.500000 0.000000 0.000000 0.000000
-74.375000 -60.826530 210.000000 0.000000 0.000000 0.000000
-72.625000 -61.216804 206.500000 0.000000 0.000000 0.000000
-70.875000 -61.628168 203.000000 0.000000 0.000000 0.000000
-69.125000 -61.792184 203.000000 0.000000 0.000000 0.000000
-65.625000 -62.540377 196.000000 0.000000 0.000000 0.000000
-63.875000 -62.954712 192.500000 0.000000 0.000000 0.000000
-62.125000 -63.342707 189.000000 0.000000 0.000000 0.000000
-60.375000 -63.692459 185.500000 0.000000 0.000000 0.000000
-58.625000 -64.160059 182.000000 0.000000 0.000000 0.000000
-56.875000 -64.523633 178.500000 0.000000 0.000000 0.000000
-53.375000 -65.219070 175.000000 0.000000 0.000000 0.000000
-51.625000 -65.742178 171.500000 0.000000 0.000000 0.000000
-49.875000 -66.033947 168.000000 0.000000 0.000000 0.000000
-48.125000 -66.533824 164.500000 0.000000 0.000000 0.000000
-46.375000 -66.965802 161.000000 0.000000 0.000000 0.000000
-44.625000 -67.297922 157.500000 0.000000 0.000000 0.000000
-41.125000 -68.113693 154.000000 0.000000 0.000000 0.000000
-39.375000 -68.576181 150.500000 0.000000 0.000000 0.000000
-37.625000 -69.000200 147.000000 0.000000 0.000000 0.000000
-32.375000 -70.375958 136.500000 0.000000 0.000000 0.000000
-32.375000 -70.222193 140.000000 0.000000 0.000000 0.000000
# Line 3: n=49 a=(-1.574,-77.462,58.911) b=(0.003,0.030,-1.000) start=(-1.773,-79.691,133.498) end=(-1.442,-75.983,9.386)
# x y z globalTime peakAmplitude integratedCharge
-2.873356 -76.575480 48.592856 0.000000 0.000000 0.000000
-0.291040 -76.485280 45.344913 0.000000 0.000000 0.000000
-1.232000 -76.449450 43.697937 0.000000 0.000000 0.000000
-0.451034 -76.426600 41.998773 0.000000 0.000000 0.000000
-1.096529 -76.274346 39.832949 0.000000 0.000000 0.000000
-1.763399 -76.307480 38.296921 0.000000 0.000000 0.000000
-2.408621 -76.460132 36.342513 0.000000 0.000000 0.000000
-0.156600 -76.449212 34.750560 0.000000 0.000000 0.000000
-1.430730 -76.359992 33.469263 0.000000 0.000000 0.000000
-2.608047 -76.335676 31.499928 0.000000 0.000000 0.000000
-0.972431 -76.331030 30.479726 0.000000 0.000000 0.000000
-1.479077 -76.376984 28.025546 0.000000 0.000000 0.000000
-0.916331 -78.993952 110.472443 0.000000 0.000000 0.000000
-2.320120 -78.802844 108.491483 0.000000 0.000000 0.000000
-2.796939 -78.624300 106.334335 0.000000 0.000000 0.000000
-2.819708 -78.419116 105.734537 0.000000 0.000000 0.000000
-0.265890 -78.253344 103.531383 0.000000 0.000000 0.000000
-0.826640 -78.072930 102.230165 0.000000 0.000000 0.000000
-2.050935 -77.936512 100.380302 0.000000 0.000000 0.000000
-2.177669 -77.492706 96.618788 0.000000 0.000000 0.000000
-2.533535 -76.511220 25.894677 0.000000 0.000000 0.000000
-0.398709 -76.544390 24.765987 0.000000 0.000000 0.000000
-2.441213 -76.456800 23.132222 0.000000 0.000000 0.000000
-1.316021 -76.568836 21.595244 0.000000 0.000000 0.000000
-1.458164 -76.584106 18.570386 0.000000 0.000000 0.000000
-1.273326 -76.639180 17.297566 0.000000 0.000000 0.000000
-0.513064 -76.661976 15.494882 0.000000 0.000000 0.000000
-0.113670 -76.655048 13.321817 0.000000 0.000000 0.000000
-1.726475 -76.721496 11.747148 0.000000 0.000000 0.000000
-2.721781 -76.712900 10.095467 0.000000 0.000000 0.000000
-2.645256 -76.879212 9.355918 0.000000 0.000000 0.000000
-3.009633 -80.554786 122.447863 0.000000 0.000000 0.000000
-1.132180 -80.318354 120.319068 0.000000 0.000000 0.000000
-1.137921 -80.145068 118.558365 0.000000 0.000000 0.000000
-2.231658 -79.768096 115.449138 0.000000 0.000000 0.000000
-2.040990 -79.572668 113.652826 0.000000 0.000000 0.000000
-0.607944 -79.388892 111.866047 0.000000 0.000000 0.000000
2.660003 -80.859692 133.475234 0.000000 0.000000 0.000000
1.784230 -80.966380 131.290773 0.000000 0.000000 0.000000
2.567311 -80.838934 129.277451 0.000000 0.000000 0.000000
0.251665 -80.775520 128.417445 0.000000 0.000000 0.000000
2.030537 -80.704986 125.479189 0.000000 0.000000 0.000000
1.447930 -80.640954 124.817809 0.000000 0.000000 0.000000
0.170949 -80.520124 122.788690 0.000000 0.000000 0.000000
0.581890 -80.322580 120.927364 0.000000 0.000000 0.000000
2.898595 -80.146948 119.390009 0.000000 0.000000 0.000000
3.094798 -79.910076 117.507826 0.000000 0.000000 0.000000
-0.216704 -79.950886 117.556875 0.000000 0.000000 0.000000
1.364658 -79.818444 116.096800 0.000000 0.000000 0.000000
