# Event 5668
# Params: dx_requested=3.378569 dx_event(vote)=3.378569 rline(inlier)=3.378569 minvotes=4 nstart=2 cover=0.800 nlines=4
# HoughMemory: requested_MB=80.062 allocated_MB=80.062 num_x=128 directions=1281 coarsened=0 maxmem_MB=0.000
# N0=98 assigned=98 remaining_after_force=0
# Line 1: n=78 a=(-8.070,-79.762,76.635) b=(0.012,-0.018,1.000) start=(-8.887,-78.555,8.434) end=(-7.360,-80.813,135.951)
# x y z globalTime peakAmplitude integratedCharge
-6.222780 -80.430880 135.944422 0.000000 0.000000 0.000000
-5.575912 -80.507086 134.648467 0.000000 0.000000 0.000000
-5.787035 -80.521252 133.018460 0.000000 0.000000 0.000000
-4.423672 -80.478754 131.436775 0.000000 0.000000 0.000000
-4.762370 -80.574628 129.281295 0.000000 0.000000 0.000000
-4.753464 -80.550550 127.507092 0.000000 0.000000 0.000000
-5.063472 -80.495764 126.622774 0.000000 0.000000 0.000000
-4.949057 -80.512446 124.448846 0.000000 0.000000 0.000000
-4.155970 -80.564788 122.836530 0.000000 0.000000 0.000000
-9.806557 -80.641540 110.345819 0.000000 0.000000 0.000000
-7.765933 -80.640692 108.482159 0.000000 0.000000 0.000000
-7.929858 -80.654804 107.290251 0.000000 0.000000 0.000000
-7.471867 -80.560600 104.331813 0.000000 0.000000 0.000000
-7.958309 -80.511660 102.947565 0.000000 0.000000 0.000000
-7.686075 -80.422070 102.114733 0.000000 0.000000 0.000000
-9.995311 -80.405100 99.507829 0.000000 0.000000 0.000000
-8.051973 -80.370020 97.968581 0.000000 0.000000 0.000000
-7.135543 -80.328284 96.723124 0.000000 0.000000 0.000000
-7.631515 -80.256774 94.508844 0.000000 0.000000 0.000000
-9.606162 -80.193820 93.486204 0.000000 0.000000 0.000000
-7.753134 -80.104280 90.394122 0.000000 0.000000 0.000000
-8.583249 -80.064800 89.855328 0.000000 0.000000 0.000000
-8.524206 -79.993354 86.763713 0.000000 0.000000 0.000000
-9.400951 -79.952400 85.672917 0.000000 0.000000 0.000000
-10.034879 -79.905372 83.903407 0.000000 0.000000 0.000000
-9.302660 -79.849932 82.337237 0.000000 0.000000 0.000000
-7.878812 -79.812476 80.127673 0.000000 0.000000 0.000000
-8.158607 -79.750568 78.687968 0.000000 0.000000 0.000000
-10.023313 -79.694300 76.253821 0.000000 0.000000 0.000000
-8.473655 -79.682380 74.799878 0.000000 0.000000 0.000000
-8.525407 -79.641080 72.993069 0.000000 0.000000 0.000000
-9.100781 -79.566968 71.175835 0.000000 0.000000 0.000000
-9.696593 -79.508654 70.003330 0.000000 0.000000 0.000000
-7.239568 -79.482746 68.188335 0.000000 0.000000 0.000000
-7.894138 -79.422870 66.970926 0.000000 0.000000 0.000000
-7.444043 -79.411846 64.402044 0.000000 0.000000 0.000000
-7.565428 -79.356574 63.235656 0.000000 0.000000 0.000000
-8.087326 -79.338208 60.983711 0.000000 0.000000 0.000000
-9.884910 -79.296660 60.126071 0.000000 0.000000 0.000000
-8.466127 -79.227130 58.431917 0.000000 0.000000 0.000000
-7.420482 -79.218604 56.151637 0.000000 0.000000 0.000000
-7.563997 -79.219306 54.052674 0.000000 0.000000 0.000000
-9.921729 -79.213160 53.237777 0.000000 0.000000 0.000000
-7.359020 -79.194172 50.016343 0.000000 0.000000 0.000000
-7.894701 -79.115528 48.978107 0.000000 0.000000 0.000000
-8.258343 -79.121972 47.296297 0.000000 0.000000 0.000000
-7.247599 -79.069056 45.206623 0.000000 0.000000 0.000000
-9.355566 -79.078340 43.154593 0.000000 0.000000 0.000000
-10.045705 -78.997944 42.479796 0.000000 0.000000 0.000000
-7.079810 -78.995556 40.462923 0.000000 0.000000 0.000000
-9.250224 -78.997894 39.144593 0.000000 0.000000 0.000000
-9.016568 -78.952840 36.662342 0.000000 0.000000 0.000000
-7.718997 -78.946980 35.335622 0.000000 0.000000 0.000000
-7.716479 -78.916632 33.585043 0.000000 0.000000 0.000000
-7.870395 -78.875744 31.280430 0.000000 0.000000 0.000000
-8.544219 -78.868774 30.491914 0.000000 0.000000 0.000000
-8.167575 -78.866088 25.690484 0.000000 0.000000 0.000000
-7.605260 -78.854230 22.644262 0.000000 0.000000 0.000000
-7.412417 -78.808800 21.692311 0.000000 0.000000 0.000000
-9.817077 -78.827796 19.511940 0.000000 0.000000 0.000000
-7.677712 -78.786474 17.520993 0.000000 0.000000 0.000000
-8.581852 -78.755920 16.044969 0.000000 0.000000 0.000000
-9.357079 -78.750800 13.609009 0.000000 0.000000 0.000000
-7.406323 -78.850580 11.817174 0.000000 0.000000 0.000000
-7.818973 -78.894860 10.722397 0.000000 0.000000 0.000000
-9.834522 -78.996044 8.437807 0.000000 0.000000 0.000000
-8.482069 -80.568206 127.915978 0.000000 0.000000 0.000000
-9.184500 -80.624980 126.304843 0.000000 0.000000 0.000000
-7.515952 -80.591688 124.895902 0.000000 0.000000 0.000000
-10.299143 -80.616016 122.238307 0.000000 0.000000 0.000000
-9.548807 -80.593060 120.795510 0.000000 0.000000 0.000000
-9.258111 -80.574520 119.568424 0.000000 0.000000 0.000000
-8.372340 -80.606836 117.796767 0.000000 0.000000 0.000000
-8.451601 -80.612652 115.878061 0.000000 0.000000 0.000000
-9.643478 -80.622846 113.309299 0.000000 0.000000 0.000000
-7.878848 -80.670050 111.584021 0.000000 0.000000 0.000000
-10.362651 -78.819568 28.117001 0.000000 0.000000 0.000000
-10.449174 -78.838800 24.732030 0.000000 0.000000 0.000000
# Line 2: n=20 a=(-30.441,-86.246,177.763) b=(0.300,0.090,-0.950) start=(-44.028,-90.341,220.738) end=(-18.506,-82.649,140.016)
# x y z globalTime peakAmplitude integratedCharge
-44.625000 -90.858683 220.500000 0.000000 0.000000 0.000000
-42.875000 -90.407504 217.000000 0.000000 0.000000 0.000000
-41.125000 -89.830890 213.500000 0.000000 0.000000 0.000000
-39.375000 -88.976715 206.500000 0.000000 0.000000 0.000000
-37.625000 -88.253451 199.500000 0.000000 0.000000 0.000000
-34.125000 -87.005875 189.000000 0.000000 0.000000 0.000000
-32.375000 -86.417458 182.000000 0.000000 0.000000 0.000000
-32.375000 -86.538097 185.500000 0.000000 0.000000 0.000000
-30.625000 -85.982245 178.500000 0.000000 0.000000 0.000000
-28.875000 -85.506333 171.500000 0.000000 0.000000 0.000000
-28.875000 -85.591678 175.000000 0.000000 0.000000 0.000000
-27.125000 -85.018624 168.000000 0.000000 0.000000 0.000000
-25.375000 -84.616095 161.000000 0.000000 0.000000 0.000000
-25.375000 -84.713006 164.500000 0.000000 0.000000 0.000000
-23.625000 -84.174719 154.000000 0.000000 0.000000 0.000000
-23.625000 -84.277817 157.500000 0.000000 0.000000 0.000000
-21.875000 -83.638876 147.000000 0.000000 0.000000 0.000000
-20.125000 -83.616126 147.000000 0.000000 0.000000 0.000000
-18.375000 -83.251199 140.000000 0.000000 0.000000 0.000000
-16.625000 -83.542236 147.000000 0.000000 0.000000 0.000000
