# Event 2892
# Params: dx_requested=3.449216 dx_event(vote)=3.449216 rline(inlier)=3.449216 minvotes=4 nstart=2 cover=0.800 nlines=4
# HoughMemory: requested_MB=80.062 allocated_MB=80.062 num_x=128 directions=1281 coarsened=0 maxmem_MB=0.000
# N0=158 assigned=158 remaining_after_force=0
# Line 1: n=70 a=(36.574,-61.822,174.201) b=(0.461,0.047,0.886) start=(6.143,-64.909,115.629) end=(60.568,-59.387,220.384)
# x y z globalTime peakAmplitude integratedCharge
14.875000 -64.235146 133.000000 0.000000 0.000000 0.000000
14.875000 -64.210100 136.500000 0.000000 0.000000 0.000000
16.625000 -64.241596 133.000000 0.000000 0.000000 0.000000
16.625000 -64.216550 136.500000 0.000000 0.000000 0.000000
18.375000 -63.880255 140.000000 0.000000 0.000000 0.000000
20.125000 -63.776782 140.000000 0.000000 0.000000 0.000000
20.125000 -63.681955 143.500000 0.000000 0.000000 0.000000
21.875000 -63.584424 143.500000 0.000000 0.000000 0.000000
21.875000 -63.453556 147.000000 0.000000 0.000000 0.000000
23.625000 -63.339094 147.000000 0.000000 0.000000 0.000000
23.625000 -63.205808 150.500000 0.000000 0.000000 0.000000
25.375000 -63.031769 150.500000 0.000000 0.000000 0.000000
25.375000 -62.915735 154.000000 0.000000 0.000000 0.000000
27.125000 -62.668528 157.500000 0.000000 0.000000 0.000000
28.875000 -62.577513 157.500000 0.000000 0.000000 0.000000
28.875000 -62.487153 161.000000 0.000000 0.000000 0.000000
30.625000 -62.361606 161.000000 0.000000 0.000000 0.000000
30.625000 -62.256503 164.500000 0.000000 0.000000 0.000000
32.375000 -62.180869 164.500000 0.000000 0.000000 0.000000
32.375000 -62.056708 168.000000 0.000000 0.000000 0.000000
34.125000 -61.987100 168.000000 0.000000 0.000000 0.000000
34.125000 -61.913516 171.500000 0.000000 0.000000 0.000000
35.875000 -61.617938 175.000000 0.000000 0.000000 0.000000
37.625000 -61.531781 175.000000 0.000000 0.000000 0.000000
37.625000 -61.441405 178.500000 0.000000 0.000000 0.000000
37.625000 -61.384775 182.000000 0.000000 0.000000 0.000000
39.375000 -61.352223 178.500000 0.000000 0.000000 0.000000
39.375000 -61.295593 182.000000 0.000000 0.000000 0.000000
41.125000 -61.224030 182.000000 0.000000 0.000000 0.000000
41.125000 -61.127680 185.500000 0.000000 0.000000 0.000000
42.875000 -61.036396 185.500000 0.000000 0.000000 0.000000
42.875000 -60.929133 189.000000 0.000000 0.000000 0.000000
44.625000 -60.848172 189.000000 0.000000 0.000000 0.000000
44.625000 -60.768235 192.500000 0.000000 0.000000 0.000000
46.375000 -60.792850 189.000000 0.000000 0.000000 0.000000
46.375000 -60.712913 192.500000 0.000000 0.000000 0.000000
46.375000 -60.624753 196.000000 0.000000 0.000000 0.000000
48.125000 -60.522850 196.000000 0.000000 0.000000 0.000000
48.125000 -60.411090 199.500000 0.000000 0.000000 0.000000
49.875000 -60.462812 196.000000 0.000000 0.000000 0.000000
49.875000 -60.351052 199.500000 0.000000 0.000000 0.000000
49.875000 -60.325727 203.000000 0.000000 0.000000 0.000000
51.625000 -60.328250 199.500000 0.000000 0.000000 0.000000
51.625000 -60.302925 203.000000 0.000000 0.000000 0.000000
51.625000 -60.244096 206.500000 0.000000 0.000000 0.000000
53.375000 -60.194809 203.000000 0.000000 0.000000 0.000000
53.375000 -60.135980 206.500000 0.000000 0.000000 0.000000
53.375000 -60.063980 210.000000 0.000000 0.000000 0.000000
55.125000 -60.090268 206.500000 0.000000 0.000000 0.000000
55.125000 -60.018268 210.000000 0.000000 0.000000 0.000000
55.125000 -59.933472 213.500000 0.000000 0.000000 0.000000
56.875000 -59.964664 210.000000 0.000000 0.000000 0.000000
56.875000 -59.879868 213.500000 0.000000 0.000000 0.000000
56.875000 -59.817718 217.000000 0.000000 0.000000 0.000000
58.625000 -59.913544 210.000000 0.000000 0.000000 0.000000
58.625000 -59.828748 213.500000 0.000000 0.000000 0.000000
58.625000 -59.766598 217.000000 0.000000 0.000000 0.000000
58.625000 -59.733725 220.500000 0.000000 0.000000 0.000000
60.375000 -59.770440 213.500000 0.000000 0.000000 0.000000
60.375000 -59.708290 217.000000 0.000000 0.000000 0.000000
60.375000 -59.675417 220.500000 0.000000 0.000000 0.000000
9.954684 -64.642328 127.734401 0.000000 0.000000 0.000000
9.040559 -64.598388 126.198352 0.000000 0.000000 0.000000
8.359369 -64.609252 124.645324 0.000000 0.000000 0.000000
10.396530 -64.536804 122.385472 0.000000 0.000000 0.000000
7.063990 -64.581512 121.027095 0.000000 0.000000 0.000000
9.706415 -64.537830 118.757272 0.000000 0.000000 0.000000
9.084675 -64.546936 117.923060 0.000000 0.000000 0.000000
9.311217 -64.532806 115.440480 0.000000 0.000000 0.000000
8.375809 -64.524976 114.449158 0.000000 0.000000 0.000000
# Line 2: n=88 a=(8.188,-64.997,80.719) b=(0.016,0.000,-1.000) start=(6.903,-65.038,162.701) end=(9.324,-64.962,8.253)
# x y z globalTime peakAmplitude integratedCharge
6.252127 -65.759784 153.327095 0.000000 0.000000 0.000000
4.876171 -65.874304 152.411352 0.000000 0.000000 0.000000
4.438383 -65.806476 151.243547 0.000000 0.000000 0.000000
3.793313 -65.725744 148.225359 0.000000 0.000000 0.000000
5.172852 -65.646920 147.260457 0.000000 0.000000 0.000000
5.989110 -65.543786 144.711055 0.000000 0.000000 0.000000
3.606974 -65.466552 144.081014 0.000000 0.000000 0.000000
3.941815 -65.394268 141.406280 0.000000 0.000000 0.000000
6.258654 -65.328308 140.608855 0.000000 0.000000 0.000000
7.576636 -64.515876 110.853643 0.000000 0.000000 0.000000
8.799015 -64.525574 108.229139 0.000000 0.000000 0.000000
8.544801 -64.528704 106.456941 0.000000 0.000000 0.000000
8.487936 -64.505970 104.364962 0.000000 0.000000 0.000000
9.991380 -64.495826 103.113243 0.000000 0.000000 0.000000
9.459522 -64.471528 101.553074 0.000000 0.000000 0.000000
7.088834 -64.495764 99.348201 0.000000 0.000000 0.000000
8.644080 -64.526916 98.352487 0.000000 0.000000 0.000000
9.448274 -64.527954 95.638014 0.000000 0.000000 0.000000
8.343986 -64.515656 94.069138 0.000000 0.000000 0.000000
7.323542 -64.543756 93.309758 0.000000 0.000000 0.000000
7.128208 -64.554290 91.495278 0.000000 0.000000 0.000000
7.223134 -64.554296 89.682924 0.000000 0.000000 0.000000
9.692550 -64.515440 87.672337 0.000000 0.000000 0.000000
7.208754 -64.536236 85.115522 0.000000 0.000000 0.000000
7.692444 -64.541520 83.894818 0.000000 0.000000 0.000000
7.509944 -64.576600 78.597807 0.000000 0.000000 0.000000
8.825467 -64.590808 77.416074 0.000000 0.000000 0.000000
8.316079 -64.625104 75.069948 0.000000 0.000000 0.000000
8.074866 -64.628314 73.309211 0.000000 0.000000 0.000000
9.436748 -64.631780 72.169902 0.000000 0.000000 0.000000
9.138469 -64.657470 69.456260 0.000000 0.000000 0.000000
7.064640 -64.638824 67.859488 0.000000 0.000000 0.000000
7.568593 -64.669006 66.033189 0.000000 0.000000 0.000000
9.713662 -64.689840 64.340052 0.000000 0.000000 0.000000
10.091905 -64.712680 63.587042 0.000000 0.000000 0.000000
7.411813 -64.725920 61.165969 0.000000 0.000000 0.000000
8.513035 -64.720984 58.818901 0.000000 0.000000 0.000000
9.432746 -64.777710 57.338290 0.000000 0.000000 0.000000
8.057146 -64.791706 56.126714 0.000000 0.000000 0.000000
8.747674 -64.829852 54.729276 0.000000 0.000000 0.000000
9.899635 -64.853472 50.033762 0.000000 0.000000 0.000000
7.124809 -64.864380 49.182188 0.000000 0.000000 0.000000
9.530174 -64.884296 46.918140 0.000000 0.000000 0.000000
9.513339 -64.926416 45.083025 0.000000 0.000000 0.000000
8.005765 -64.946308 44.357518 0.000000 0.000000 0.000000
9.781725 -64.963086 41.944019 0.000000 0.000000 0.000000
8.254076 -64.960640 40.215127 0.000000 0.000000 0.000000
8.083078 -65.001556 37.760125 0.000000 0.000000 0.000000
7.120369 -65.040784 37.169038 0.000000 0.000000 0.000000
9.450570 -65.051056 35.558343 0.000000 0.000000 0.000000
9.902353 -65.105820 33.532539 0.000000 0.000000 0.000000
8.381845 -65.141300 31.520438 0.000000 0.000000 0.000000
8.556414 -65.117114 29.771065 0.000000 0.000000 0.000000
9.284897 -65.174304 28.697212 0.000000 0.000000 0.000000
8.171499 -65.217768 25.788862 0.000000 0.000000 0.000000
8.059453 -65.260100 24.033754 0.000000 0.000000 0.000000
8.007392 -65.318390 23.390718 0.000000 0.000000 0.000000
9.297432 -65.338160 21.228845 0.000000 0.000000 0.000000
10.080429 -65.383112 18.629584 0.000000 0.000000 0.000000
8.840375 -65.426660 17.940807 0.000000 0.000000 0.000000
9.367789 -65.469836 15.434324 0.000000 0.000000 0.000000
9.065008 -65.510280 14.312831 0.000000 0.000000 0.000000
9.324388 -65.593756 12.420381 0.000000 0.000000 0.000000
9.598081 -65.711750 10.431386 0.000000 0.000000 0.000000
7.885593 -65.778034 8.230415 0.000000 0.000000 0.000000
9.335133 -65.426056 146.692347 0.000000 0.000000 0.000000
9.606564 -65.453704 144.661619 0.000000 0.000000 0.000000
8.954267 -65.407026 143.125808 0.000000 0.000000 0.000000
7.187004 -65.337548 141.546220 0.000000 0.000000 0.000000
8.612425 -65.274450 139.263304 0.000000 0.000000 0.000000
9.356414 -65.184070 137.854621 0.000000 0.000000 0.000000
7.384285 -65.089500 136.239531 0.000000 0.000000 0.000000
8.156229 -64.999054 134.049420 0.000000 0.000000 0.000000
10.046323 -64.907740 133.489878 0.000000 0.000000 0.000000
9.926269 -64.795324 131.522303 0.000000 0.000000 0.000000
8.254883 -64.727728 130.189579 0.000000 0.000000 0.000000
2.049969 -65.803520 162.625022 0.000000 0.000000 0.000000
1.326623 -65.631030 161.409875 0.000000 0.000000 0.000000
0.094993 -65.719336 159.413968 0.000000 0.000000 0.000000
0.357045 -65.751294 157.933885 0.000000 0.000000 0.000000
0.745929 -65.830660 156.285772 0.000000 0.000000 0.000000
1.768301 -65.829096 154.063596 0.000000 0.000000 0.000000
2.167031 -65.754834 152.773072 0.000000 0.000000 0.000000
2.827696 -65.781134 149.948613 0.000000 0.000000 0.000000
10.292425 -64.567600 82.782812 0.000000 0.000000 0.000000
10.217658 -64.591174 80.718537 0.000000 0.000000 0.000000
10.415957 -64.849036 52.710903 0.000000 0.000000 0.000000
10.327841 -64.526560 111.386309 0.000000 0.000000 0.000000
