# Event 668
# Params: dx_requested=3.534611 dx_event(vote)=3.534611 rline(inlier)=3.534611 minvotes=4 nstart=2 cover=0.800 nlines=4
# HoughMemory: requested_MB=80.062 allocated_MB=80.062 num_x=128 directions=1281 coarsened=0 maxmem_MB=0.000
# N0=172 assigned=172 remaining_after_force=0
# Line 1: n=120 a=(-0.265,-73.772,63.655) b=(0.038,-0.045,-0.998) start=(-3.129,-70.358,138.790) end=(1.839,-76.280,8.474)
# x y z globalTime peakAmplitude integratedCharge
0.200253 -74.445654 54.852721 0.000000 0.000000 0.000000
-2.605324 -74.425196 53.988304 0.000000 0.000000 0.000000
3.255112 -74.450980 52.350568 0.000000 0.000000 0.000000
-0.244843 -74.466492 52.895196 0.000000 0.000000 0.000000
2.938008 -74.470252 50.664653 0.000000 0.000000 0.000000
-1.865513 -74.465484 50.766912 0.000000 0.000000 0.000000
2.992177 -74.493464 49.143542 0.000000 0.000000 0.000000
-2.159611 -74.515560 49.658776 0.000000 0.000000 0.000000
3.156006 -74.575390 46.683430 0.000000 0.000000 0.000000
-2.008704 -74.510040 47.753184 0.000000 0.000000 0.000000
1.684160 -74.610070 45.910948 0.000000 0.000000 0.000000
-0.220466 -74.569960 45.449494 0.000000 0.000000 0.000000
1.391252 -74.626648 44.416298 0.000000 0.000000 0.000000
2.903966 -74.656506 42.499039 0.000000 0.000000 0.000000
-1.529447 -74.640920 41.551577 0.000000 0.000000 0.000000
0.420778 -74.643586 39.643810 0.000000 0.000000 0.000000
-1.078880 -74.669250 40.203649 0.000000 0.000000 0.000000
1.842197 -74.649250 38.097943 0.000000 0.000000 0.000000
-0.476492 -74.700030 38.847335 0.000000 0.000000 0.000000
0.994437 -74.703248 36.992606 0.000000 0.000000 0.000000
3.371571 -74.755220 35.079087 0.000000 0.000000 0.000000
-0.147409 -74.703344 35.379770 0.000000 0.000000 0.000000
1.824448 -74.770880 33.261291 0.000000 0.000000 0.000000
1.917447 -74.832434 32.192058 0.000000 0.000000 0.000000
2.855986 -74.824890 29.085241 0.000000 0.000000 0.000000
1.111453 -74.881000 28.740647 0.000000 0.000000 0.000000
-0.728906 -74.856176 27.663371 0.000000 0.000000 0.000000
-3.004834 -70.997360 110.541472 0.000000 0.000000 0.000000
-3.268721 -71.106988 108.128167 0.000000 0.000000 0.000000
-1.293662 -71.255328 106.628498 0.000000 0.000000 0.000000
-3.076230 -71.390216 105.665814 0.000000 0.000000 0.000000
-4.447607 -71.423840 104.276260 0.000000 0.000000 0.000000
-2.346774 -71.539060 102.553022 0.000000 0.000000 0.000000
-1.601248 -71.654792 102.144467 0.000000 0.000000 0.000000
-2.014977 -71.819680 99.912833 0.000000 0.000000 0.000000
-2.845809 -71.944750 97.679687 0.000000 0.000000 0.000000
-2.356499 -72.113806 96.571975 0.000000 0.000000 0.000000
-1.895971 -72.216980 94.182215 0.000000 0.000000 0.000000
-0.397740 -72.340032 92.436160 0.000000 0.000000 0.000000
-2.977462 -72.472360 91.634227 0.000000 0.000000 0.000000
-1.637363 -72.545740 89.909779 0.000000 0.000000 0.000000
-1.249445 -72.684852 87.209424 0.000000 0.000000 0.000000
0.584845 -72.802874 85.837386 0.000000 0.000000 0.000000
-3.203683 -72.814014 86.244416 0.000000 0.000000 0.000000
1.533166 -73.029676 83.740535 0.000000 0.000000 0.000000
-2.723998 -72.947280 84.550460 0.000000 0.000000 0.000000
2.194491 -75.134924 25.820789 0.000000 0.000000 0.000000
1.921930 -75.171888 24.670747 0.000000 0.000000 0.000000
1.555605 -75.231006 23.293050 0.000000 0.000000 0.000000
0.545437 -75.301354 20.920078 0.000000 0.000000 0.000000
0.617209 -75.363800 19.674489 0.000000 0.000000 0.000000
1.617136 -75.434580 17.237894 0.000000 0.000000 0.000000
3.248236 -75.483490 16.077764 0.000000 0.000000 0.000000
2.446534 -75.538100 14.186463 0.000000 0.000000 0.000000
0.111425 -75.605976 11.772005 0.000000 0.000000 0.000000
0.101902 -75.705804 10.414889 0.000000 0.000000 0.000000
0.690683 -75.813696 8.408572 0.000000 0.000000 0.000000
-0.788182 -73.203210 81.794152 0.000000 0.000000 0.000000
0.507883 -73.174946 81.881077 0.000000 0.000000 0.000000
-0.139771 -73.326770 81.204761 0.000000 0.000000 0.000000
-1.843357 -73.444312 78.680818 0.000000 0.000000 0.000000
-1.854105 -73.523870 76.807164 0.000000 0.000000 0.000000
1.262693 -73.588050 77.253493 0.000000 0.000000 0.000000
-0.730059 -73.666748 75.415393 0.000000 0.000000 0.000000
0.307883 -73.660460 75.311235 0.000000 0.000000 0.000000
-2.961877 -73.807172 73.776389 0.000000 0.000000 0.000000
0.100056 -73.808640 73.054100 0.000000 0.000000 0.000000
-1.418766 -73.908746 71.504286 0.000000 0.000000 0.000000
2.270899 -73.851464 72.341679 0.000000 0.000000 0.000000
-0.493632 -74.010706 69.599156 0.000000 0.000000 0.000000
0.153119 -74.037840 70.000611 0.000000 0.000000 0.000000
-0.247240 -74.147504 67.795227 0.000000 0.000000 0.000000
0.887873 -74.212524 68.106943 0.000000 0.000000 0.000000
-3.320638 -74.302526 66.211683 0.000000 0.000000 0.000000
2.102501 -74.404810 66.272512 0.000000 0.000000 0.000000
-2.002219 -74.423880 65.314702 0.000000 0.000000 0.000000
1.610200 -74.600556 64.108693 0.000000 0.000000 0.000000
-3.333758 -74.486896 62.665994 0.000000 0.000000 0.000000
0.747871 -74.509034 62.574666 0.000000 0.000000 0.000000
-0.175434 -74.538514 61.202851 0.000000 0.000000 0.000000
1.341922 -74.547144 61.416153 0.000000 0.000000 0.000000
-3.187613 -74.563780 59.238320 0.000000 0.000000 0.000000
1.370643 -74.584808 59.932954 0.000000 0.000000 0.000000
-2.284252 -74.598160 57.080290 0.000000 0.000000 0.000000
0.207409 -74.597930 58.264928 0.000000 0.000000 0.000000
-2.331565 -74.632830 55.894224 0.000000 0.000000 0.000000
1.061384 -74.632624 56.037654 0.000000 0.000000 0.000000
-1.333089 -70.305460 122.323689 0.000000 0.000000 0.000000
-1.515217 -70.484064 120.484521 0.000000 0.000000 0.000000
-1.267599 -70.583624 118.256545 0.000000 0.000000 0.000000
-0.597146 -70.857850 115.838666 0.000000 0.000000 0.000000
-1.640568 -70.938232 113.508015 0.000000 0.000000 0.000000
-1.719991 -71.055512 112.662756 0.000000 0.000000 0.000000
-2.862114 -74.615070 43.666156 0.000000 0.000000 0.000000
-3.133653 -74.627264 36.862196 0.000000 0.000000 0.000000
-2.721335 -74.721800 33.881951 0.000000 0.000000 0.000000
-2.962218 -74.733520 30.837153 0.000000 0.000000 0.000000
-2.012977 -74.869200 30.240087 0.000000 0.000000 0.000000
-1.263648 -75.109864 26.662744 0.000000 0.000000 0.000000
-1.396738 -75.152752 24.564685 0.000000 0.000000 0.000000
-0.999944 -75.193732 22.748580 0.000000 0.000000 0.000000
3.082259 -73.361884 81.124327 0.000000 0.000000 0.000000
3.426135 -73.481952 78.363873 0.000000 0.000000 0.000000
3.669124 -69.096100 138.991509 0.000000 0.000000 0.000000
6.911752 -69.456866 137.174070 0.000000 0.000000 0.000000
2.377970 -69.484576 137.105683 0.000000 0.000000 0.000000
5.493928 -69.608184 134.368624 0.000000 0.000000 0.000000
1.483229 -69.669580 134.349906 0.000000 0.000000 0.000000
2.438176 -69.660220 132.736757 0.000000 0.000000 0.000000
2.915919 -69.861774 130.922066 0.000000 0.000000 0.000000
1.108293 -69.903888 129.954045 0.000000 0.000000 0.000000
1.977243 -69.942950 127.557273 0.000000 0.000000 0.000000
1.297253 -70.041290 125.599299 0.000000 0.000000 0.000000
2.209128 -70.186548 124.566388 0.000000 0.000000 0.000000
1.142209 -70.286740 121.874912 0.000000 0.000000 0.000000
3.224091 -70.414606 120.470182 0.000000 0.000000 0.000000
0.631320 -70.522700 118.433077 0.000000 0.000000 0.000000
0.761844 -70.624860 117.655284 0.000000 0.000000 0.000000
-0.275424 -70.691772 117.879082 0.000000 0.000000 0.000000
0.719305 -70.752564 114.917720 0.000000 0.000000 0.000000
# Line 2: n=52 a=(-45.030,-66.394,180.928) b=(0.522,-0.055,-0.851) start=(-69.713,-63.773,221.194) end=(-0.993,-71.070,109.088)
# x y z globalTime peakAmplitude integratedCharge
-70.875000 -64.048605 220.500000 0.000000 0.000000 0.000000
-69.125000 -64.111516 217.000000 0.000000 0.000000 0.000000
-69.125000 -63.993727 220.500000 0.000000 0.000000 0.000000
-65.625000 -64.270983 213.500000 0.000000 0.000000 0.000000
-65.625000 -64.202149 217.000000 0.000000 0.000000 0.000000
-63.875000 -64.421136 210.000000 0.000000 0.000000 0.000000
-63.875000 -64.331453 213.500000 0.000000 0.000000 0.000000
-63.875000 -64.262619 217.000000 0.000000 0.000000 0.000000
-62.125000 -64.648849 206.500000 0.000000 0.000000 0.000000
-62.125000 -64.539950 210.000000 0.000000 0.000000 0.000000
-60.375000 -64.712848 206.500000 0.000000 0.000000 0.000000
-60.375000 -64.603949 210.000000 0.000000 0.000000 0.000000
-58.625000 -64.958744 203.000000 0.000000 0.000000 0.000000
-58.625000 -64.818280 206.500000 0.000000 0.000000 0.000000
-56.875000 -65.129560 199.500000 0.000000 0.000000 0.000000
-56.875000 -65.060871 203.000000 0.000000 0.000000 0.000000
-55.125000 -65.344883 196.000000 0.000000 0.000000 0.000000
-55.125000 -65.220438 199.500000 0.000000 0.000000 0.000000
-53.375000 -65.503566 192.500000 0.000000 0.000000 0.000000
-53.375000 -65.404206 196.000000 0.000000 0.000000 0.000000
-51.625000 -65.600350 192.500000 0.000000 0.000000 0.000000
-49.875000 -65.897491 185.500000 0.000000 0.000000 0.000000
-49.875000 -65.842758 189.000000 0.000000 0.000000 0.000000
-48.125000 -65.936608 185.500000 0.000000 0.000000 0.000000
-48.125000 -65.881875 189.000000 0.000000 0.000000 0.000000
-46.375000 -66.179990 182.000000 0.000000 0.000000 0.000000
-44.625000 -66.360285 178.500000 0.000000 0.000000 0.000000
-44.625000 -66.254340 182.000000 0.000000 0.000000 0.000000
-42.875000 -66.596360 175.000000 0.000000 0.000000 0.000000
-42.875000 -66.471272 178.500000 0.000000 0.000000 0.000000
-41.125000 -66.806622 171.500000 0.000000 0.000000 0.000000
-41.125000 -66.697525 175.000000 0.000000 0.000000 0.000000
-39.375000 -66.887945 171.500000 0.000000 0.000000 0.000000
-37.625000 -67.253674 164.500000 0.000000 0.000000 0.000000
-37.625000 -67.144659 168.000000 0.000000 0.000000 0.000000
-34.125000 -67.580289 161.000000 0.000000 0.000000 0.000000
-32.375000 -67.795379 157.500000 0.000000 0.000000 0.000000
-32.375000 -67.688318 161.000000 0.000000 0.000000 0.000000
-30.625000 -67.998983 154.000000 0.000000 0.000000 0.000000
-30.625000 -67.880947 157.500000 0.000000 0.000000 0.000000
-28.875000 -68.121847 154.000000 0.000000 0.000000 0.000000
-25.375000 -68.579466 147.000000 0.000000 0.000000 0.000000
-23.625000 -68.862625 150.500000 0.000000 0.000000 0.000000
-21.875000 -69.112928 143.500000 0.000000 0.000000 0.000000
-20.125000 -69.356210 136.500000 0.000000 0.000000 0.000000
-18.375000 -69.635105 133.000000 0.000000 0.000000 0.000000
-18.375000 -69.628839 140.000000 0.000000 0.000000 0.000000
0.481002 -70.798236 110.692877 0.000000 0.000000 0.000000
0.670719 -70.866424 113.280631 0.000000 0.000000 0.000000
-70.875000 -64.166394 217.000000 0.000000 0.000000 0.000000
-16.625000 -70.077774 126.000000 0.000000 0.000000 0.000000
2.544050 -71.013050 111.252044 0.000000 0.000000 0.000000
