# Event 2587
# Params: dx_requested=3.458038 dx_event(vote)=3.458038 rline(inlier)=3.458038 minvotes=4 nstart=2 cover=0.800 nlines=4
# HoughMemory: requested_MB=80.062 allocated_MB=80.062 num_x=128 directions=1281 coarsened=0 maxmem_MB=0.000
# N0=101 assigned=101 remaining_after_force=0
# Line 1: n=80 a=(-5.574,-77.514,58.454) b=(0.007,0.018,-1.000) start=(-6.744,-80.436,219.968) end=(-5.215,-76.616,8.827)
# x y z globalTime peakAmplitude integratedCharge
-6.500416 -76.830328 54.095953 0.000000 0.000000 0.000000
-3.747922 -76.832520 51.883426 0.000000 0.000000 0.000000
-5.707701 -76.859986 51.481058 0.000000 0.000000 0.000000
-4.369702 -76.869240 48.936292 0.000000 0.000000 0.000000
-5.633335 -76.853314 46.647534 0.000000 0.000000 0.000000
-6.873787 -76.845704 46.073943 0.000000 0.000000 0.000000
-6.626904 -76.837268 43.475771 0.000000 0.000000 0.000000
-5.527016 -76.835546 42.208505 0.000000 0.000000 0.000000
-5.878627 -76.900480 39.828386 0.000000 0.000000 0.000000
-3.879657 -76.885950 38.945321 0.000000 0.000000 0.000000
-6.353928 -76.934894 36.346545 0.000000 0.000000 0.000000
-4.928582 -76.961316 35.632038 0.000000 0.000000 0.000000
-6.013254 -76.967140 32.541755 0.000000 0.000000 0.000000
-3.986325 -76.996260 31.845804 0.000000 0.000000 0.000000
-6.539535 -77.052700 29.981414 0.000000 0.000000 0.000000
-5.589434 -77.051160 28.725415 0.000000 0.000000 0.000000
-4.333235 -80.948248 102.993449 0.000000 0.000000 0.000000
-4.754831 -80.624584 101.360745 0.000000 0.000000 0.000000
-5.069826 -80.283040 100.203973 0.000000 0.000000 0.000000
-3.895210 -79.948176 97.363322 0.000000 0.000000 0.000000
-5.448922 -79.661804 95.610551 0.000000 0.000000 0.000000
-6.910709 -79.343600 94.716117 0.000000 0.000000 0.000000
-6.297571 -79.061720 92.053932 0.000000 0.000000 0.000000
-4.524052 -78.729096 90.735648 0.000000 0.000000 0.000000
-6.656775 -78.396686 89.211045 0.000000 0.000000 0.000000
-5.698213 -78.051690 87.962632 0.000000 0.000000 0.000000
-4.687497 -77.705646 86.367340 0.000000 0.000000 0.000000
-5.994544 -77.353254 83.717560 0.000000 0.000000 0.000000
-4.697494 -77.248206 26.769819 0.000000 0.000000 0.000000
-4.261073 -77.287680 24.678254 0.000000 0.000000 0.000000
-6.195450 -77.354956 22.318571 0.000000 0.000000 0.000000
-4.127112 -77.409360 20.859569 0.000000 0.000000 0.000000
-5.391875 -77.449128 18.619996 0.000000 0.000000 0.000000
-4.203282 -77.469226 17.866589 0.000000 0.000000 0.000000
-6.658407 -77.478748 15.848859 0.000000 0.000000 0.000000
-6.097050 -77.567560 14.711152 0.000000 0.000000 0.000000
-4.841881 -77.645166 12.023580 0.000000 0.000000 0.000000
-3.970951 -77.703608 10.574491 0.000000 0.000000 0.000000
-5.375949 -77.801374 8.804144 0.000000 0.000000 0.000000
-6.725853 -77.262920 82.399091 0.000000 0.000000 0.000000
-5.951433 -77.146700 80.229664 0.000000 0.000000 0.000000
-3.887853 -77.097468 78.662040 0.000000 0.000000 0.000000
-5.655642 -77.121772 76.373234 0.000000 0.000000 0.000000
-3.641324 -77.122754 74.626574 0.000000 0.000000 0.000000
-5.718614 -77.091248 73.731200 0.000000 0.000000 0.000000
-5.681654 -77.052056 71.316385 0.000000 0.000000 0.000000
-5.636509 -77.055548 69.497590 0.000000 0.000000 0.000000
-3.961672 -77.096894 67.626933 0.000000 0.000000 0.000000
-5.932499 -77.073316 66.932236 0.000000 0.000000 0.000000
-4.185312 -77.061384 65.187450 0.000000 0.000000 0.000000
-4.409652 -77.109064 63.169000 0.000000 0.000000 0.000000
-4.072306 -77.086670 61.110078 0.000000 0.000000 0.000000
-5.049097 -77.054052 59.069393 0.000000 0.000000 0.000000
-3.683922 -77.074620 57.031881 0.000000 0.000000 0.000000
-6.013379 -77.047272 55.424489 0.000000 0.000000 0.000000
-7.101716 -76.661540 86.221890 0.000000 0.000000 0.000000
-7.611546 -77.342896 80.836792 0.000000 0.000000 0.000000
-7.328440 -77.181910 77.524943 0.000000 0.000000 0.000000
-7.776697 -77.108480 75.503050 0.000000 0.000000 0.000000
-8.068167 -77.244226 74.090969 0.000000 0.000000 0.000000
-7.158547 -77.217620 71.203847 0.000000 0.000000 0.000000
-7.373609 -77.154220 70.720929 0.000000 0.000000 0.000000
-7.777070 -77.202840 68.893141 0.000000 0.000000 0.000000
-8.112855 -77.163288 59.655827 0.000000 0.000000 0.000000
-42.875000 -36.569996 220.500000 0.000000 0.000000 0.000000
-39.375000 -38.641463 213.500000 0.000000 0.000000 0.000000
-37.625000 -40.623925 206.500000 0.000000 0.000000 0.000000
-34.125000 -44.445495 192.500000 0.000000 0.000000 0.000000
-32.375000 -46.395291 185.500000 0.000000 0.000000 0.000000
-30.625000 -48.331782 178.500000 0.000000 0.000000 0.000000
-18.375000 -61.739496 133.000000 0.000000 0.000000 0.000000
-8.715982 -77.133270 83.561355 0.000000 0.000000 0.000000
-10.164019 -77.336132 82.802548 0.000000 0.000000 0.000000
-8.948449 -77.248474 78.522517 0.000000 0.000000 0.000000
-9.234593 -77.233704 65.789723 0.000000 0.000000 0.000000
-10.107101 -77.217890 65.227325 0.000000 0.000000 0.000000
-10.063827 -77.192580 63.291666 0.000000 0.000000 0.000000
-9.578815 -77.124880 61.835015 0.000000 0.000000 0.000000
-10.141355 -77.124688 57.045707 0.000000 0.000000 0.000000
-10.088019 -77.187390 56.439875 0.000000 0.000000 0.000000
# Line 2: n=21 a=(-2.762,-81.891,105.787) b=(0.222,0.233,-0.947) start=(-5.134,-84.381,115.901) end=(0.288,-78.688,92.780)
# x y z globalTime peakAmplitude integratedCharge
-2.962361 -82.962140 110.927936 0.000000 0.000000 0.000000
-5.594211 -82.846630 110.780036 0.000000 0.000000 0.000000
-2.187910 -82.387720 109.065718 0.000000 0.000000 0.000000
-5.284557 -82.340192 108.315035 0.000000 0.000000 0.000000
-1.009306 -81.867950 107.287888 0.000000 0.000000 0.000000
-4.321827 -81.880212 106.914387 0.000000 0.000000 0.000000
-1.627025 -81.355212 104.933945 0.000000 0.000000 0.000000
-3.814038 -81.388746 104.708694 0.000000 0.000000 0.000000
-1.983108 -81.007440 103.895061 0.000000 0.000000 0.000000
-2.565768 -80.598206 101.685066 0.000000 0.000000 0.000000
-0.235483 -80.290704 99.991106 0.000000 0.000000 0.000000
-0.339850 -80.097520 98.597835 0.000000 0.000000 0.000000
-0.211578 -79.771296 95.518611 0.000000 0.000000 0.000000
-1.226964 -79.479370 95.031766 0.000000 0.000000 0.000000
-0.299321 -79.185534 92.519368 0.000000 0.000000 0.000000
-5.436479 -84.886040 115.706178 0.000000 0.000000 0.000000
-3.100288 -84.178594 113.735695 0.000000 0.000000 0.000000
-6.749879 -84.180584 113.374691 0.000000 0.000000 0.000000
-0.776914 -83.560370 111.351400 0.000000 0.000000 0.000000
-5.513703 -83.557136 111.396982 0.000000 0.000000 0.000000
-0.090677 -84.884576 115.515753 0.000000 0.000000 0.000000
