x_fit y_fit z_fit t_global t_waveform t_si timingMethod timingSuccess timingScore isSaturated nSaturatedBins saturatedFraction observedPeak baseline peakAmplitude padEnergyMeV x_orig z_orig
14.87500000 -55.03336800 147.00000000 0.00000000 0.00000000 0.00000000 alpha_import 0 0.00000000 0 0 0.00000000 0.00000000 0.00000000 0.00000000 0.00000000 14.87500000 147.00000000
16.62500000 -52.66712400 157.50000000 0.00000000 0.00000000 0.00000000 alpha_import 0 0.00000000 0 0 0.00000000 0.00000000 0.00000000 0.00000000 0.00000000 16.62500000 157.50000000
18.37500000 -50.90932300 164.50000000 0.00000000 0.00000000 0.00000000 alpha_import 0 0.00000000 0 0 0.00000000 0.00000000 0.00000000 0.00000000 0.00000000 18.37500000 164.50000000
23.62500000 -45.35731700 189.00000000 0.00000000 0.00000000 0.00000000 alpha_import 0 0.00000000 0 0 0.00000000 0.00000000 0.00000000 0.00000000 0.00000000 23.62500000 189.00000000
27.12500000 -41.64368900 206.50000000 0.00000000 0.00000000 0.00000000 alpha_import 0 0.00000000 0 0 0.00000000 0.00000000 0.00000000 0.00000000 0.00000000 27.12500000 206.50000000
28.87500000 -39.98212300 213.50000000 0.00000000 0.00000000 0.00000000 alpha_import 0 0.00000000 0 0 0.00000000 0.00000000 0.00000000 0.00000000 0.00000000 28.87500000 213.50000000
30.62500000 -38.64028800 220.50000000 0.00000000 0.00000000 0.00000000 alpha_import 0 0.00000000 0 0 0.00000000 0.00000000 0.00000000 0.00000000 0.00000000 30.62500000 220.50000000
-2.55955758 -76.57722800 53.77423735 0.00000000 0.00000000 0.00000000 alpha_import 0 0.00000000 0 0 0.00000000 0.00000000 0.00000000 0.00000000 0.00000000 -1.75000000 54.25000000
-1.51281636 -76.53225000 53.13573499 0.00000000 0.00000000 0.00000000 alpha_import 0 0.00000000 0 0 0.00000000 0.00000000 0.00000000 0.00000000 0.00000000 -1.75000000 52.50000000
-0.17984256 -76.58903200 51.02664657 0.00000000 0.00000000 0.00000000 alpha_import 0 0.00000000 0 0 0.00000000 0.00000000 0.00000000 0.00000000 0.00000000 -1.75000000 50.75000000
-2.20397800 -76.56495400 48.35279431 0.00000000 0.00000000 0.00000000 alpha_import 0 0.00000000 0 0 0.00000000 0.00000000 0.00000000 0.00000000 0.00000000 -1.75000000 49.00000000
-2.04385127 -76.59699000 47.43722960 0.00000000 0.00000000 0.00000000 alpha_import 0 0.00000000 0 0 0.00000000 0.00000000 0.00000000 0.00000000 0.00000000 -1.75000000 47.25000000
-1.26345945 -76.63640000 44.92854798 0.00000000 0.00000000 0.00000000 alpha_import 0 0.00000000 0 0 0.00000000 0.00000000 0.00000000 0.00000000 0.00000000 -1.75000000 45.50000000
-0.07146375 -76.60140400 44.16762050 0.00000000 0.00000000 0.00000000 alpha_import 0 0.00000000 0 0 0.00000000 0.00000000 0.00000000 0.00000000 0.00000000 -1.75000000 43.75000000
-1.18208478 -76.59652000 41.28070941 0.00000000 0.00000000 0.00000000 alpha_import 0 0.00000000 0 0 0.00000000 0.00000000 0.00000000 0.00000000 0.00000000 -1.75000000 42.00000000
-1.70521402 -76.62186000 40.63958738 0.00000000 0.00000000 0.00000000 alpha_import 0 0.00000000 0 0 0.00000000 0.00000000 0.00000000 0.00000000 0.00000000 -1.75000000 40.25000000
-2.47587834 -76.61507600 38.27207946 0.00000000 0.00000000 0.00000000 alpha_import 0 0.00000000 0 0 0.00000000 0.00000000 0.00000000 0.00000000 0.00000000 -1.75000000 38.50000000
-1.56073577 -76.68815400 36.45428921 0.00000000 0.00000000 0.00000000 alpha_import 0 0.00000000 0 0 0.00000000 0.00000000 0.00000000 0.00000000 0.00000000 -1.75000000 36.75000000
-0.55184360 -76.66707200 34.65838301 0.00000000 0.00000000 0.00000000 alpha_import 0 0.00000000 0 0 0.00000000 0.00000000 0.00000000 0.00000000 0.00000000 -1.75000000 35.00000000
-0.30563980 -76.67538000 33.96447869 0.00000000 0.00000000 0.00000000 alpha_import 0 0.00000000 0 0 0.00000000 0.00000000 0.00000000 0.00000000 0.00000000 -1.75000000 33.25000000
-3.10095920 -76.75895400 30.78507402 0.00000000 0.00000000 0.00000000 alpha_import 0 0.00000000 0 0 0.00000000 0.00000000 0.00000000 0.00000000 0.00000000 -1.75000000 31.50000000
-3.36272777 -76.75075600 29.64456652 0.00000000 0.00000000 0.00000000 alpha_import 0 0.00000000 0 0 0.00000000 0.00000000 0.00000000 0.00000000 0.00000000 -1.75000000 29.75000000
-0.85088475 -76.81980600 28.62828827 0.00000000 0.00000000 0.00000000 alpha_import 0 0.00000000 0 0 0.00000000 0.00000000 0.00000000 0.00000000 0.00000000 -1.75000000 28.00000000
-4.45465681 -83.89292000 105.31164727 0.00000000 0.00000000 0.00000000 alpha_import 0 0.00000000 0 0 0.00000000 0.00000000 0.00000000 0.00000000 0.00000000 -5.25000000 105.00000000
-3.91347302 -83.90288000 103.46359343 0.00000000 0.00000000 0.00000000 alpha_import 0 0.00000000 0 0 0.00000000 0.00000000 0.00000000 0.00000000 0.00000000 -5.25000000 103.25000000
-4.46388921 -83.76896000 101.06362928 0.00000000 0.00000000 0.00000000 alpha_import 0 0.00000000 0 0 0.00000000 0.00000000 0.00000000 0.00000000 0.00000000 -5.25000000 101.50000000
-4.69222845 -83.69461600 99.75390317 0.00000000 0.00000000 0.00000000 alpha_import 0 0.00000000 0 0 0.00000000 0.00000000 0.00000000 0.00000000 0.00000000 -5.25000000 99.75000000
-4.08907440 -83.52040400 97.90535241 0.00000000 0.00000000 0.00000000 alpha_import 0 0.00000000 0 0 0.00000000 0.00000000 0.00000000 0.00000000 0.00000000 -5.25000000 98.00000000
-4.38361453 -83.40774000 96.60280661 0.00000000 0.00000000 0.00000000 alpha_import 0 0.00000000 0 0 0.00000000 0.00000000 0.00000000 0.00000000 0.00000000 -5.25000000 96.25000000
-4.92171230 -83.20193400 93.85809970 0.00000000 0.00000000 0.00000000 alpha_import 0 0.00000000 0 0 0.00000000 0.00000000 0.00000000 0.00000000 0.00000000 -5.25000000 94.50000000
-3.58903598 -82.97527400 93.26034285 0.00000000 0.00000000 0.00000000 alpha_import 0 0.00000000 0 0 0.00000000 0.00000000 0.00000000 0.00000000 0.00000000 -5.25000000 92.75000000
-5.56964890 -82.73363600 90.45341147 0.00000000 0.00000000 0.00000000 alpha_import 0 0.00000000 0 0 0.00000000 0.00000000 0.00000000 0.00000000 0.00000000 -5.25000000 91.00000000
-5.34701291 -82.41276800 88.75839587 0.00000000 0.00000000 0.00000000 alpha_import 0 0.00000000 0 0 0.00000000 0.00000000 0.00000000 0.00000000 0.00000000 -5.25000000 89.25000000
-3.55362980 -82.14859000 88.24411459 0.00000000 0.00000000 0.00000000 alpha_import 0 0.00000000 0 0 0.00000000 0.00000000 0.00000000 0.00000000 0.00000000 -5.25000000 87.50000000
-5.34720562 -81.88299600 86.35109067 0.00000000 0.00000000 0.00000000 alpha_import 0 0.00000000 0 0 0.00000000 0.00000000 0.00000000 0.00000000 0.00000000 -5.25000000 85.75000000
-4.91451739 -81.55543200 84.10388204 0.00000000 0.00000000 0.00000000 alpha_import 0 0.00000000 0 0 0.00000000 0.00000000 0.00000000 0.00000000 0.00000000 -5.25000000 84.00000000
-0.70749924 -77.03532800 26.43301266 0.00000000 0.00000000 0.00000000 alpha_import 0 0.00000000 0 0 0.00000000 0.00000000 0.00000000 0.00000000 0.00000000 -1.75000000 26.25000000
-0.30155254 -77.09655200 24.29775313 0.00000000 0.00000000 0.00000000 alpha_import 0 0.00000000 0 0 0.00000000 0.00000000 0.00000000 0.00000000 0.00000000 -1.75000000 24.50000000
-1.68647434 -77.12748400 23.44851863 0.00000000 0.00000000 0.00000000 alpha_import 0 0.00000000 0 0 0.00000000 0.00000000 0.00000000 0.00000000 0.00000000 -1.75000000 22.75000000
-0.53433840 -77.08098000 20.58822062 0.00000000 0.00000000 0.00000000 alpha_import 0 0.00000000 0 0 0.00000000 0.00000000 0.00000000 0.00000000 0.00000000 -1.75000000 21.00000000
-0.23505164 -77.17946000 19.52694993 0.00000000 0.00000000 0.00000000 alpha_import 0 0.00000000 0 0 0.00000000 0.00000000 0.00000000 0.00000000 0.00000000 -1.75000000 19.25000000
-0.58574673 -77.24418400 18.19428569 0.00000000 0.00000000 0.00000000 alpha_import 0 0.00000000 0 0 0.00000000 0.00000000 0.00000000 0.00000000 0.00000000 -1.75000000 17.50000000
-0.09360267 -77.30873400 16.31015950 0.00000000 0.00000000 0.00000000 alpha_import 0 0.00000000 0 0 0.00000000 0.00000000 0.00000000 0.00000000 0.00000000 -1.75000000 15.75000000
-3.36164038 -77.36023000 13.61722669 0.00000000 0.00000000 0.00000000 alpha_import 0 0.00000000 0 0 0.00000000 0.00000000 0.00000000 0.00000000 0.00000000 -1.75000000 14.00000000
-1.37824633 -77.38671200 11.64221272 0.00000000 0.00000000 0.00000000 alpha_import 0 0.00000000 0 0 0.00000000 0.00000000 0.00000000 0.00000000 0.00000000 -1.75000000 12.25000000
-1.59955681 -77.46859200 10.65092823 0.00000000 0.00000000 0.00000000 alpha_import 0 0.00000000 0 0 0.00000000 0.00000000 0.00000000 0.00000000 0.00000000 -1.75000000 10.50000000
-0.60184261 -77.58979400 9.47357528 0.00000000 0.00000000 0.00000000 alpha_import 0 0.00000000 0 0 0.00000000 0.00000000 0.00000000 0.00000000 0.00000000 -1.75000000 8.75000000
-6.47117254 -81.36608000 81.55970836 0.00000000 0.00000000 0.00000000 alpha_import 0 0.00000000 0 0 0.00000000 0.00000000 0.00000000 0.00000000 0.00000000 -5.25000000 82.25000000
-6.15557302 -81.03504000 80.07397207 0.00000000 0.00000000 0.00000000 alpha_import 0 0.00000000 0 0 0.00000000 0.00000000 0.00000000 0.00000000 0.00000000 -5.25000000 80.50000000
-2.53922770 -80.95697600 80.68510147 0.00000000 0.00000000 0.00000000 alpha_import 0 0.00000000 0 0 0.00000000 0.00000000 0.00000000 0.00000000 0.00000000 -1.75000000 80.50000000
-4.76251209 -80.70540800 78.02838560 0.00000000 0.00000000 0.00000000 alpha_import 0 0.00000000 0 0 0.00000000 0.00000000 0.00000000 0.00000000 0.00000000 -5.25000000 78.75000000
-0.90922903 -80.71079200 78.98841948 0.00000000 0.00000000 0.00000000 alpha_import 0 0.00000000 0 0 0.00000000 0.00000000 0.00000000 0.00000000 0.00000000 -1.75000000 78.75000000
-5.25839233 -80.37261400 77.24604701 0.00000000 0.00000000 0.00000000 alpha_import 0 0.00000000 0 0 0.00000000 0.00000000 0.00000000 0.00000000 0.00000000 -5.25000000 77.00000000
-2.09606118 -80.27892400 76.60087538 0.00000000 0.00000000 0.00000000 alpha_import 0 0.00000000 0 0 0.00000000 0.00000000 0.00000000 0.00000000 0.00000000 -1.75000000 77.00000000
-4.19445171 -80.00066600 75.41250879 0.00000000 0.00000000 0.00000000 alpha_import 0 0.00000000 0 0 0.00000000 0.00000000 0.00000000 0.00000000 0.00000000 -5.25000000 75.25000000
-2.47221619 -79.97164000 75.26601893 0.00000000 0.00000000 0.00000000 alpha_import 0 0.00000000 0 0 0.00000000 0.00000000 0.00000000 0.00000000 0.00000000 -1.75000000 75.25000000
-3.56733523 -79.64401200 73.38738397 0.00000000 0.00000000 0.00000000 alpha_import 0 0.00000000 0 0 0.00000000 0.00000000 0.00000000 0.00000000 0.00000000 -5.25000000 73.50000000
-1.62805041 -79.61527000 73.32490724 0.00000000 0.00000000 0.00000000 alpha_import 0 0.00000000 0 0 0.00000000 0.00000000 0.00000000 0.00000000 0.00000000 -1.75000000 73.50000000
-4.44451101 -79.33153000 71.95251702 0.00000000 0.00000000 0.00000000 alpha_import 0 0.00000000 0 0 0.00000000 0.00000000 0.00000000 0.00000000 0.00000000 -5.25000000 71.75000000
-1.25183356 -79.29930400 71.33086967 0.00000000 0.00000000 0.00000000 alpha_import 0 0.00000000 0 0 0.00000000 0.00000000 0.00000000 0.00000000 0.00000000 -1.75000000 71.75000000
-4.40019326 -79.00372000 69.57719511 0.00000000 0.00000000 0.00000000 alpha_import 0 0.00000000 0 0 0.00000000 0.00000000 0.00000000 0.00000000 0.00000000 -5.25000000 70.00000000
-0.76575395 -78.95998600 69.88233014 0.00000000 0.00000000 0.00000000 alpha_import 0 0.00000000 0 0 0.00000000 0.00000000 0.00000000 0.00000000 0.00000000 -1.75000000 70.00000000
-3.55871834 -78.69806000 68.28291992 0.00000000 0.00000000 0.00000000 alpha_import 0 0.00000000 0 0 0.00000000 0.00000000 0.00000000 0.00000000 0.00000000 -5.25000000 68.25000000
-2.85386651 -78.60669000 67.82127727 0.00000000 0.00000000 0.00000000 alpha_import 0 0.00000000 0 0 0.00000000 0.00000000 0.00000000 0.00000000 0.00000000 -1.75000000 68.25000000
-6.53384225 -78.44115600 66.64198279 0.00000000 0.00000000 0.00000000 alpha_import 0 0.00000000 0 0 0.00000000 0.00000000 0.00000000 0.00000000 0.00000000 -5.25000000 66.50000000
-1.10715271 -78.31620000 66.47470748 0.00000000 0.00000000 0.00000000 alpha_import 0 0.00000000 0 0 0.00000000 0.00000000 0.00000000 0.00000000 0.00000000 -1.75000000 66.50000000
-5.63602637 -78.04863200 64.87838781 0.00000000 0.00000000 0.00000000 alpha_import 0 0.00000000 0 0 0.00000000 0.00000000 0.00000000 0.00000000 0.00000000 -5.25000000 64.75000000
-0.99705160 -77.97196600 65.13111690 0.00000000 0.00000000 0.00000000 alpha_import 0 0.00000000 0 0 0.00000000 0.00000000 0.00000000 0.00000000 0.00000000 -1.75000000 64.75000000
-5.12077747 -77.71233000 63.26487816 0.00000000 0.00000000 0.00000000 alpha_import 0 0.00000000 0 0 0.00000000 0.00000000 0.00000000 0.00000000 0.00000000 -5.25000000 63.00000000
-1.56324369 -77.68530800 63.18982368 0.00000000 0.00000000 0.00000000 alpha_import 0 0.00000000 0 0 0.00000000 0.00000000 0.00000000 0.00000000 0.00000000 -1.75000000 63.00000000
-4.42300188 -77.47880800 60.81663169 0.00000000 0.00000000 0.00000000 alpha_import 0 0.00000000 0 0 0.00000000 0.00000000 0.00000000 0.00000000 0.00000000 -5.25000000 61.25000000
-1.23272953 -77.39638600 61.24543529 0.00000000 0.00000000 0.00000000 alpha_import 0 0.00000000 0 0 0.00000000 0.00000000 0.00000000 0.00000000 0.00000000 -1.75000000 61.25000000
-6.07387764 -77.15495000 59.92308070 0.00000000 0.00000000 0.00000000 alpha_import 0 0.00000000 0 0 0.00000000 0.00000000 0.00000000 0.00000000 0.00000000 -5.25000000 59.50000000
-2.66542559 -77.14542800 59.21294199 0.00000000 0.00000000 0.00000000 alpha_import 0 0.00000000 0 0 0.00000000 0.00000000 0.00000000 0.00000000 0.00000000 -1.75000000 59.50000000
-1.19990518 -76.88676800 57.79555304 0.00000000 0.00000000 0.00000000 alpha_import 0 0.00000000 0 0 0.00000000 0.00000000 0.00000000 0.00000000 0.00000000 -1.75000000 57.75000000
-2.03399033 -76.81264000 55.56992180 0.00000000 0.00000000 0.00000000 alpha_import 0 0.00000000 0 0 0.00000000 0.00000000 0.00000000 0.00000000 0.00000000 -1.75000000 56.00000000
-7.12245968 -84.52313200 106.53597530 0.00000000 0.00000000 0.00000000 alpha_import 0 0.00000000 0 0 0.00000000 0.00000000 0.00000000 0.00000000 0.00000000 -8.75000000 106.75000000
-7.32868688 -84.31854000 104.60047833 0.00000000 0.00000000 0.00000000 alpha_import 0 0.00000000 0 0 0.00000000 0.00000000 0.00000000 0.00000000 0.00000000 -8.75000000 105.00000000
-7.47047829 -84.14586800 103.56144761 0.00000000 0.00000000 0.00000000 alpha_import 0 0.00000000 0 0 0.00000000 0.00000000 0.00000000 0.00000000 0.00000000 -8.75000000 103.25000000
-9.08804514 -84.06974000 101.84690348 0.00000000 0.00000000 0.00000000 alpha_import 0 0.00000000 0 0 0.00000000 0.00000000 0.00000000 0.00000000 0.00000000 -8.75000000 101.50000000
