x_fit y_fit z_fit t_global t_waveform t_si timingMethod timingSuccess timingScore isSaturated nSaturatedBins saturatedFraction observedPeak baseline peakAmplitude padEnergyMeV x_orig z_orig
-30.62500000 -58.83316000 220.50000000 0.00000000 0.00000000 0.00000000 alpha_import 0 0.00000000 0 0 0.00000000 0.00000000 0.00000000 0.00000000 0.00000000 -30.62500000 220.50000000
-28.87500000 -59.02933900 213.50000000 0.00000000 0.00000000 0.00000000 alpha_import 0 0.00000000 0 0 0.00000000 0.00000000 0.00000000 0.00000000 0.00000000 -28.87500000 213.50000000
-28.87500000 -58.86564600 220.50000000 0.00000000 0.00000000 0.00000000 alpha_import 0 0.00000000 0 0 0.00000000 0.00000000 0.00000000 0.00000000 0.00000000 -28.87500000 220.50000000
-27.12500000 -59.22015700 206.50000000 0.00000000 0.00000000 0.00000000 alpha_import 0 0.00000000 0 0 0.00000000 0.00000000 0.00000000 0.00000000 0.00000000 -27.12500000 206.50000000
-27.12500000 -59.18834400 210.00000000 0.00000000 0.00000000 0.00000000 alpha_import 0 0.00000000 0 0 0.00000000 0.00000000 0.00000000 0.00000000 0.00000000 -27.12500000 210.00000000
-27.12500000 -59.12730100 213.50000000 0.00000000 0.00000000 0.00000000 alpha_import 0 0.00000000 0 0 0.00000000 0.00000000 0.00000000 0.00000000 0.00000000 -27.12500000 213.50000000
-25.37500000 -59.55108200 199.50000000 0.00000000 0.00000000 0.00000000 alpha_import 0 0.00000000 0 0 0.00000000 0.00000000 0.00000000 0.00000000 0.00000000 -25.37500000 199.50000000
-25.37500000 -59.47963200 203.00000000 0.00000000 0.00000000 0.00000000 alpha_import 0 0.00000000 0 0 0.00000000 0.00000000 0.00000000 0.00000000 0.00000000 -25.37500000 203.00000000
-23.62500000 -60.16222900 185.50000000 0.00000000 0.00000000 0.00000000 alpha_import 0 0.00000000 0 0 0.00000000 0.00000000 0.00000000 0.00000000 0.00000000 -23.62500000 185.50000000
-23.62500000 -60.10640000 189.00000000 0.00000000 0.00000000 0.00000000 alpha_import 0 0.00000000 0 0 0.00000000 0.00000000 0.00000000 0.00000000 0.00000000 -23.62500000 189.00000000
-23.62500000 -60.02397500 192.50000000 0.00000000 0.00000000 0.00000000 alpha_import 0 0.00000000 0 0 0.00000000 0.00000000 0.00000000 0.00000000 0.00000000 -23.62500000 192.50000000
-21.87500000 -60.49475000 182.00000000 0.00000000 0.00000000 0.00000000 alpha_import 0 0.00000000 0 0 0.00000000 0.00000000 0.00000000 0.00000000 0.00000000 -21.87500000 182.00000000
-20.12500000 -61.07023600 168.00000000 0.00000000 0.00000000 0.00000000 alpha_import 0 0.00000000 0 0 0.00000000 0.00000000 0.00000000 0.00000000 0.00000000 -20.12500000 168.00000000
-20.12500000 -61.01151400 171.50000000 0.00000000 0.00000000 0.00000000 alpha_import 0 0.00000000 0 0 0.00000000 0.00000000 0.00000000 0.00000000 0.00000000 -20.12500000 171.50000000
-18.37500000 -61.42783600 164.50000000 0.00000000 0.00000000 0.00000000 alpha_import 0 0.00000000 0 0 0.00000000 0.00000000 0.00000000 0.00000000 0.00000000 -18.37500000 164.50000000
-16.62500000 -62.13353900 150.50000000 0.00000000 0.00000000 0.00000000 alpha_import 0 0.00000000 0 0 0.00000000 0.00000000 0.00000000 0.00000000 0.00000000 -16.62500000 150.50000000
-16.62500000 -62.08107600 154.00000000 0.00000000 0.00000000 0.00000000 alpha_import 0 0.00000000 0 0 0.00000000 0.00000000 0.00000000 0.00000000 0.00000000 -16.62500000 154.00000000
-4.39963538 -66.09832000 54.69673767 0.00000000 0.00000000 0.00000000 alpha_import 0 0.00000000 0 0 0.00000000 0.00000000 0.00000000 0.00000000 0.00000000 -5.25000000 54.25000000
-4.01724599 -66.15622600 53.01361264 0.00000000 0.00000000 0.00000000 alpha_import 0 0.00000000 0 0 0.00000000 0.00000000 0.00000000 0.00000000 0.00000000 -5.25000000 52.50000000
-6.08795039 -66.22201600 51.42793522 0.00000000 0.00000000 0.00000000 alpha_import 0 0.00000000 0 0 0.00000000 0.00000000 0.00000000 0.00000000 0.00000000 -5.25000000 50.75000000
-5.90811950 -66.27189400 48.62388853 0.00000000 0.00000000 0.00000000 alpha_import 0 0.00000000 0 0 0.00000000 0.00000000 0.00000000 0.00000000 0.00000000 -5.25000000 49.00000000
-3.96791780 -66.26695600 46.53826682 0.00000000 0.00000000 0.00000000 alpha_import 0 0.00000000 0 0 0.00000000 0.00000000 0.00000000 0.00000000 0.00000000 -5.25000000 47.25000000
-6.13235127 -66.31331200 45.96320354 0.00000000 0.00000000 0.00000000 alpha_import 0 0.00000000 0 0 0.00000000 0.00000000 0.00000000 0.00000000 0.00000000 -5.25000000 45.50000000
-4.31470610 -66.33762800 44.05030978 0.00000000 0.00000000 0.00000000 alpha_import 0 0.00000000 0 0 0.00000000 0.00000000 0.00000000 0.00000000 0.00000000 -5.25000000 43.75000000
-5.72408679 -66.32646000 42.06704831 0.00000000 0.00000000 0.00000000 alpha_import 0 0.00000000 0 0 0.00000000 0.00000000 0.00000000 0.00000000 0.00000000 -5.25000000 42.00000000
-4.54314815 -66.36385400 40.29605209 0.00000000 0.00000000 0.00000000 alpha_import 0 0.00000000 0 0 0.00000000 0.00000000 0.00000000 0.00000000 0.00000000 -5.25000000 40.25000000
-5.07954559 -66.42332000 38.23671802 0.00000000 0.00000000 0.00000000 alpha_import 0 0.00000000 0 0 0.00000000 0.00000000 0.00000000 0.00000000 0.00000000 -5.25000000 38.50000000
-4.05301289 -66.45153200 37.46223504 0.00000000 0.00000000 0.00000000 alpha_import 0 0.00000000 0 0 0.00000000 0.00000000 0.00000000 0.00000000 0.00000000 -5.25000000 36.75000000
-3.75794080 -66.53216000 35.64118149 0.00000000 0.00000000 0.00000000 alpha_import 0 0.00000000 0 0 0.00000000 0.00000000 0.00000000 0.00000000 0.00000000 -5.25000000 35.00000000
-5.39150569 -66.51753600 33.57697098 0.00000000 0.00000000 0.00000000 alpha_import 0 0.00000000 0 0 0.00000000 0.00000000 0.00000000 0.00000000 0.00000000 -5.25000000 33.25000000
-5.86073404 -66.53870800 31.25040028 0.00000000 0.00000000 0.00000000 alpha_import 0 0.00000000 0 0 0.00000000 0.00000000 0.00000000 0.00000000 0.00000000 -5.25000000 31.50000000
-6.01753912 -66.63848000 29.79320639 0.00000000 0.00000000 0.00000000 alpha_import 0 0.00000000 0 0 0.00000000 0.00000000 0.00000000 0.00000000 0.00000000 -5.25000000 29.75000000
-3.75175484 -66.66225600 28.72972599 0.00000000 0.00000000 0.00000000 alpha_import 0 0.00000000 0 0 0.00000000 0.00000000 0.00000000 0.00000000 0.00000000 -5.25000000 28.00000000
-1.81586144 -66.37656800 110.13824640 0.00000000 0.00000000 0.00000000 alpha_import 0 0.00000000 0 0 0.00000000 0.00000000 0.00000000 0.00000000 0.00000000 -1.75000000 110.25000000
-6.02488971 -66.38089600 109.55481870 0.00000000 0.00000000 0.00000000 alpha_import 0 0.00000000 0 0 0.00000000 0.00000000 0.00000000 0.00000000 0.00000000 -5.25000000 110.25000000
-0.47154745 -66.27524400 109.19437382 0.00000000 0.00000000 0.00000000 alpha_import 0 0.00000000 0 0 0.00000000 0.00000000 0.00000000 0.00000000 0.00000000 -1.75000000 108.50000000
-5.07130829 -66.22750800 108.31575656 0.00000000 0.00000000 0.00000000 alpha_import 0 0.00000000 0 0 0.00000000 0.00000000 0.00000000 0.00000000 0.00000000 -5.25000000 108.50000000
-2.74093484 -66.18761600 107.10367977 0.00000000 0.00000000 0.00000000 alpha_import 0 0.00000000 0 0 0.00000000 0.00000000 0.00000000 0.00000000 0.00000000 -1.75000000 106.75000000
-3.58007684 -66.16274400 106.90872763 0.00000000 0.00000000 0.00000000 alpha_import 0 0.00000000 0 0 0.00000000 0.00000000 0.00000000 0.00000000 0.00000000 -5.25000000 106.75000000
-2.62053976 -66.03336000 104.63170257 0.00000000 0.00000000 0.00000000 alpha_import 0 0.00000000 0 0 0.00000000 0.00000000 0.00000000 0.00000000 0.00000000 -1.75000000 105.00000000
-4.60756017 -66.06702800 104.59687314 0.00000000 0.00000000 0.00000000 alpha_import 0 0.00000000 0 0 0.00000000 0.00000000 0.00000000 0.00000000 0.00000000 -5.25000000 105.00000000
-3.20842828 -66.01225600 102.84144179 0.00000000 0.00000000 0.00000000 alpha_import 0 0.00000000 0 0 0.00000000 0.00000000 0.00000000 0.00000000 0.00000000 -1.75000000 103.25000000
-5.51481802 -66.01023000 102.93422356 0.00000000 0.00000000 0.00000000 alpha_import 0 0.00000000 0 0 0.00000000 0.00000000 0.00000000 0.00000000 0.00000000 -5.25000000 103.25000000
-2.54889638 -65.95194000 101.25753727 0.00000000 0.00000000 0.00000000 alpha_import 0 0.00000000 0 0 0.00000000 0.00000000 0.00000000 0.00000000 0.00000000 -1.75000000 101.50000000
-4.81988163 -65.99478000 101.46982312 0.00000000 0.00000000 0.00000000 alpha_import 0 0.00000000 0 0 0.00000000 0.00000000 0.00000000 0.00000000 0.00000000 -5.25000000 101.50000000
-2.19562201 -65.89854000 99.95974193 0.00000000 0.00000000 0.00000000 alpha_import 0 0.00000000 0 0 0.00000000 0.00000000 0.00000000 0.00000000 0.00000000 -1.75000000 99.75000000
-4.25618864 -65.94206000 100.16121709 0.00000000 0.00000000 0.00000000 alpha_import 0 0.00000000 0 0 0.00000000 0.00000000 0.00000000 0.00000000 0.00000000 -5.25000000 99.75000000
-2.63097224 -65.87041600 97.95840559 0.00000000 0.00000000 0.00000000 alpha_import 0 0.00000000 0 0 0.00000000 0.00000000 0.00000000 0.00000000 0.00000000 -1.75000000 98.00000000
-5.41596279 -65.90973600 97.66026310 0.00000000 0.00000000 0.00000000 alpha_import 0 0.00000000 0 0 0.00000000 0.00000000 0.00000000 0.00000000 0.00000000 -5.25000000 98.00000000
-6.72287730 -65.87320600 96.35110508 0.00000000 0.00000000 0.00000000 alpha_import 0 0.00000000 0 0 0.00000000 0.00000000 0.00000000 0.00000000 0.00000000 -5.25000000 96.25000000
-3.70069708 -65.86279200 93.95939798 0.00000000 0.00000000 0.00000000 alpha_import 0 0.00000000 0 0 0.00000000 0.00000000 0.00000000 0.00000000 0.00000000 -5.25000000 94.50000000
-3.60922846 -65.81604600 92.83130648 0.00000000 0.00000000 0.00000000 alpha_import 0 0.00000000 0 0 0.00000000 0.00000000 0.00000000 0.00000000 0.00000000 -5.25000000 92.75000000
-5.48604425 -65.79718600 90.85803359 0.00000000 0.00000000 0.00000000 alpha_import 0 0.00000000 0 0 0.00000000 0.00000000 0.00000000 0.00000000 0.00000000 -5.25000000 91.00000000
-5.56245430 -65.74418400 89.04465971 0.00000000 0.00000000 0.00000000 alpha_import 0 0.00000000 0 0 0.00000000 0.00000000 0.00000000 0.00000000 0.00000000 -5.25000000 89.25000000
-4.45461628 -65.73159200 88.04867791 0.00000000 0.00000000 0.00000000 alpha_import 0 0.00000000 0 0 0.00000000 0.00000000 0.00000000 0.00000000 0.00000000 -5.25000000 87.50000000
-5.57217051 -65.74399400 85.99714814 0.00000000 0.00000000 0.00000000 alpha_import 0 0.00000000 0 0 0.00000000 0.00000000 0.00000000 0.00000000 0.00000000 -5.25000000 85.75000000
-6.13337882 -65.73706000 83.74426778 0.00000000 0.00000000 0.00000000 alpha_import 0 0.00000000 0 0 0.00000000 0.00000000 0.00000000 0.00000000 0.00000000 -5.25000000 84.00000000
-6.03229926 -66.90936000 25.77775690 0.00000000 0.00000000 0.00000000 alpha_import 0 0.00000000 0 0 0.00000000 0.00000000 0.00000000 0.00000000 0.00000000 -5.25000000 26.25000000
-6.87627370 -66.94867000 24.64278150 0.00000000 0.00000000 0.00000000 alpha_import 0 0.00000000 0 0 0.00000000 0.00000000 0.00000000 0.00000000 0.00000000 -5.25000000 24.50000000
-6.03958241 -66.96864000 22.40980811 0.00000000 0.00000000 0.00000000 alpha_import 0 0.00000000 0 0 0.00000000 0.00000000 0.00000000 0.00000000 0.00000000 -5.25000000 22.75000000
-6.30647322 -67.03446600 20.63205740 0.00000000 0.00000000 0.00000000 alpha_import 0 0.00000000 0 0 0.00000000 0.00000000 0.00000000 0.00000000 0.00000000 -5.25000000 21.00000000
-4.28363255 -67.08559600 19.49396567 0.00000000 0.00000000 0.00000000 alpha_import 0 0.00000000 0 0 0.00000000 0.00000000 0.00000000 0.00000000 0.00000000 -5.25000000 19.25000000
-5.00922773 -67.15343600 18.14477111 0.00000000 0.00000000 0.00000000 alpha_import 0 0.00000000 0 0 0.00000000 0.00000000 0.00000000 0.00000000 0.00000000 -5.25000000 17.50000000
-4.26789818 -67.18690800 15.49651430 0.00000000 0.00000000 0.00000000 alpha_import 0 0.00000000 0 0 0.00000000 0.00000000 0.00000000 0.00000000 0.00000000 -5.25000000 15.75000000
-6.82826369 -67.27957200 14.22197326 0.00000000 0.00000000 0.00000000 alpha_import 0 0.00000000 0 0 0.00000000 0.00000000 0.00000000 0.00000000 0.00000000 -5.25000000 14.00000000
-5.60038492 -67.34538000 12.18589689 0.00000000 0.00000000 0.00000000 alpha_import 0 0.00000000 0 0 0.00000000 0.00000000 0.00000000 0.00000000 0.00000000 -5.25000000 12.25000000
-4.96720544 -67.45569400 10.72312842 0.00000000 0.00000000 0.00000000 alpha_import 0 0.00000000 0 0 0.00000000 0.00000000 0.00000000 0.00000000 0.00000000 -5.25000000 10.50000000
-3.58273246 -67.59231000 8.14782161 0.00000000 0.00000000 0.00000000 alpha_import 0 0.00000000 0 0 0.00000000 0.00000000 0.00000000 0.00000000 0.00000000 -5.25000000 8.75000000
-5.91483240 -65.96872000 81.80007144 0.00000000 0.00000000 0.00000000 alpha_import 0 0.00000000 0 0 0.00000000 0.00000000 0.00000000 0.00000000 0.00000000 -5.25000000 82.25000000
-5.11757893 -65.99416600 80.12159918 0.00000000 0.00000000 0.00000000 alpha_import 0 0.00000000 0 0 0.00000000 0.00000000 0.00000000 0.00000000 0.00000000 -5.25000000 80.50000000
-5.11809097 -66.04423200 79.11879078 0.00000000 0.00000000 0.00000000 alpha_import 0 0.00000000 0 0 0.00000000 0.00000000 0.00000000 0.00000000 0.00000000 -5.25000000 78.75000000
-6.73454999 -66.08776800 76.41796660 0.00000000 0.00000000 0.00000000 alpha_import 0 0.00000000 0 0 0.00000000 0.00000000 0.00000000 0.00000000 0.00000000 -5.25000000 77.00000000
-6.93177022 -66.07120400 75.29697398 0.00000000 0.00000000 0.00000000 alpha_import 0 0.00000000 0 0 0.00000000 0.00000000 0.00000000 0.00000000 0.00000000 -5.25000000 75.25000000
-4.12356596 -66.07050800 72.93889511 0.00000000 0.00000000 0.00000000 alpha_import 0 0.00000000 0 0 0.00000000 0.00000000 0.00000000 0.00000000 0.00000000 -5.25000000 73.50000000
-5.34880701 -66.07628800 71.70620894 0.00000000 0.00000000 0.00000000 alpha_import 0 0.00000000 0 0 0.00000000 0.00000000 0.00000000 0.00000000 0.00000000 -5.25000000 71.75000000
-4.39247192 -66.10721400 70.59228956 0.00000000 0.00000000 0.00000000 alpha_import 0 0.00000000 0 0 0.00000000 0.00000000 0.00000000 0.00000000 0.00000000 -5.25000000 70.00000000
-5.66748678 -66.13178800 68.84822607 0.00000000 0.00000000 0.00000000 alpha_import 0 0.00000000 0 0 0.00000000 0.00000000 0.00000000 0.00000000 0.00000000 -5.25000000 68.25000000
-3.68025511 -66.14622000 66.65003440 0.00000000 0.00000000 0.00000000 alpha_import 0 0.00000000 0 0 0.00000000 0.00000000 0.00000000 0.00000000 0.00000000 -5.25000000 66.50000000
-6.48972353 -66.17548000 64.77874710 0.00000000 0.00000000 0.00000000 alpha_import 0 0.00000000 0 0 0.00000000 0.00000000 0.00000000 0.00000000 0.00000000 -5.25000000 64.75000000
-6.16253394 -66.21987400 62.85558848 0.00000000 0.00000000 0.00000000 alpha_import 0 0.00000000 0 0 0.00000000 0.00000000 0.00000000 0.00000000 0.00000000 -5.25000000 63.00000000
-6.92466597 -66.23980000 60.86989161 0.00000000 0.00000000 0.00000000 alpha_import 0 0.00000000 0 0 0.00000000 0.00000000 0.00000000 0.00000000 0.00000000 -5.25000000 61.25000000
-5.14002395 -66.21822600 59.85749390 0.00000000 0.00000000 0.00000000 alpha_import 0 0.00000000 0 0 0.00000000 0.00000000 0.00000000 0.00000000 0.00000000 -5.25000000 59.50000000
-5.19308318 -66.24096000 57.08474230 0.00000000 0.00000000 0.00000000 alpha_import 0 0.00000000 0 0 0.00000000 0.00000000 0.00000000 0.00000000 0.00000000 -5.25000000 57.75000000
-4.53982639 -66.31125400 56.14027970 0.00000000 0.00000000 0.00000000 alpha_import 0 0.00000000 0 0 0.00000000 0.00000000 0.00000000 0.00000000 0.00000000 -5.25000000 56.00000000
-2.97311213 -66.32275400 128.37965076 0.00000000 0.00000000 0.00000000 alpha_import 0 0.00000000 0 0 0.00000000 0.00000000 0.00000000 0.00000000 0.00000000 -1.75000000 127.75000000
-2.52099669 -66.48730000 125.47036896 0.00000000 0.00000000 0.00000000 alpha_import 0 0.00000000 0 0 0.00000000 0.00000000 0.00000000 0.00000000 0.00000000 -1.75000000 126.00000000
-0.45865781 -66.79290800 124.80362065 0.00000000 0.00000000 0.00000000 alpha_import 0 0.00000000 0 0 0.00000000 0.00000000 0.00000000 0.00000000 0.00000000 -1.75000000 124.25000000
-0.84379963 -66.98632000 123.17271765 0.00000000 0.00000000 0.00000000 alpha_import 0 0.00000000 0 0 0.00000000 0.00000000 0.00000000 0.00000000 0.00000000 -1.75000000 122.50000000
-0.29109968 -67.10032000 120.80399688 0.00000000 0.00000000 0.00000000 alpha_import 0 0.00000000 0 0 0.00000000 0.00000000 0.00000000 0.00000000 0.00000000 -1.75000000 120.75000000
-2.37891733 -67.11194400 119.56556931 0.00000000 0.00000000 0.00000000 alpha_import 0 0.00000000 0 0 0.00000000 0.00000000 0.00000000 0.00000000 0.00000000 -1.75000000 119.00000000
-5.19285600 -67.06618000 118.85790332 0.00000000 0.00000000 0.00000000 alpha_import 0 0.00000000 0 0 0.00000000 0.00000000 0.00000000 0.00000000 0.00000000 -5.25000000 119.00000000
-3.39370523 -67.02020800 117.50862339 0.00000000 0.00000000 0.00000000 alpha_import 0 0.00000000 0 0 0.00000000 0.00000000 0.00000000 0.00000000 0.00000000 -1.75000000 117.25000000
-6.93338958 -66.94425600 117.40406042 0.00000000 0.00000000 0.00000000 alpha_import 0 0.00000000 0 0 0.00000000 0.00000000 0.00000000 0.00000000 0.00000000 -5.25000000 117.25000000
-1.69503446 -66.91348000 115.39677305 0.00000000 0.00000000 0.00000000 alpha_import 0 0.00000000 0 0 0.00000000 0.00000000 0.00000000 0.00000000 0.00000000 -1.75000000 115.50000000
-4.55552429 -66.82680000 115.87616845 0.00000000 0.00000000 0.00000000 alpha_import 0 0.00000000 0 0 0.00000000 0.00000000 0.00000000 0.00000000 0.00000000 -5.25000000 115.50000000
-0.39519466 -66.77954800 113.26723520 0.00000000 0.00000000 0.00000000 alpha_import 0 0.00000000 0 0 0.00000000 0.00000000 0.00000000 0.00000000 0.00000000 -1.75000000 113.75000000
-4.66377746 -66.80946600 113.35113377 0.00000000 0.00000000 0.00000000 alpha_import 0 0.00000000 0 0 0.00000000 0.00000000 0.00000000 0.00000000 0.00000000 -5.25000000 113.75000000
-2.57975576 -66.66064400 112.54652798 0.00000000 0.00000000 0.00000000 alpha_import 0 0.00000000 0 0 0.00000000 0.00000000 0.00000000 0.00000000 0.00000000 -1.75000000 112.00000000
-6.21054717 -66.68314800 111.95687788 0.00000000 0.00000000 0.00000000 alpha_import 0 0.00000000 0 0 0.00000000 0.00000000 0.00000000 0.00000000 0.00000000 -5.25000000 112.00000000
-7.94227819 -66.00732000 87.54919380 0.00000000 0.00000000 0.00000000 alpha_import 0 0.00000000 0 0 0.00000000 0.00000000 0.00000000 0.00000000 0.00000000 -8.75000000 87.50000000
-9.59816078 -66.11939000 85.47940765 0.00000000 0.00000000 0.00000000 alpha_import 0 0.00000000 0 0 0.00000000 0.00000000 0.00000000 0.00000000 0.00000000 -8.75000000 85.75000000
