x_fit y_fit z_fit t_global t_waveform t_si timingMethod timingSuccess timingScore isSaturated nSaturatedBins saturatedFraction observedPeak baseline peakAmplitude padEnergyMeV x_orig z_orig
14.87500000 -81.64515100 115.50000000 0.00000000 0.00000000 0.00000000 alpha_import 0 0.00000000 0 0 0.00000000 0.00000000 0.00000000 0.00000000 0.00000000 14.87500000 115.50000000
14.87500000 -81.69635900 119.00000000 0.00000000 0.00000000 0.00000000 alpha_import 0 0.00000000 0 0 0.00000000 0.00000000 0.00000000 0.00000000 0.00000000 14.87500000 119.00000000
14.87500000 -81.78895000 122.50000000 0.00000000 0.00000000 0.00000000 alpha_import 0 0.00000000 0 0 0.00000000 0.00000000 0.00000000 0.00000000 0.00000000 14.87500000 122.50000000
16.62500000 -81.72712100 119.00000000 0.00000000 0.00000000 0.00000000 alpha_import 0 0.00000000 0 0 0.00000000 0.00000000 0.00000000 0.00000000 0.00000000 16.62500000 119.00000000
16.62500000 -81.81971200 122.50000000 0.00000000 0.00000000 0.00000000 alpha_import 0 0.00000000 0 0 0.00000000 0.00000000 0.00000000 0.00000000 0.00000000 16.62500000 122.50000000
18.37500000 -81.86864000 122.50000000 0.00000000 0.00000000 0.00000000 alpha_import 0 0.00000000 0 0 0.00000000 0.00000000 0.00000000 0.00000000 0.00000000 18.37500000 122.50000000
18.37500000 -81.94792700 126.00000000 0.00000000 0.00000000 0.00000000 alpha_import 0 0.00000000 0 0 0.00000000 0.00000000 0.00000000 0.00000000 0.00000000 18.37500000 126.00000000
20.12500000 -81.91550300 122.50000000 0.00000000 0.00000000 0.00000000 alpha_import 0 0.00000000 0 0 0.00000000 0.00000000 0.00000000 0.00000000 0.00000000 20.12500000 122.50000000
20.12500000 -81.99479000 126.00000000 0.00000000 0.00000000 0.00000000 alpha_import 0 0.00000000 0 0 0.00000000 0.00000000 0.00000000 0.00000000 0.00000000 20.12500000 126.00000000
20.12500000 -82.07899400 129.50000000 0.00000000 0.00000000 0.00000000 alpha_import 0 0.00000000 0 0 0.00000000 0.00000000 0.00000000 0.00000000 0.00000000 20.12500000 129.50000000
21.87500000 -82.07201200 126.00000000 0.00000000 0.00000000 0.00000000 alpha_import 0 0.00000000 0 0 0.00000000 0.00000000 0.00000000 0.00000000 0.00000000 21.87500000 126.00000000
21.87500000 -82.15621600 129.50000000 0.00000000 0.00000000 0.00000000 alpha_import 0 0.00000000 0 0 0.00000000 0.00000000 0.00000000 0.00000000 0.00000000 21.87500000 129.50000000
23.62500000 -82.23398600 129.50000000 0.00000000 0.00000000 0.00000000 alpha_import 0 0.00000000 0 0 0.00000000 0.00000000 0.00000000 0.00000000 0.00000000 23.62500000 129.50000000
23.62500000 -82.33361000 133.00000000 0.00000000 0.00000000 0.00000000 alpha_import 0 0.00000000 0 0 0.00000000 0.00000000 0.00000000 0.00000000 0.00000000 23.62500000 133.00000000
25.37500000 -82.25914000 129.50000000 0.00000000 0.00000000 0.00000000 alpha_import 0 0.00000000 0 0 0.00000000 0.00000000 0.00000000 0.00000000 0.00000000 25.37500000 129.50000000
25.37500000 -82.35876400 133.00000000 0.00000000 0.00000000 0.00000000 alpha_import 0 0.00000000 0 0 0.00000000 0.00000000 0.00000000 0.00000000 0.00000000 25.37500000 133.00000000
27.12500000 -82.58475000 136.50000000 0.00000000 0.00000000 0.00000000 alpha_import 0 0.00000000 0 0 0.00000000 0.00000000 0.00000000 0.00000000 0.00000000 27.12500000 136.50000000
27.12500000 -82.68927600 140.00000000 0.00000000 0.00000000 0.00000000 alpha_import 0 0.00000000 0 0 0.00000000 0.00000000 0.00000000 0.00000000 0.00000000 27.12500000 140.00000000
28.87500000 -82.64597100 136.50000000 0.00000000 0.00000000 0.00000000 alpha_import 0 0.00000000 0 0 0.00000000 0.00000000 0.00000000 0.00000000 0.00000000 28.87500000 136.50000000
28.87500000 -82.75049700 140.00000000 0.00000000 0.00000000 0.00000000 alpha_import 0 0.00000000 0 0 0.00000000 0.00000000 0.00000000 0.00000000 0.00000000 28.87500000 140.00000000
28.87500000 -82.82068200 143.50000000 0.00000000 0.00000000 0.00000000 alpha_import 0 0.00000000 0 0 0.00000000 0.00000000 0.00000000 0.00000000 0.00000000 28.87500000 143.50000000
30.62500000 -82.82806200 140.00000000 0.00000000 0.00000000 0.00000000 alpha_import 0 0.00000000 0 0 0.00000000 0.00000000 0.00000000 0.00000000 0.00000000 30.62500000 140.00000000
30.62500000 -82.89824700 143.50000000 0.00000000 0.00000000 0.00000000 alpha_import 0 0.00000000 0 0 0.00000000 0.00000000 0.00000000 0.00000000 0.00000000 30.62500000 143.50000000
32.37500000 -83.17965700 147.00000000 0.00000000 0.00000000 0.00000000 alpha_import 0 0.00000000 0 0 0.00000000 0.00000000 0.00000000 0.00000000 0.00000000 32.37500000 147.00000000
34.12500000 -83.26245500 147.00000000 0.00000000 0.00000000 0.00000000 alpha_import 0 0.00000000 0 0 0.00000000 0.00000000 0.00000000 0.00000000 0.00000000 34.12500000 147.00000000
34.12500000 -83.37508800 150.50000000 0.00000000 0.00000000 0.00000000 alpha_import 0 0.00000000 0 0 0.00000000 0.00000000 0.00000000 0.00000000 0.00000000 34.12500000 150.50000000
35.87500000 -83.28919100 147.00000000 0.00000000 0.00000000 0.00000000 alpha_import 0 0.00000000 0 0 0.00000000 0.00000000 0.00000000 0.00000000 0.00000000 35.87500000 147.00000000
35.87500000 -83.40182400 150.50000000 0.00000000 0.00000000 0.00000000 alpha_import 0 0.00000000 0 0 0.00000000 0.00000000 0.00000000 0.00000000 0.00000000 35.87500000 150.50000000
37.62500000 -83.68665000 154.00000000 0.00000000 0.00000000 0.00000000 alpha_import 0 0.00000000 0 0 0.00000000 0.00000000 0.00000000 0.00000000 0.00000000 37.62500000 154.00000000
39.37500000 -83.78212000 154.00000000 0.00000000 0.00000000 0.00000000 alpha_import 0 0.00000000 0 0 0.00000000 0.00000000 0.00000000 0.00000000 0.00000000 39.37500000 154.00000000
41.12500000 -84.09622500 157.50000000 0.00000000 0.00000000 0.00000000 alpha_import 0 0.00000000 0 0 0.00000000 0.00000000 0.00000000 0.00000000 0.00000000 41.12500000 157.50000000
41.12500000 -84.15519100 161.00000000 0.00000000 0.00000000 0.00000000 alpha_import 0 0.00000000 0 0 0.00000000 0.00000000 0.00000000 0.00000000 0.00000000 41.12500000 161.00000000
42.87500000 -84.23074300 161.00000000 0.00000000 0.00000000 0.00000000 alpha_import 0 0.00000000 0 0 0.00000000 0.00000000 0.00000000 0.00000000 0.00000000 42.87500000 161.00000000
44.62500000 -84.51362300 164.50000000 0.00000000 0.00000000 0.00000000 alpha_import 0 0.00000000 0 0 0.00000000 0.00000000 0.00000000 0.00000000 0.00000000 44.62500000 164.50000000
46.37500000 -84.67907500 164.50000000 0.00000000 0.00000000 0.00000000 alpha_import 0 0.00000000 0 0 0.00000000 0.00000000 0.00000000 0.00000000 0.00000000 46.37500000 164.50000000
46.37500000 -84.81963600 168.00000000 0.00000000 0.00000000 0.00000000 alpha_import 0 0.00000000 0 0 0.00000000 0.00000000 0.00000000 0.00000000 0.00000000 46.37500000 168.00000000
48.12500000 -84.95591600 168.00000000 0.00000000 0.00000000 0.00000000 alpha_import 0 0.00000000 0 0 0.00000000 0.00000000 0.00000000 0.00000000 0.00000000 48.12500000 168.00000000
48.12500000 -85.08727300 171.50000000 0.00000000 0.00000000 0.00000000 alpha_import 0 0.00000000 0 0 0.00000000 0.00000000 0.00000000 0.00000000 0.00000000 48.12500000 171.50000000
49.87500000 -85.19697900 171.50000000 0.00000000 0.00000000 0.00000000 alpha_import 0 0.00000000 0 0 0.00000000 0.00000000 0.00000000 0.00000000 0.00000000 49.87500000 171.50000000
51.62500000 -85.46065100 175.00000000 0.00000000 0.00000000 0.00000000 alpha_import 0 0.00000000 0 0 0.00000000 0.00000000 0.00000000 0.00000000 0.00000000 51.62500000 175.00000000
53.37500000 -85.77098700 178.50000000 0.00000000 0.00000000 0.00000000 alpha_import 0 0.00000000 0 0 0.00000000 0.00000000 0.00000000 0.00000000 0.00000000 53.37500000 178.50000000
55.12500000 -86.10512000 182.00000000 0.00000000 0.00000000 0.00000000 alpha_import 0 0.00000000 0 0 0.00000000 0.00000000 0.00000000 0.00000000 0.00000000 55.12500000 182.00000000
56.87500000 -86.25382000 182.00000000 0.00000000 0.00000000 0.00000000 alpha_import 0 0.00000000 0 0 0.00000000 0.00000000 0.00000000 0.00000000 0.00000000 56.87500000 182.00000000
56.87500000 -86.41442400 185.50000000 0.00000000 0.00000000 0.00000000 alpha_import 0 0.00000000 0 0 0.00000000 0.00000000 0.00000000 0.00000000 0.00000000 56.87500000 185.50000000
58.62500000 -86.53050000 185.50000000 0.00000000 0.00000000 0.00000000 alpha_import 0 0.00000000 0 0 0.00000000 0.00000000 0.00000000 0.00000000 0.00000000 58.62500000 185.50000000
60.37500000 -86.81530500 189.00000000 0.00000000 0.00000000 0.00000000 alpha_import 0 0.00000000 0 0 0.00000000 0.00000000 0.00000000 0.00000000 0.00000000 60.37500000 189.00000000
62.12500000 -87.12261000 192.50000000 0.00000000 0.00000000 0.00000000 alpha_import 0 0.00000000 0 0 0.00000000 0.00000000 0.00000000 0.00000000 0.00000000 62.12500000 192.50000000
63.87500000 -87.48842700 196.00000000 0.00000000 0.00000000 0.00000000 alpha_import 0 0.00000000 0 0 0.00000000 0.00000000 0.00000000 0.00000000 0.00000000 63.87500000 196.00000000
65.62500000 -87.81355400 199.50000000 0.00000000 0.00000000 0.00000000 alpha_import 0 0.00000000 0 0 0.00000000 0.00000000 0.00000000 0.00000000 0.00000000 65.62500000 199.50000000
67.37500000 -87.92710700 199.50000000 0.00000000 0.00000000 0.00000000 alpha_import 0 0.00000000 0 0 0.00000000 0.00000000 0.00000000 0.00000000 0.00000000 67.37500000 199.50000000
69.12500000 -88.25393700 203.00000000 0.00000000 0.00000000 0.00000000 alpha_import 0 0.00000000 0 0 0.00000000 0.00000000 0.00000000 0.00000000 0.00000000 69.12500000 203.00000000
70.87500000 -88.61378500 206.50000000 0.00000000 0.00000000 0.00000000 alpha_import 0 0.00000000 0 0 0.00000000 0.00000000 0.00000000 0.00000000 0.00000000 70.87500000 206.50000000
72.62500000 -88.67039200 206.50000000 0.00000000 0.00000000 0.00000000 alpha_import 0 0.00000000 0 0 0.00000000 0.00000000 0.00000000 0.00000000 0.00000000 72.62500000 206.50000000
74.37500000 -89.08231800 210.00000000 0.00000000 0.00000000 0.00000000 alpha_import 0 0.00000000 0 0 0.00000000 0.00000000 0.00000000 0.00000000 0.00000000 74.37500000 210.00000000
76.12500000 -89.41157600 213.50000000 0.00000000 0.00000000 0.00000000 alpha_import 0 0.00000000 0 0 0.00000000 0.00000000 0.00000000 0.00000000 0.00000000 76.12500000 213.50000000
77.87500000 -89.68259900 59.50000000 0.00000000 0.00000000 0.00000000 alpha_import 0 0.00000000 0 0 0.00000000 0.00000000 0.00000000 0.00000000 0.00000000 77.87500000 59.50000000
77.87500000 -89.69150400 217.00000000 0.00000000 0.00000000 0.00000000 alpha_import 0 0.00000000 0 0 0.00000000 0.00000000 0.00000000 0.00000000 0.00000000 77.87500000 217.00000000
81.37500000 -90.16431300 220.50000000 0.00000000 0.00000000 0.00000000 alpha_import 0 0.00000000 0 0 0.00000000 0.00000000 0.00000000 0.00000000 0.00000000 81.37500000 220.50000000
4.81416115 -79.87744800 53.62164824 0.00000000 0.00000000 0.00000000 alpha_import 0 0.00000000 0 0 0.00000000 0.00000000 0.00000000 0.00000000 0.00000000 5.25000000 54.25000000
4.63854153 -79.87656800 52.58166221 0.00000000 0.00000000 0.00000000 alpha_import 0 0.00000000 0 0 0.00000000 0.00000000 0.00000000 0.00000000 0.00000000 5.25000000 52.50000000
6.70227939 -79.85718400 51.36860683 0.00000000 0.00000000 0.00000000 alpha_import 0 0.00000000 0 0 0.00000000 0.00000000 0.00000000 0.00000000 0.00000000 5.25000000 50.75000000
4.64689997 -79.87917400 49.45361376 0.00000000 0.00000000 0.00000000 alpha_import 0 0.00000000 0 0 0.00000000 0.00000000 0.00000000 0.00000000 0.00000000 5.25000000 49.00000000
4.80608424 -79.81593000 47.36024246 0.00000000 0.00000000 0.00000000 alpha_import 0 0.00000000 0 0 0.00000000 0.00000000 0.00000000 0.00000000 0.00000000 5.25000000 47.25000000
6.14416325 -79.79750400 45.24511097 0.00000000 0.00000000 0.00000000 alpha_import 0 0.00000000 0 0 0.00000000 0.00000000 0.00000000 0.00000000 0.00000000 5.25000000 45.50000000
4.05569043 -79.79903600 43.59645498 0.00000000 0.00000000 0.00000000 alpha_import 0 0.00000000 0 0 0.00000000 0.00000000 0.00000000 0.00000000 0.00000000 5.25000000 43.75000000
6.16853091 -79.74689400 41.39470723 0.00000000 0.00000000 0.00000000 alpha_import 0 0.00000000 0 0 0.00000000 0.00000000 0.00000000 0.00000000 0.00000000 5.25000000 42.00000000
6.60466501 -79.77818600 39.89395768 0.00000000 0.00000000 0.00000000 alpha_import 0 0.00000000 0 0 0.00000000 0.00000000 0.00000000 0.00000000 0.00000000 5.25000000 40.25000000
6.33222802 -79.74496000 38.86591658 0.00000000 0.00000000 0.00000000 alpha_import 0 0.00000000 0 0 0.00000000 0.00000000 0.00000000 0.00000000 0.00000000 5.25000000 38.50000000
6.71487492 -79.75885600 37.19396091 0.00000000 0.00000000 0.00000000 alpha_import 0 0.00000000 0 0 0.00000000 0.00000000 0.00000000 0.00000000 0.00000000 5.25000000 36.75000000
4.74843604 -79.82432000 35.19684334 0.00000000 0.00000000 0.00000000 alpha_import 0 0.00000000 0 0 0.00000000 0.00000000 0.00000000 0.00000000 0.00000000 5.25000000 35.00000000
5.67193484 -79.81778000 32.58834175 0.00000000 0.00000000 0.00000000 alpha_import 0 0.00000000 0 0 0.00000000 0.00000000 0.00000000 0.00000000 0.00000000 5.25000000 33.25000000
5.52068607 -79.78161000 31.99539166 0.00000000 0.00000000 0.00000000 alpha_import 0 0.00000000 0 0 0.00000000 0.00000000 0.00000000 0.00000000 0.00000000 5.25000000 31.50000000
5.71460033 -79.84214000 29.95184842 0.00000000 0.00000000 0.00000000 alpha_import 0 0.00000000 0 0 0.00000000 0.00000000 0.00000000 0.00000000 0.00000000 5.25000000 29.75000000
4.83151772 -79.87242400 28.12264459 0.00000000 0.00000000 0.00000000 alpha_import 0 0.00000000 0 0 0.00000000 0.00000000 0.00000000 0.00000000 0.00000000 5.25000000 28.00000000
4.69941063 -80.80840000 109.82149682 0.00000000 0.00000000 0.00000000 alpha_import 0 0.00000000 0 0 0.00000000 0.00000000 0.00000000 0.00000000 0.00000000 5.25000000 110.25000000
5.14536616 -80.78769000 108.16157874 0.00000000 0.00000000 0.00000000 alpha_import 0 0.00000000 0 0 0.00000000 0.00000000 0.00000000 0.00000000 0.00000000 5.25000000 108.50000000
6.88844275 -80.80652000 106.77719201 0.00000000 0.00000000 0.00000000 alpha_import 0 0.00000000 0 0 0.00000000 0.00000000 0.00000000 0.00000000 0.00000000 5.25000000 106.75000000
4.28206413 -80.78265400 105.35237355 0.00000000 0.00000000 0.00000000 alpha_import 0 0.00000000 0 0 0.00000000 0.00000000 0.00000000 0.00000000 0.00000000 5.25000000 105.00000000
6.36640611 -80.76012000 103.15135918 0.00000000 0.00000000 0.00000000 alpha_import 0 0.00000000 0 0 0.00000000 0.00000000 0.00000000 0.00000000 0.00000000 5.25000000 103.25000000
4.98874789 -80.70081200 101.86987009 0.00000000 0.00000000 0.00000000 alpha_import 0 0.00000000 0 0 0.00000000 0.00000000 0.00000000 0.00000000 0.00000000 5.25000000 101.50000000
5.19943181 -80.66462000 100.13216881 0.00000000 0.00000000 0.00000000 alpha_import 0 0.00000000 0 0 0.00000000 0.00000000 0.00000000 0.00000000 0.00000000 5.25000000 99.75000000
5.14641221 -80.63341600 98.16017308 0.00000000 0.00000000 0.00000000 alpha_import 0 0.00000000 0 0 0.00000000 0.00000000 0.00000000 0.00000000 0.00000000 5.25000000 98.00000000
3.80815662 -80.66110000 96.55188225 0.00000000 0.00000000 0.00000000 alpha_import 0 0.00000000 0 0 0.00000000 0.00000000 0.00000000 0.00000000 0.00000000 5.25000000 96.25000000
3.56845785 -80.58354400 95.03514528 0.00000000 0.00000000 0.00000000 alpha_import 0 0.00000000 0 0 0.00000000 0.00000000 0.00000000 0.00000000 0.00000000 5.25000000 94.50000000
5.60608068 -80.49890800 92.08145390 0.00000000 0.00000000 0.00000000 alpha_import 0 0.00000000 0 0 0.00000000 0.00000000 0.00000000 0.00000000 0.00000000 5.25000000 92.75000000
6.69947206 -80.52874800 90.40097234 0.00000000 0.00000000 0.00000000 alpha_import 0 0.00000000 0 0 0.00000000 0.00000000 0.00000000 0.00000000 0.00000000 5.25000000 91.00000000
4.62968914 -80.46431200 88.52208931 0.00000000 0.00000000 0.00000000 alpha_import 0 0.00000000 0 0 0.00000000 0.00000000 0.00000000 0.00000000 0.00000000 5.25000000 89.25000000
5.87471967 -80.47136000 87.55559032 0.00000000 0.00000000 0.00000000 alpha_import 0 0.00000000 0 0 0.00000000 0.00000000 0.00000000 0.00000000 0.00000000 5.25000000 87.50000000
3.70259509 -80.38357600 86.00651205 0.00000000 0.00000000 0.00000000 alpha_import 0 0.00000000 0 0 0.00000000 0.00000000 0.00000000 0.00000000 0.00000000 5.25000000 85.75000000
5.31072463 -80.37712400 84.17037067 0.00000000 0.00000000 0.00000000 alpha_import 0 0.00000000 0 0 0.00000000 0.00000000 0.00000000 0.00000000 0.00000000 5.25000000 84.00000000
3.99494815 -80.06725400 26.24383353 0.00000000 0.00000000 0.00000000 alpha_import 0 0.00000000 0 0 0.00000000 0.00000000 0.00000000 0.00000000 0.00000000 5.25000000 26.25000000
4.41173500 -80.09267000 24.29564675 0.00000000 0.00000000 0.00000000 alpha_import 0 0.00000000 0 0 0.00000000 0.00000000 0.00000000 0.00000000 0.00000000 5.25000000 24.50000000
5.46921212 -80.14706400 22.79988766 0.00000000 0.00000000 0.00000000 alpha_import 0 0.00000000 0 0 0.00000000 0.00000000 0.00000000 0.00000000 0.00000000 5.25000000 22.75000000
6.67310785 -80.18766400 21.34882932 0.00000000 0.00000000 0.00000000 alpha_import 0 0.00000000 0 0 0.00000000 0.00000000 0.00000000 0.00000000 0.00000000 5.25000000 21.00000000
6.19454889 -80.21704800 19.05777981 0.00000000 0.00000000 0.00000000 alpha_import 0 0.00000000 0 0 0.00000000 0.00000000 0.00000000 0.00000000 0.00000000 5.25000000 19.25000000
6.17208626 -80.24526400 17.65908031 0.00000000 0.00000000 0.00000000 alpha_import 0 0.00000000 0 0 0.00000000 0.00000000 0.00000000 0.00000000 0.00000000 5.25000000 17.50000000
5.28679572 -80.31440400 15.58738051 0.00000000 0.00000000 0.00000000 alpha_import 0 0.00000000 0 0 0.00000000 0.00000000 0.00000000 0.00000000 0.00000000 5.25000000 15.75000000
3.68514497 -80.38065200 14.35609410 0.00000000 0.00000000 0.00000000 alpha_import 0 0.00000000 0 0 0.00000000 0.00000000 0.00000000 0.00000000 0.00000000 5.25000000 14.00000000
3.80835837 -80.42152800 11.68969136 0.00000000 0.00000000 0.00000000 alpha_import 0 0.00000000 0 0 0.00000000 0.00000000 0.00000000 0.00000000 0.00000000 5.25000000 12.25000000
5.41630437 -80.51696800 9.79615242 0.00000000 0.00000000 0.00000000 alpha_import 0 0.00000000 0 0 0.00000000 0.00000000 0.00000000 0.00000000 0.00000000 5.25000000 10.50000000
3.79452723 -80.62044000 9.30450832 0.00000000 0.00000000 0.00000000 alpha_import 0 0.00000000 0 0 0.00000000 0.00000000 0.00000000 0.00000000 0.00000000 5.25000000 8.75000000
5.71364970 -80.49083200 82.92447098 0.00000000 0.00000000 0.00000000 alpha_import 0 0.00000000 0 0 0.00000000 0.00000000 0.00000000 0.00000000 0.00000000 5.25000000 82.25000000
4.75867227 -80.46601000 80.73069123 0.00000000 0.00000000 0.00000000 alpha_import 0 0.00000000 0 0 0.00000000 0.00000000 0.00000000 0.00000000 0.00000000 5.25000000 80.50000000
6.47457153 -80.43883600 78.76201435 0.00000000 0.00000000 0.00000000 alpha_import 0 0.00000000 0 0 0.00000000 0.00000000 0.00000000 0.00000000 0.00000000 5.25000000 78.75000000
3.60979789 -80.42711200 76.30254329 0.00000000 0.00000000 0.00000000 alpha_import 0 0.00000000 0 0 0.00000000 0.00000000 0.00000000 0.00000000 0.00000000 5.25000000 77.00000000
4.71034195 -80.32811200 74.71743453 0.00000000 0.00000000 0.00000000 alpha_import 0 0.00000000 0 0 0.00000000 0.00000000 0.00000000 0.00000000 0.00000000 5.25000000 75.25000000
5.78812477 -80.28706600 72.84032097 0.00000000 0.00000000 0.00000000 alpha_import 0 0.00000000 0 0 0.00000000 0.00000000 0.00000000 0.00000000 0.00000000 5.25000000 73.50000000
3.65168787 -80.26880400 71.01578738 0.00000000 0.00000000 0.00000000 alpha_import 0 0.00000000 0 0 0.00000000 0.00000000 0.00000000 0.00000000 0.00000000 5.25000000 71.75000000
3.80328593 -80.23600400 69.80219233 0.00000000 0.00000000 0.00000000 alpha_import 0 0.00000000 0 0 0.00000000 0.00000000 0.00000000 0.00000000 0.00000000 5.25000000 70.00000000
6.03277492 -80.23471000 67.61458817 0.00000000 0.00000000 0.00000000 alpha_import 0 0.00000000 0 0 0.00000000 0.00000000 0.00000000 0.00000000 0.00000000 5.25000000 68.25000000
3.82829286 -80.20066600 67.21853570 0.00000000 0.00000000 0.00000000 alpha_import 0 0.00000000 0 0 0.00000000 0.00000000 0.00000000 0.00000000 0.00000000 5.25000000 66.50000000
5.69216012 -80.16776000 64.36616889 0.00000000 0.00000000 0.00000000 alpha_import 0 0.00000000 0 0 0.00000000 0.00000000 0.00000000 0.00000000 0.00000000 5.25000000 64.75000000
6.54998250 -80.14996400 63.37995375 0.00000000 0.00000000 0.00000000 alpha_import 0 0.00000000 0 0 0.00000000 0.00000000 0.00000000 0.00000000 0.00000000 5.25000000 63.00000000
3.81446866 -80.13386000 61.21212077 0.00000000 0.00000000 0.00000000 alpha_import 0 0.00000000 0 0 0.00000000 0.00000000 0.00000000 0.00000000 0.00000000 5.25000000 61.25000000
5.54498048 -80.11689400 59.75591180 0.00000000 0.00000000 0.00000000 alpha_import 0 0.00000000 0 0 0.00000000 0.00000000 0.00000000 0.00000000 0.00000000 5.25000000 59.50000000
6.60991636 -80.10553600 57.95141308 0.00000000 0.00000000 0.00000000 alpha_import 0 0.00000000 0 0 0.00000000 0.00000000 0.00000000 0.00000000 0.00000000 5.25000000 57.75000000
3.93353908 -80.07528600 55.63219058 0.00000000 0.00000000 0.00000000 alpha_import 0 0.00000000 0 0 0.00000000 0.00000000 0.00000000 0.00000000 0.00000000 5.25000000 56.00000000
1.16073704 -80.52624600 138.84317118 0.00000000 0.00000000 0.00000000 alpha_import 0 0.00000000 0 0 0.00000000 0.00000000 0.00000000 0.00000000 0.00000000 1.75000000 138.25000000
2.20947564 -80.57277200 136.19288498 0.00000000 0.00000000 0.00000000 alpha_import 0 0.00000000 0 0 0.00000000 0.00000000 0.00000000 0.00000000 0.00000000 1.75000000 136.50000000
0.23338096 -80.70567000 134.09597112 0.00000000 0.00000000 0.00000000 alpha_import 0 0.00000000 0 0 0.00000000 0.00000000 0.00000000 0.00000000 0.00000000 1.75000000 134.75000000
1.87471919 -80.83578400 132.31919494 0.00000000 0.00000000 0.00000000 alpha_import 0 0.00000000 0 0 0.00000000 0.00000000 0.00000000 0.00000000 0.00000000 1.75000000 133.00000000
2.19560095 -80.97003200 131.91540950 0.00000000 0.00000000 0.00000000 alpha_import 0 0.00000000 0 0 0.00000000 0.00000000 0.00000000 0.00000000 0.00000000 1.75000000 131.25000000
1.06454019 -81.07584800 130.10318690 0.00000000 0.00000000 0.00000000 alpha_import 0 0.00000000 0 0 0.00000000 0.00000000 0.00000000 0.00000000 0.00000000 1.75000000 129.50000000
2.69225107 -81.09466600 127.81579714 0.00000000 0.00000000 0.00000000 alpha_import 0 0.00000000 0 0 0.00000000 0.00000000 0.00000000 0.00000000 0.00000000 1.75000000 127.75000000
0.09968175 -81.15150000 126.31416852 0.00000000 0.00000000 0.00000000 alpha_import 0 0.00000000 0 0 0.00000000 0.00000000 0.00000000 0.00000000 0.00000000 1.75000000 126.00000000
3.05190064 -81.20212000 124.89862580 0.00000000 0.00000000 0.00000000 alpha_import 0 0.00000000 0 0 0.00000000 0.00000000 0.00000000 0.00000000 0.00000000 1.75000000 124.25000000
4.44374465 -81.14268800 122.27191117 0.00000000 0.00000000 0.00000000 alpha_import 0 0.00000000 0 0 0.00000000 0.00000000 0.00000000 0.00000000 0.00000000 5.25000000 122.50000000
2.52502220 -81.14964000 122.31057730 0.00000000 0.00000000 0.00000000 alpha_import 0 0.00000000 0 0 0.00000000 0.00000000 0.00000000 0.00000000 0.00000000 1.75000000 122.50000000
5.74352362 -81.10768000 120.09277227 0.00000000 0.00000000 0.00000000 alpha_import 0 0.00000000 0 0 0.00000000 0.00000000 0.00000000 0.00000000 0.00000000 5.25000000 120.75000000
1.12700901 -81.14640600 121.09236979 0.00000000 0.00000000 0.00000000 alpha_import 0 0.00000000 0 0 0.00000000 0.00000000 0.00000000 0.00000000 0.00000000 1.75000000 120.75000000
6.92152050 -81.17603200 119.21593581 0.00000000 0.00000000 0.00000000 alpha_import 0 0.00000000 0 0 0.00000000 0.00000000 0.00000000 0.00000000 0.00000000 5.25000000 119.00000000
2.55607445 -81.19322000 118.50782797 0.00000000 0.00000000 0.00000000 alpha_import 0 0.00000000 0 0 0.00000000 0.00000000 0.00000000 0.00000000 0.00000000 1.75000000 119.00000000
6.06275475 -81.11615600 116.90750139 0.00000000 0.00000000 0.00000000 alpha_import 0 0.00000000 0 0 0.00000000 0.00000000 0.00000000 0.00000000 0.00000000 5.25000000 117.25000000
2.58042896 -81.15891200 116.79140654 0.00000000 0.00000000 0.00000000 alpha_import 0 0.00000000 0 0 0.00000000 0.00000000 0.00000000 0.00000000 0.00000000 1.75000000 117.25000000
4.30136872 -81.12749000 115.05159149 0.00000000 0.00000000 0.00000000 alpha_import 0 0.00000000 0 0 0.00000000 0.00000000 0.00000000 0.00000000 0.00000000 5.25000000 115.50000000
0.74111004 -81.14156000 115.89056909 0.00000000 0.00000000 0.00000000 alpha_import 0 0.00000000 0 0 0.00000000 0.00000000 0.00000000 0.00000000 0.00000000 1.75000000 115.50000000
6.67921409 -81.08764000 114.29956878 0.00000000 0.00000000 0.00000000 alpha_import 0 0.00000000 0 0 0.00000000 0.00000000 0.00000000 0.00000000 0.00000000 5.25000000 113.75000000
2.92194545 -81.07373000 113.09847167 0.00000000 0.00000000 0.00000000 alpha_import 0 0.00000000 0 0 0.00000000 0.00000000 0.00000000 0.00000000 0.00000000 1.75000000 113.75000000
6.36061591 -81.06693200 111.61973649 0.00000000 0.00000000 0.00000000 alpha_import 0 0.00000000 0 0 0.00000000 0.00000000 0.00000000 0.00000000 0.00000000 5.25000000 112.00000000
10.09472019 -80.90285000 110.11052290 0.00000000 0.00000000 0.00000000 alpha_import 0 0.00000000 0 0 0.00000000 0.00000000 0.00000000 0.00000000 0.00000000 8.75000000 110.25000000
9.97434737 -80.86774000 107.79005816 0.00000000 0.00000000 0.00000000 alpha_import 0 0.00000000 0 0 0.00000000 0.00000000 0.00000000 0.00000000 0.00000000 8.75000000 108.50000000
9.77185099 -80.91506000 106.17091111 0.00000000 0.00000000 0.00000000 alpha_import 0 0.00000000 0 0 0.00000000 0.00000000 0.00000000 0.00000000 0.00000000 8.75000000 106.75000000
9.61714955 -80.82948000 105.21136933 0.00000000 0.00000000 0.00000000 alpha_import 0 0.00000000 0 0 0.00000000 0.00000000 0.00000000 0.00000000 0.00000000 8.75000000 105.00000000
7.94278918 -80.75431600 102.74504199 0.00000000 0.00000000 0.00000000 alpha_import 0 0.00000000 0 0 0.00000000 0.00000000 0.00000000 0.00000000 0.00000000 8.75000000 103.25000000
8.29037088 -80.75066000 101.11578265 0.00000000 0.00000000 0.00000000 alpha_import 0 0.00000000 0 0 0.00000000 0.00000000 0.00000000 0.00000000 0.00000000 8.75000000 101.50000000
7.63785797 -80.72380000 100.40976916 0.00000000 0.00000000 0.00000000 alpha_import 0 0.00000000 0 0 0.00000000 0.00000000 0.00000000 0.00000000 0.00000000 8.75000000 99.75000000
8.66414394 -80.71042400 98.53760553 0.00000000 0.00000000 0.00000000 alpha_import 0 0.00000000 0 0 0.00000000 0.00000000 0.00000000 0.00000000 0.00000000 8.75000000 98.00000000
7.65799850 -80.73081000 96.21295818 0.00000000 0.00000000 0.00000000 alpha_import 0 0.00000000 0 0 0.00000000 0.00000000 0.00000000 0.00000000 0.00000000 8.75000000 96.25000000
10.29108748 -80.60661600 94.02166142 0.00000000 0.00000000 0.00000000 alpha_import 0 0.00000000 0 0 0.00000000 0.00000000 0.00000000 0.00000000 0.00000000 8.75000000 94.50000000
10.07012008 -80.60172000 93.20554320 0.00000000 0.00000000 0.00000000 alpha_import 0 0.00000000 0 0 0.00000000 0.00000000 0.00000000 0.00000000 0.00000000 8.75000000 92.75000000
9.46407067 -80.57605000 90.67083476 0.00000000 0.00000000 0.00000000 alpha_import 0 0.00000000 0 0 0.00000000 0.00000000 0.00000000 0.00000000 0.00000000 8.75000000 91.00000000
8.35977739 -80.50369200 88.95450054 0.00000000 0.00000000 0.00000000 alpha_import 0 0.00000000 0 0 0.00000000 0.00000000 0.00000000 0.00000000 0.00000000 8.75000000 89.25000000
9.05141355 -80.49049600 87.66029209 0.00000000 0.00000000 0.00000000 alpha_import 0 0.00000000 0 0 0.00000000 0.00000000 0.00000000 0.00000000 0.00000000 8.75000000 87.50000000
7.18092689 -80.42612000 85.92610539 0.00000000 0.00000000 0.00000000 alpha_import 0 0.00000000 0 0 0.00000000 0.00000000 0.00000000 0.00000000 0.00000000 8.75000000 85.75000000
10.06389333 -80.38360000 84.65114827 0.00000000 0.00000000 0.00000000 alpha_import 0 0.00000000 0 0 0.00000000 0.00000000 0.00000000 0.00000000 0.00000000 8.75000000 84.00000000
10.08493120 -80.35004000 82.00077508 0.00000000 0.00000000 0.00000000 alpha_import 0 0.00000000 0 0 0.00000000 0.00000000 0.00000000 0.00000000 0.00000000 8.75000000 82.25000000
8.37309338 -80.27464600 80.44575790 0.00000000 0.00000000 0.00000000 alpha_import 0 0.00000000 0 0 0.00000000 0.00000000 0.00000000 0.00000000 0.00000000 8.75000000 80.50000000
9.37957520 -80.29133400 79.01833579 0.00000000 0.00000000 0.00000000 alpha_import 0 0.00000000 0 0 0.00000000 0.00000000 0.00000000 0.00000000 0.00000000 8.75000000 78.75000000
8.73686633 -80.22485400 77.69473492 0.00000000 0.00000000 0.00000000 alpha_import 0 0.00000000 0 0 0.00000000 0.00000000 0.00000000 0.00000000 0.00000000 8.75000000 77.00000000
8.06158968 -80.21948000 75.26933373 0.00000000 0.00000000 0.00000000 alpha_import 0 0.00000000 0 0 0.00000000 0.00000000 0.00000000 0.00000000 0.00000000 8.75000000 75.25000000
10.03616233 -80.17071000 74.01024176 0.00000000 0.00000000 0.00000000 alpha_import 0 0.00000000 0 0 0.00000000 0.00000000 0.00000000 0.00000000 0.00000000 8.75000000 73.50000000
7.87736567 -80.16828600 71.83110780 0.00000000 0.00000000 0.00000000 alpha_import 0 0.00000000 0 0 0.00000000 0.00000000 0.00000000 0.00000000 0.00000000 8.75000000 71.75000000
7.60042730 -80.12033600 69.35642881 0.00000000 0.00000000 0.00000000 alpha_import 0 0.00000000 0 0 0.00000000 0.00000000 0.00000000 0.00000000 0.00000000 8.75000000 70.00000000
9.37892430 -80.10285600 67.61637071 0.00000000 0.00000000 0.00000000 alpha_import 0 0.00000000 0 0 0.00000000 0.00000000 0.00000000 0.00000000 0.00000000 8.75000000 68.25000000
7.55201948 -79.99659400 66.80890982 0.00000000 0.00000000 0.00000000 alpha_import 0 0.00000000 0 0 0.00000000 0.00000000 0.00000000 0.00000000 0.00000000 8.75000000 66.50000000
7.24335981 -80.05268000 64.64875768 0.00000000 0.00000000 0.00000000 alpha_import 0 0.00000000 0 0 0.00000000 0.00000000 0.00000000 0.00000000 0.00000000 8.75000000 64.75000000
9.63341952 -80.02599400 63.47907075 0.00000000 0.00000000 0.00000000 alpha_import 0 0.00000000 0 0 0.00000000 0.00000000 0.00000000 0.00000000 0.00000000 8.75000000 63.00000000
8.89449581 -79.98946000 60.52730747 0.00000000 0.00000000 0.00000000 alpha_import 0 0.00000000 0 0 0.00000000 0.00000000 0.00000000 0.00000000 0.00000000 8.75000000 61.25000000
8.78050770 -79.98207400 59.81360556 0.00000000 0.00000000 0.00000000 alpha_import 0 0.00000000 0 0 0.00000000 0.00000000 0.00000000 0.00000000 0.00000000 8.75000000 59.50000000
7.46472220 -79.97646000 57.71164981 0.00000000 0.00000000 0.00000000 alpha_import 0 0.00000000 0 0 0.00000000 0.00000000 0.00000000 0.00000000 0.00000000 8.75000000 57.75000000
9.47575663 -79.96946000 56.30698777 0.00000000 0.00000000 0.00000000 alpha_import 0 0.00000000 0 0 0.00000000 0.00000000 0.00000000 0.00000000 0.00000000 8.75000000 56.00000000
8.52265539 -80.00272000 53.67776589 0.00000000 0.00000000 0.00000000 alpha_import 0 0.00000000 0 0 0.00000000 0.00000000 0.00000000 0.00000000 0.00000000 8.75000000 54.25000000
7.48414822 -79.93516000 52.98633991 0.00000000 0.00000000 0.00000000 alpha_import 0 0.00000000 0 0 0.00000000 0.00000000 0.00000000 0.00000000 0.00000000 8.75000000 52.50000000
8.72654480 -79.96422800 50.87792931 0.00000000 0.00000000 0.00000000 alpha_import 0 0.00000000 0 0 0.00000000 0.00000000 0.00000000 0.00000000 0.00000000 8.75000000 50.75000000
7.93083607 -79.94484000 49.09970220 0.00000000 0.00000000 0.00000000 alpha_import 0 0.00000000 0 0 0.00000000 0.00000000 0.00000000 0.00000000 0.00000000 8.75000000 49.00000000
9.05410473 -79.89648400 46.94868304 0.00000000 0.00000000 0.00000000 alpha_import 0 0.00000000 0 0 0.00000000 0.00000000 0.00000000 0.00000000 0.00000000 8.75000000 47.25000000
8.94975401 -79.92186800 45.89818375 0.00000000 0.00000000 0.00000000 alpha_import 0 0.00000000 0 0 0.00000000 0.00000000 0.00000000 0.00000000 0.00000000 8.75000000 45.50000000
8.24391464 -79.94690000 43.82093827 0.00000000 0.00000000 0.00000000 alpha_import 0 0.00000000 0 0 0.00000000 0.00000000 0.00000000 0.00000000 0.00000000 8.75000000 43.75000000
8.01790194 -79.91894600 42.20560388 0.00000000 0.00000000 0.00000000 alpha_import 0 0.00000000 0 0 0.00000000 0.00000000 0.00000000 0.00000000 0.00000000 8.75000000 42.00000000
8.29458553 -79.88376000 40.73087719 0.00000000 0.00000000 0.00000000 alpha_import 0 0.00000000 0 0 0.00000000 0.00000000 0.00000000 0.00000000 0.00000000 8.75000000 40.25000000
9.43001607 -79.89639200 38.95867408 0.00000000 0.00000000 0.00000000 alpha_import 0 0.00000000 0 0 0.00000000 0.00000000 0.00000000 0.00000000 0.00000000 8.75000000 38.50000000
9.30025791 -79.93079200 36.70377014 0.00000000 0.00000000 0.00000000 alpha_import 0 0.00000000 0 0 0.00000000 0.00000000 0.00000000 0.00000000 0.00000000 8.75000000 36.75000000
8.60358151 -79.93516800 35.59388374 0.00000000 0.00000000 0.00000000 alpha_import 0 0.00000000 0 0 0.00000000 0.00000000 0.00000000 0.00000000 0.00000000 8.75000000 35.00000000
10.41894715 -79.95033000 32.91360707 0.00000000 0.00000000 0.00000000 alpha_import 0 0.00000000 0 0 0.00000000 0.00000000 0.00000000 0.00000000 0.00000000 8.75000000 33.25000000
7.27611972 -79.91805400 31.64563884 0.00000000 0.00000000 0.00000000 alpha_import 0 0.00000000 0 0 0.00000000 0.00000000 0.00000000 0.00000000 0.00000000 8.75000000 31.50000000
7.14074765 -79.95311200 29.89503267 0.00000000 0.00000000 0.00000000 alpha_import 0 0.00000000 0 0 0.00000000 0.00000000 0.00000000 0.00000000 0.00000000 8.75000000 29.75000000
9.21530559 -79.93694400 27.27515908 0.00000000 0.00000000 0.00000000 alpha_import 0 0.00000000 0 0 0.00000000 0.00000000 0.00000000 0.00000000 0.00000000 8.75000000 28.00000000
7.38085281 -79.99845600 25.83824608 0.00000000 0.00000000 0.00000000 alpha_import 0 0.00000000 0 0 0.00000000 0.00000000 0.00000000 0.00000000 0.00000000 8.75000000 26.25000000
7.10356963 -79.97691600 23.80379098 0.00000000 0.00000000 0.00000000 alpha_import 0 0.00000000 0 0 0.00000000 0.00000000 0.00000000 0.00000000 0.00000000 8.75000000 24.50000000
9.96231969 -80.19044000 23.12801374 0.00000000 0.00000000 0.00000000 alpha_import 0 0.00000000 0 0 0.00000000 0.00000000 0.00000000 0.00000000 0.00000000 8.75000000 22.75000000
8.82647301 -80.10503000 21.18838784 0.00000000 0.00000000 0.00000000 alpha_import 0 0.00000000 0 0 0.00000000 0.00000000 0.00000000 0.00000000 0.00000000 8.75000000 21.00000000
8.29310358 -80.17691600 18.80670519 0.00000000 0.00000000 0.00000000 alpha_import 0 0.00000000 0 0 0.00000000 0.00000000 0.00000000 0.00000000 0.00000000 8.75000000 19.25000000
7.51103802 -80.21966600 16.99153223 0.00000000 0.00000000 0.00000000 alpha_import 0 0.00000000 0 0 0.00000000 0.00000000 0.00000000 0.00000000 0.00000000 8.75000000 17.50000000
10.33912247 -80.23193400 15.12871814 0.00000000 0.00000000 0.00000000 alpha_import 0 0.00000000 0 0 0.00000000 0.00000000 0.00000000 0.00000000 0.00000000 8.75000000 15.75000000
7.45467149 -80.25534000 14.20522994 0.00000000 0.00000000 0.00000000 alpha_import 0 0.00000000 0 0 0.00000000 0.00000000 0.00000000 0.00000000 0.00000000 8.75000000 14.00000000
8.76567448 -80.26061400 12.21171767 0.00000000 0.00000000 0.00000000 alpha_import 0 0.00000000 0 0 0.00000000 0.00000000 0.00000000 0.00000000 0.00000000 8.75000000 12.25000000
9.40970013 -80.44523400 9.95693757 0.00000000 0.00000000 0.00000000 alpha_import 0 0.00000000 0 0 0.00000000 0.00000000 0.00000000 0.00000000 0.00000000 8.75000000 10.50000000
9.64774378 -80.52656800 8.48323802 0.00000000 0.00000000 0.00000000 alpha_import 0 0.00000000 0 0 0.00000000 0.00000000 0.00000000 0.00000000 0.00000000 8.75000000 8.75000000
