x_fit y_fit z_fit t_global t_waveform t_si timingMethod timingSuccess timingScore isSaturated nSaturatedBins saturatedFraction observedPeak baseline peakAmplitude padEnergyMeV x_orig z_orig
16.62500000 -80.06458500 161.00000000 0.00000000 0.00000000 0.00000000 alpha_import 0 0.00000000 0 0 0.00000000 0.00000000 0.00000000 0.00000000 0.00000000 16.62500000 161.00000000
18.37500000 -80.70702900 164.50000000 0.00000000 0.00000000 0.00000000 alpha_import 0 0.00000000 0 0 0.00000000 0.00000000 0.00000000 0.00000000 0.00000000 18.37500000 164.50000000
20.12500000 -81.47042900 168.00000000 0.00000000 0.00000000 0.00000000 alpha_import 0 0.00000000 0 0 0.00000000 0.00000000 0.00000000 0.00000000 0.00000000 20.12500000 168.00000000
25.37500000 -83.13095400 175.00000000 0.00000000 0.00000000 0.00000000 alpha_import 0 0.00000000 0 0 0.00000000 0.00000000 0.00000000 0.00000000 0.00000000 25.37500000 175.00000000
27.12500000 -83.83996000 178.50000000 0.00000000 0.00000000 0.00000000 alpha_import 0 0.00000000 0 0 0.00000000 0.00000000 0.00000000 0.00000000 0.00000000 27.12500000 178.50000000
28.87500000 -84.58088600 182.00000000 0.00000000 0.00000000 0.00000000 alpha_import 0 0.00000000 0 0 0.00000000 0.00000000 0.00000000 0.00000000 0.00000000 28.87500000 182.00000000
35.87500000 -86.97385200 192.50000000 0.00000000 0.00000000 0.00000000 alpha_import 0 0.00000000 0 0 0.00000000 0.00000000 0.00000000 0.00000000 0.00000000 35.87500000 192.50000000
37.62500000 -87.74894400 196.00000000 0.00000000 0.00000000 0.00000000 alpha_import 0 0.00000000 0 0 0.00000000 0.00000000 0.00000000 0.00000000 0.00000000 37.62500000 196.00000000
39.37500000 -88.39874900 199.50000000 0.00000000 0.00000000 0.00000000 alpha_import 0 0.00000000 0 0 0.00000000 0.00000000 0.00000000 0.00000000 0.00000000 39.37500000 199.50000000
41.12500000 -89.18608100 203.00000000 0.00000000 0.00000000 0.00000000 alpha_import 0 0.00000000 0 0 0.00000000 0.00000000 0.00000000 0.00000000 0.00000000 41.12500000 203.00000000
48.12500000 -91.79642500 213.50000000 0.00000000 0.00000000 0.00000000 alpha_import 0 0.00000000 0 0 0.00000000 0.00000000 0.00000000 0.00000000 0.00000000 48.12500000 213.50000000
49.87500000 -92.50569200 217.00000000 0.00000000 0.00000000 0.00000000 alpha_import 0 0.00000000 0 0 0.00000000 0.00000000 0.00000000 0.00000000 0.00000000 49.87500000 217.00000000
-6.14628347 -71.53830600 54.35604514 0.00000000 0.00000000 0.00000000 alpha_import 0 0.00000000 0 0 0.00000000 0.00000000 0.00000000 0.00000000 0.00000000 -5.25000000 54.25000000
-6.40681927 -71.53067600 52.34115401 0.00000000 0.00000000 0.00000000 alpha_import 0 0.00000000 0 0 0.00000000 0.00000000 0.00000000 0.00000000 0.00000000 -5.25000000 52.50000000
-4.10036729 -71.54364000 51.02673369 0.00000000 0.00000000 0.00000000 alpha_import 0 0.00000000 0 0 0.00000000 0.00000000 0.00000000 0.00000000 0.00000000 -5.25000000 50.75000000
-5.74072929 -71.52328000 48.88646577 0.00000000 0.00000000 0.00000000 alpha_import 0 0.00000000 0 0 0.00000000 0.00000000 0.00000000 0.00000000 0.00000000 -5.25000000 49.00000000
-5.33980871 -71.59019200 47.70622772 0.00000000 0.00000000 0.00000000 alpha_import 0 0.00000000 0 0 0.00000000 0.00000000 0.00000000 0.00000000 0.00000000 -5.25000000 47.25000000
-4.51463194 -71.55794600 45.36415587 0.00000000 0.00000000 0.00000000 alpha_import 0 0.00000000 0 0 0.00000000 0.00000000 0.00000000 0.00000000 0.00000000 -5.25000000 45.50000000
-5.98888491 -71.55894800 43.31597979 0.00000000 0.00000000 0.00000000 alpha_import 0 0.00000000 0 0 0.00000000 0.00000000 0.00000000 0.00000000 0.00000000 -5.25000000 43.75000000
-4.24372408 -71.58280600 41.26275932 0.00000000 0.00000000 0.00000000 alpha_import 0 0.00000000 0 0 0.00000000 0.00000000 0.00000000 0.00000000 0.00000000 -5.25000000 42.00000000
-2.14148678 -71.58395400 40.44810784 0.00000000 0.00000000 0.00000000 alpha_import 0 0.00000000 0 0 0.00000000 0.00000000 0.00000000 0.00000000 0.00000000 -1.75000000 40.25000000
-3.57213315 -71.59787000 40.52772891 0.00000000 0.00000000 0.00000000 alpha_import 0 0.00000000 0 0 0.00000000 0.00000000 0.00000000 0.00000000 0.00000000 -5.25000000 40.25000000
-4.29452889 -71.60440600 39.00297458 0.00000000 0.00000000 0.00000000 alpha_import 0 0.00000000 0 0 0.00000000 0.00000000 0.00000000 0.00000000 0.00000000 -5.25000000 38.50000000
-2.71973866 -71.60191600 37.31783459 0.00000000 0.00000000 0.00000000 alpha_import 0 0.00000000 0 0 0.00000000 0.00000000 0.00000000 0.00000000 0.00000000 -1.75000000 36.75000000
-6.09352478 -71.62543400 36.18895870 0.00000000 0.00000000 0.00000000 alpha_import 0 0.00000000 0 0 0.00000000 0.00000000 0.00000000 0.00000000 0.00000000 -5.25000000 36.75000000
-1.55231827 -71.62215000 34.50647489 0.00000000 0.00000000 0.00000000 alpha_import 0 0.00000000 0 0 0.00000000 0.00000000 0.00000000 0.00000000 0.00000000 -1.75000000 35.00000000
-5.50471392 -71.71965400 34.67054591 0.00000000 0.00000000 0.00000000 alpha_import 0 0.00000000 0 0 0.00000000 0.00000000 0.00000000 0.00000000 0.00000000 -5.25000000 35.00000000
-0.88957848 -71.68848800 33.47979835 0.00000000 0.00000000 0.00000000 alpha_import 0 0.00000000 0 0 0.00000000 0.00000000 0.00000000 0.00000000 0.00000000 -1.75000000 33.25000000
-5.14725729 -71.67229600 33.55019443 0.00000000 0.00000000 0.00000000 alpha_import 0 0.00000000 0 0 0.00000000 0.00000000 0.00000000 0.00000000 0.00000000 -5.25000000 33.25000000
-2.44305089 -71.70298000 31.73794524 0.00000000 0.00000000 0.00000000 alpha_import 0 0.00000000 0 0 0.00000000 0.00000000 0.00000000 0.00000000 0.00000000 -1.75000000 31.50000000
-4.22400918 -71.71760000 31.72510537 0.00000000 0.00000000 0.00000000 alpha_import 0 0.00000000 0 0 0.00000000 0.00000000 0.00000000 0.00000000 0.00000000 -5.25000000 31.50000000
-2.89672206 -71.80251400 29.90307057 0.00000000 0.00000000 0.00000000 alpha_import 0 0.00000000 0 0 0.00000000 0.00000000 0.00000000 0.00000000 0.00000000 -1.75000000 29.75000000
-3.85464728 -71.71598600 29.12129133 0.00000000 0.00000000 0.00000000 alpha_import 0 0.00000000 0 0 0.00000000 0.00000000 0.00000000 0.00000000 0.00000000 -5.25000000 29.75000000
-3.10718039 -71.79416000 27.43149331 0.00000000 0.00000000 0.00000000 alpha_import 0 0.00000000 0 0 0.00000000 0.00000000 0.00000000 0.00000000 0.00000000 -1.75000000 28.00000000
-4.55421096 -71.79686800 28.54432494 0.00000000 0.00000000 0.00000000 alpha_import 0 0.00000000 0 0 0.00000000 0.00000000 0.00000000 0.00000000 0.00000000 -5.25000000 28.00000000
-4.83670383 -72.08789000 110.04509791 0.00000000 0.00000000 0.00000000 alpha_import 0 0.00000000 0 0 0.00000000 0.00000000 0.00000000 0.00000000 0.00000000 -5.25000000 110.25000000
-6.52774019 -72.00465000 108.53693097 0.00000000 0.00000000 0.00000000 alpha_import 0 0.00000000 0 0 0.00000000 0.00000000 0.00000000 0.00000000 0.00000000 -5.25000000 108.50000000
-4.77045936 -72.04600000 106.22744991 0.00000000 0.00000000 0.00000000 alpha_import 0 0.00000000 0 0 0.00000000 0.00000000 0.00000000 0.00000000 0.00000000 -5.25000000 106.75000000
-4.19648536 -71.98180600 105.40054941 0.00000000 0.00000000 0.00000000 alpha_import 0 0.00000000 0 0 0.00000000 0.00000000 0.00000000 0.00000000 0.00000000 -5.25000000 105.00000000
-6.67346042 -71.94397600 103.21664399 0.00000000 0.00000000 0.00000000 alpha_import 0 0.00000000 0 0 0.00000000 0.00000000 0.00000000 0.00000000 0.00000000 -5.25000000 103.25000000
-5.79944553 -71.93616000 101.18144822 0.00000000 0.00000000 0.00000000 alpha_import 0 0.00000000 0 0 0.00000000 0.00000000 0.00000000 0.00000000 0.00000000 -5.25000000 101.50000000
-6.79950125 -71.90744600 99.72783548 0.00000000 0.00000000 0.00000000 alpha_import 0 0.00000000 0 0 0.00000000 0.00000000 0.00000000 0.00000000 0.00000000 -5.25000000 99.75000000
-4.23549423 -71.87406000 97.52017963 0.00000000 0.00000000 0.00000000 alpha_import 0 0.00000000 0 0 0.00000000 0.00000000 0.00000000 0.00000000 0.00000000 -5.25000000 98.00000000
-4.58462176 -71.87686800 96.75480213 0.00000000 0.00000000 0.00000000 alpha_import 0 0.00000000 0 0 0.00000000 0.00000000 0.00000000 0.00000000 0.00000000 -5.25000000 96.25000000
-6.68015512 -71.83941000 94.37676012 0.00000000 0.00000000 0.00000000 alpha_import 0 0.00000000 0 0 0.00000000 0.00000000 0.00000000 0.00000000 0.00000000 -5.25000000 94.50000000
-4.26488226 -71.82809400 93.38329132 0.00000000 0.00000000 0.00000000 alpha_import 0 0.00000000 0 0 0.00000000 0.00000000 0.00000000 0.00000000 0.00000000 -5.25000000 92.75000000
-3.99365291 -71.77939400 91.30812815 0.00000000 0.00000000 0.00000000 alpha_import 0 0.00000000 0 0 0.00000000 0.00000000 0.00000000 0.00000000 0.00000000 -5.25000000 91.00000000
-6.70377281 -71.74354000 89.37888631 0.00000000 0.00000000 0.00000000 alpha_import 0 0.00000000 0 0 0.00000000 0.00000000 0.00000000 0.00000000 0.00000000 -5.25000000 89.25000000
-6.87017372 -71.68990400 87.06704834 0.00000000 0.00000000 0.00000000 alpha_import 0 0.00000000 0 0 0.00000000 0.00000000 0.00000000 0.00000000 0.00000000 -5.25000000 87.50000000
-6.31169179 -71.67209400 85.55552048 0.00000000 0.00000000 0.00000000 alpha_import 0 0.00000000 0 0 0.00000000 0.00000000 0.00000000 0.00000000 0.00000000 -5.25000000 85.75000000
-3.60703398 -71.68038400 83.45933977 0.00000000 0.00000000 0.00000000 alpha_import 0 0.00000000 0 0 0.00000000 0.00000000 0.00000000 0.00000000 0.00000000 -5.25000000 84.00000000
6.53872116 -75.91148000 141.94745028 0.00000000 0.00000000 0.00000000 alpha_import 0 0.00000000 0 0 0.00000000 0.00000000 0.00000000 0.00000000 0.00000000 5.25000000 141.75000000
-6.00303551 -71.09789400 139.37677925 0.00000000 0.00000000 0.00000000 alpha_import 0 0.00000000 0 0 0.00000000 0.00000000 0.00000000 0.00000000 0.00000000 -5.25000000 140.00000000
-4.04385949 -72.02837600 26.31928345 0.00000000 0.00000000 0.00000000 alpha_import 0 0.00000000 0 0 0.00000000 0.00000000 0.00000000 0.00000000 0.00000000 -5.25000000 26.25000000
-2.98770221 -72.02729400 26.98582118 0.00000000 0.00000000 0.00000000 alpha_import 0 0.00000000 0 0 0.00000000 0.00000000 0.00000000 0.00000000 0.00000000 -1.75000000 26.25000000
-5.37311095 -72.07978000 24.98924416 0.00000000 0.00000000 0.00000000 alpha_import 0 0.00000000 0 0 0.00000000 0.00000000 0.00000000 0.00000000 0.00000000 -5.25000000 24.50000000
-2.67976375 -72.11165200 24.28473041 0.00000000 0.00000000 0.00000000 alpha_import 0 0.00000000 0 0 0.00000000 0.00000000 0.00000000 0.00000000 0.00000000 -1.75000000 24.50000000
-3.71538900 -72.12609200 23.44265662 0.00000000 0.00000000 0.00000000 alpha_import 0 0.00000000 0 0 0.00000000 0.00000000 0.00000000 0.00000000 0.00000000 -5.25000000 22.75000000
-3.15343598 -72.15250800 23.23829808 0.00000000 0.00000000 0.00000000 alpha_import 0 0.00000000 0 0 0.00000000 0.00000000 0.00000000 0.00000000 0.00000000 -1.75000000 22.75000000
-4.33328701 -72.16686400 20.75071686 0.00000000 0.00000000 0.00000000 alpha_import 0 0.00000000 0 0 0.00000000 0.00000000 0.00000000 0.00000000 0.00000000 -5.25000000 21.00000000
-1.96459156 -72.14306600 21.61469161 0.00000000 0.00000000 0.00000000 alpha_import 0 0.00000000 0 0 0.00000000 0.00000000 0.00000000 0.00000000 0.00000000 -1.75000000 21.00000000
-5.02693412 -72.24029600 18.92852276 0.00000000 0.00000000 0.00000000 alpha_import 0 0.00000000 0 0 0.00000000 0.00000000 0.00000000 0.00000000 0.00000000 -5.25000000 19.25000000
-0.84860333 -72.24307200 19.55175343 0.00000000 0.00000000 0.00000000 alpha_import 0 0.00000000 0 0 0.00000000 0.00000000 0.00000000 0.00000000 0.00000000 -1.75000000 19.25000000
-5.44973133 -72.29516000 17.03413005 0.00000000 0.00000000 0.00000000 alpha_import 0 0.00000000 0 0 0.00000000 0.00000000 0.00000000 0.00000000 0.00000000 -5.25000000 17.50000000
-1.71821001 -72.28330600 17.28202242 0.00000000 0.00000000 0.00000000 alpha_import 0 0.00000000 0 0 0.00000000 0.00000000 0.00000000 0.00000000 0.00000000 -1.75000000 17.50000000
-3.71647820 -72.33530000 15.15636326 0.00000000 0.00000000 0.00000000 alpha_import 0 0.00000000 0 0 0.00000000 0.00000000 0.00000000 0.00000000 0.00000000 -5.25000000 15.75000000
-1.97251043 -72.31419000 15.44142238 0.00000000 0.00000000 0.00000000 alpha_import 0 0.00000000 0 0 0.00000000 0.00000000 0.00000000 0.00000000 0.00000000 -1.75000000 15.75000000
-5.51290543 -72.40978000 14.08283800 0.00000000 0.00000000 0.00000000 alpha_import 0 0.00000000 0 0 0.00000000 0.00000000 0.00000000 0.00000000 0.00000000 -5.25000000 14.00000000
-0.81045873 -72.41284800 13.43875307 0.00000000 0.00000000 0.00000000 alpha_import 0 0.00000000 0 0 0.00000000 0.00000000 0.00000000 0.00000000 0.00000000 -1.75000000 14.00000000
-3.73943753 -72.41566800 12.50462478 0.00000000 0.00000000 0.00000000 alpha_import 0 0.00000000 0 0 0.00000000 0.00000000 0.00000000 0.00000000 0.00000000 -5.25000000 12.25000000
-1.81926571 -72.50892000 11.90781370 0.00000000 0.00000000 0.00000000 alpha_import 0 0.00000000 0 0 0.00000000 0.00000000 0.00000000 0.00000000 0.00000000 -1.75000000 12.25000000
-4.30890223 -72.54830400 9.83990496 0.00000000 0.00000000 0.00000000 alpha_import 0 0.00000000 0 0 0.00000000 0.00000000 0.00000000 0.00000000 0.00000000 -5.25000000 10.50000000
-1.13549066 -72.59372000 9.97087540 0.00000000 0.00000000 0.00000000 alpha_import 0 0.00000000 0 0 0.00000000 0.00000000 0.00000000 0.00000000 0.00000000 -1.75000000 10.50000000
-6.78447780 -72.62645200 8.79262933 0.00000000 0.00000000 0.00000000 alpha_import 0 0.00000000 0 0 0.00000000 0.00000000 0.00000000 0.00000000 0.00000000 -5.25000000 8.75000000
-3.01989801 -72.66170000 8.34190086 0.00000000 0.00000000 0.00000000 alpha_import 0 0.00000000 0 0 0.00000000 0.00000000 0.00000000 0.00000000 0.00000000 -1.75000000 8.75000000
-5.08172698 -71.83314000 82.75924846 0.00000000 0.00000000 0.00000000 alpha_import 0 0.00000000 0 0 0.00000000 0.00000000 0.00000000 0.00000000 0.00000000 -5.25000000 82.25000000
-3.58832914 -71.83632000 80.81366857 0.00000000 0.00000000 0.00000000 alpha_import 0 0.00000000 0 0 0.00000000 0.00000000 0.00000000 0.00000000 0.00000000 -5.25000000 80.50000000
-6.49242320 -71.85122000 79.28128127 0.00000000 0.00000000 0.00000000 alpha_import 0 0.00000000 0 0 0.00000000 0.00000000 0.00000000 0.00000000 0.00000000 -5.25000000 78.75000000
-4.97908255 -71.83317200 77.62997322 0.00000000 0.00000000 0.00000000 alpha_import 0 0.00000000 0 0 0.00000000 0.00000000 0.00000000 0.00000000 0.00000000 -5.25000000 77.00000000
-3.56030390 -71.74887000 74.76922235 0.00000000 0.00000000 0.00000000 alpha_import 0 0.00000000 0 0 0.00000000 0.00000000 0.00000000 0.00000000 0.00000000 -5.25000000 75.25000000
-5.05597025 -71.80696400 72.82899991 0.00000000 0.00000000 0.00000000 alpha_import 0 0.00000000 0 0 0.00000000 0.00000000 0.00000000 0.00000000 0.00000000 -5.25000000 73.50000000
-5.79119028 -71.71992800 71.01737136 0.00000000 0.00000000 0.00000000 alpha_import 0 0.00000000 0 0 0.00000000 0.00000000 0.00000000 0.00000000 0.00000000 -5.25000000 71.75000000
-6.09268562 -71.74351200 70.24130575 0.00000000 0.00000000 0.00000000 alpha_import 0 0.00000000 0 0 0.00000000 0.00000000 0.00000000 0.00000000 0.00000000 -5.25000000 70.00000000
-3.97434604 -71.73140000 68.64049126 0.00000000 0.00000000 0.00000000 alpha_import 0 0.00000000 0 0 0.00000000 0.00000000 0.00000000 0.00000000 0.00000000 -5.25000000 68.25000000
-5.19757874 -71.74447600 65.82383132 0.00000000 0.00000000 0.00000000 alpha_import 0 0.00000000 0 0 0.00000000 0.00000000 0.00000000 0.00000000 0.00000000 -5.25000000 66.50000000
-6.39638591 -71.71189600 64.08846718 0.00000000 0.00000000 0.00000000 alpha_import 0 0.00000000 0 0 0.00000000 0.00000000 0.00000000 0.00000000 0.00000000 -5.25000000 64.75000000
-3.96574635 -71.75108000 63.33088044 0.00000000 0.00000000 0.00000000 alpha_import 0 0.00000000 0 0 0.00000000 0.00000000 0.00000000 0.00000000 0.00000000 -5.25000000 63.00000000
-5.71966870 -71.71106000 61.87102879 0.00000000 0.00000000 0.00000000 alpha_import 0 0.00000000 0 0 0.00000000 0.00000000 0.00000000 0.00000000 0.00000000 -5.25000000 61.25000000
-3.69747063 -71.73498000 59.35373494 0.00000000 0.00000000 0.00000000 alpha_import 0 0.00000000 0 0 0.00000000 0.00000000 0.00000000 0.00000000 0.00000000 -5.25000000 59.50000000
-3.60447395 -71.76955600 57.36989936 0.00000000 0.00000000 0.00000000 alpha_import 0 0.00000000 0 0 0.00000000 0.00000000 0.00000000 0.00000000 0.00000000 -5.25000000 57.75000000
-3.60723902 -71.73064600 56.59127553 0.00000000 0.00000000 0.00000000 alpha_import 0 0.00000000 0 0 0.00000000 0.00000000 0.00000000 0.00000000 0.00000000 -5.25000000 56.00000000
-5.50872007 -71.43480000 137.95553556 0.00000000 0.00000000 0.00000000 alpha_import 0 0.00000000 0 0 0.00000000 0.00000000 0.00000000 0.00000000 0.00000000 -5.25000000 138.25000000
-5.05961579 -71.54658000 137.12687057 0.00000000 0.00000000 0.00000000 alpha_import 0 0.00000000 0 0 0.00000000 0.00000000 0.00000000 0.00000000 0.00000000 -5.25000000 136.50000000
-4.30294469 -71.69621600 134.00077474 0.00000000 0.00000000 0.00000000 alpha_import 0 0.00000000 0 0 0.00000000 0.00000000 0.00000000 0.00000000 0.00000000 -5.25000000 134.75000000
-5.43661553 -71.84116000 132.97476543 0.00000000 0.00000000 0.00000000 alpha_import 0 0.00000000 0 0 0.00000000 0.00000000 0.00000000 0.00000000 0.00000000 -5.25000000 133.00000000
-4.45483076 -71.98675000 130.78904926 0.00000000 0.00000000 0.00000000 alpha_import 0 0.00000000 0 0 0.00000000 0.00000000 0.00000000 0.00000000 0.00000000 -5.25000000 131.25000000
-3.58312294 -72.15344800 130.20719302 0.00000000 0.00000000 0.00000000 alpha_import 0 0.00000000 0 0 0.00000000 0.00000000 0.00000000 0.00000000 0.00000000 -5.25000000 129.50000000
-5.58362072 -72.31775600 127.68465569 0.00000000 0.00000000 0.00000000 alpha_import 0 0.00000000 0 0 0.00000000 0.00000000 0.00000000 0.00000000 0.00000000 -5.25000000 127.75000000
-4.13799823 -72.42664000 126.53590119 0.00000000 0.00000000 0.00000000 alpha_import 0 0.00000000 0 0 0.00000000 0.00000000 0.00000000 0.00000000 0.00000000 -5.25000000 126.00000000
-4.09866568 -72.48810000 123.62478608 0.00000000 0.00000000 0.00000000 alpha_import 0 0.00000000 0 0 0.00000000 0.00000000 0.00000000 0.00000000 0.00000000 -5.25000000 124.25000000
-5.73690846 -72.43963600 122.87493314 0.00000000 0.00000000 0.00000000 alpha_import 0 0.00000000 0 0 0.00000000 0.00000000 0.00000000 0.00000000 0.00000000 -5.25000000 122.50000000
-5.05524873 -72.45343600 121.17640784 0.00000000 0.00000000 0.00000000 alpha_import 0 0.00000000 0 0 0.00000000 0.00000000 0.00000000 0.00000000 0.00000000 -5.25000000 120.75000000
-5.87437867 -72.40527400 118.98919678 0.00000000 0.00000000 0.00000000 alpha_import 0 0.00000000 0 0 0.00000000 0.00000000 0.00000000 0.00000000 0.00000000 -5.25000000 119.00000000
-6.32743137 -72.38371600 117.96729765 0.00000000 0.00000000 0.00000000 alpha_import 0 0.00000000 0 0 0.00000000 0.00000000 0.00000000 0.00000000 0.00000000 -5.25000000 117.25000000
-5.22922028 -72.34085000 114.92140785 0.00000000 0.00000000 0.00000000 alpha_import 0 0.00000000 0 0 0.00000000 0.00000000 0.00000000 0.00000000 0.00000000 -5.25000000 115.50000000
-6.37192441 -72.32107000 113.92091297 0.00000000 0.00000000 0.00000000 alpha_import 0 0.00000000 0 0 0.00000000 0.00000000 0.00000000 0.00000000 0.00000000 -5.25000000 113.75000000
-4.14833356 -72.29324000 111.77607216 0.00000000 0.00000000 0.00000000 alpha_import 0 0.00000000 0 0 0.00000000 0.00000000 0.00000000 0.00000000 0.00000000 -5.25000000 112.00000000
-9.33541463 -70.26708400 150.28248347 0.00000000 0.00000000 0.00000000 alpha_import 0 0.00000000 0 0 0.00000000 0.00000000 0.00000000 0.00000000 0.00000000 -8.75000000 150.50000000
-10.25760168 -70.49577600 148.91621276 0.00000000 0.00000000 0.00000000 alpha_import 0 0.00000000 0 0 0.00000000 0.00000000 0.00000000 0.00000000 0.00000000 -8.75000000 148.75000000
-9.34666895 -70.64749200 146.99266662 0.00000000 0.00000000 0.00000000 alpha_import 0 0.00000000 0 0 0.00000000 0.00000000 0.00000000 0.00000000 0.00000000 -8.75000000 147.00000000
-7.41523018 -70.83598000 145.09481320 0.00000000 0.00000000 0.00000000 alpha_import 0 0.00000000 0 0 0.00000000 0.00000000 0.00000000 0.00000000 0.00000000 -8.75000000 145.25000000
-7.62099401 -70.97035600 142.77968178 0.00000000 0.00000000 0.00000000 alpha_import 0 0.00000000 0 0 0.00000000 0.00000000 0.00000000 0.00000000 0.00000000 -8.75000000 143.50000000
-8.28112047 -71.08739600 141.17318768 0.00000000 0.00000000 0.00000000 alpha_import 0 0.00000000 0 0 0.00000000 0.00000000 0.00000000 0.00000000 0.00000000 -8.75000000 141.75000000
-8.97985746 -71.25776000 139.81716236 0.00000000 0.00000000 0.00000000 alpha_import 0 0.00000000 0 0 0.00000000 0.00000000 0.00000000 0.00000000 0.00000000 -8.75000000 140.00000000
-10.23673859 -71.42066600 137.88928653 0.00000000 0.00000000 0.00000000 alpha_import 0 0.00000000 0 0 0.00000000 0.00000000 0.00000000 0.00000000 0.00000000 -8.75000000 138.25000000
-9.35364458 -71.53806800 136.18271145 0.00000000 0.00000000 0.00000000 alpha_import 0 0.00000000 0 0 0.00000000 0.00000000 0.00000000 0.00000000 0.00000000 -8.75000000 136.50000000
-10.22021646 -71.72149600 134.81187916 0.00000000 0.00000000 0.00000000 alpha_import 0 0.00000000 0 0 0.00000000 0.00000000 0.00000000 0.00000000 0.00000000 -8.75000000 134.75000000
-8.72590979 -71.83810000 133.39665739 0.00000000 0.00000000 0.00000000 alpha_import 0 0.00000000 0 0 0.00000000 0.00000000 0.00000000 0.00000000 0.00000000 -8.75000000 133.00000000
-7.65785569 -71.89502000 130.61344961 0.00000000 0.00000000 0.00000000 alpha_import 0 0.00000000 0 0 0.00000000 0.00000000 0.00000000 0.00000000 0.00000000 -8.75000000 131.25000000
8.35253656 -77.80224000 150.74570472 0.00000000 0.00000000 0.00000000 alpha_import 0 0.00000000 0 0 0.00000000 0.00000000 0.00000000 0.00000000 0.00000000 8.75000000 150.50000000
7.37316059 -77.47482000 148.43929991 0.00000000 0.00000000 0.00000000 alpha_import 0 0.00000000 0 0 0.00000000 0.00000000 0.00000000 0.00000000 0.00000000 8.75000000 148.75000000
8.45441200 -77.10313200 146.35493007 0.00000000 0.00000000 0.00000000 alpha_import 0 0.00000000 0 0 0.00000000 0.00000000 0.00000000 0.00000000 0.00000000 8.75000000 147.00000000
