x_fit y_fit z_fit t_global t_waveform t_si timingMethod timingSuccess timingScore isSaturated nSaturatedBins saturatedFraction observedPeak baseline peakAmplitude padEnergyMeV x_orig z_orig
-107.62500000 -87.89249000 220.50000000 0.00000000 0.00000000 0.00000000 alpha_import 0 0.00000000 0 0 0.00000000 0.00000000 0.00000000 0.00000000 0.00000000 -107.62500000 220.50000000
-105.87500000 -87.80384200 220.50000000 0.00000000 0.00000000 0.00000000 alpha_import 0 0.00000000 0 0 0.00000000 0.00000000 0.00000000 0.00000000 0.00000000 -105.87500000 220.50000000
-104.12500000 -87.20341200 217.00000000 0.00000000 0.00000000 0.00000000 alpha_import 0 0.00000000 0 0 0.00000000 0.00000000 0.00000000 0.00000000 0.00000000 -104.12500000 217.00000000
-102.37500000 -86.82556700 213.50000000 0.00000000 0.00000000 0.00000000 alpha_import 0 0.00000000 0 0 0.00000000 0.00000000 0.00000000 0.00000000 0.00000000 -102.37500000 213.50000000
-100.62500000 -86.34088000 210.00000000 0.00000000 0.00000000 0.00000000 alpha_import 0 0.00000000 0 0 0.00000000 0.00000000 0.00000000 0.00000000 0.00000000 -100.62500000 210.00000000
-98.87500000 -85.86041600 206.50000000 0.00000000 0.00000000 0.00000000 alpha_import 0 0.00000000 0 0 0.00000000 0.00000000 0.00000000 0.00000000 0.00000000 -98.87500000 206.50000000
-95.37500000 -84.42293300 196.00000000 0.00000000 0.00000000 0.00000000 alpha_import 0 0.00000000 0 0 0.00000000 0.00000000 0.00000000 0.00000000 0.00000000 -95.37500000 196.00000000
-93.62500000 -83.92685800 192.50000000 0.00000000 0.00000000 0.00000000 alpha_import 0 0.00000000 0 0 0.00000000 0.00000000 0.00000000 0.00000000 0.00000000 -93.62500000 192.50000000
-93.62500000 -83.87317000 199.50000000 0.00000000 0.00000000 0.00000000 alpha_import 0 0.00000000 0 0 0.00000000 0.00000000 0.00000000 0.00000000 0.00000000 -93.62500000 199.50000000
-91.87500000 -83.86094000 199.50000000 0.00000000 0.00000000 0.00000000 alpha_import 0 0.00000000 0 0 0.00000000 0.00000000 0.00000000 0.00000000 0.00000000 -91.87500000 199.50000000
-90.12500000 -83.18074300 185.50000000 0.00000000 0.00000000 0.00000000 alpha_import 0 0.00000000 0 0 0.00000000 0.00000000 0.00000000 0.00000000 0.00000000 -90.12500000 185.50000000
-88.37500000 -83.01964700 185.50000000 0.00000000 0.00000000 0.00000000 alpha_import 0 0.00000000 0 0 0.00000000 0.00000000 0.00000000 0.00000000 0.00000000 -88.37500000 185.50000000
-86.62500000 -82.52720100 182.00000000 0.00000000 0.00000000 0.00000000 alpha_import 0 0.00000000 0 0 0.00000000 0.00000000 0.00000000 0.00000000 0.00000000 -86.62500000 182.00000000
-84.87500000 -82.11725100 178.50000000 0.00000000 0.00000000 0.00000000 alpha_import 0 0.00000000 0 0 0.00000000 0.00000000 0.00000000 0.00000000 0.00000000 -84.87500000 178.50000000
-83.12500000 -81.71366600 171.50000000 0.00000000 0.00000000 0.00000000 alpha_import 0 0.00000000 0 0 0.00000000 0.00000000 0.00000000 0.00000000 0.00000000 -83.12500000 171.50000000
-81.37500000 -81.17156800 168.00000000 0.00000000 0.00000000 0.00000000 alpha_import 0 0.00000000 0 0 0.00000000 0.00000000 0.00000000 0.00000000 0.00000000 -81.37500000 168.00000000
-77.87500000 -80.61624200 161.00000000 0.00000000 0.00000000 0.00000000 alpha_import 0 0.00000000 0 0 0.00000000 0.00000000 0.00000000 0.00000000 0.00000000 -77.87500000 161.00000000
-76.12500000 -80.50063800 161.00000000 0.00000000 0.00000000 0.00000000 alpha_import 0 0.00000000 0 0 0.00000000 0.00000000 0.00000000 0.00000000 0.00000000 -76.12500000 161.00000000
-74.37500000 -80.09192800 157.50000000 0.00000000 0.00000000 0.00000000 alpha_import 0 0.00000000 0 0 0.00000000 0.00000000 0.00000000 0.00000000 0.00000000 -74.37500000 157.50000000
-74.37500000 -80.09382000 164.50000000 0.00000000 0.00000000 0.00000000 alpha_import 0 0.00000000 0 0 0.00000000 0.00000000 0.00000000 0.00000000 0.00000000 -74.37500000 164.50000000
-69.12500000 -78.94735500 147.00000000 0.00000000 0.00000000 0.00000000 alpha_import 0 0.00000000 0 0 0.00000000 0.00000000 0.00000000 0.00000000 0.00000000 -69.12500000 147.00000000
-63.87500000 -77.85921000 136.50000000 0.00000000 0.00000000 0.00000000 alpha_import 0 0.00000000 0 0 0.00000000 0.00000000 0.00000000 0.00000000 0.00000000 -63.87500000 136.50000000
-62.12500000 -77.56461500 133.00000000 0.00000000 0.00000000 0.00000000 alpha_import 0 0.00000000 0 0 0.00000000 0.00000000 0.00000000 0.00000000 0.00000000 -62.12500000 133.00000000
-60.37500000 -77.16176000 126.00000000 0.00000000 0.00000000 0.00000000 alpha_import 0 0.00000000 0 0 0.00000000 0.00000000 0.00000000 0.00000000 0.00000000 -60.37500000 126.00000000
-60.37500000 -77.16188300 129.50000000 0.00000000 0.00000000 0.00000000 alpha_import 0 0.00000000 0 0 0.00000000 0.00000000 0.00000000 0.00000000 0.00000000 -60.37500000 129.50000000
-58.62500000 -76.76563800 122.50000000 0.00000000 0.00000000 0.00000000 alpha_import 0 0.00000000 0 0 0.00000000 0.00000000 0.00000000 0.00000000 0.00000000 -58.62500000 122.50000000
-55.12500000 -76.19970400 119.00000000 0.00000000 0.00000000 0.00000000 alpha_import 0 0.00000000 0 0 0.00000000 0.00000000 0.00000000 0.00000000 0.00000000 -55.12500000 119.00000000
-53.37500000 -75.90236200 115.50000000 0.00000000 0.00000000 0.00000000 alpha_import 0 0.00000000 0 0 0.00000000 0.00000000 0.00000000 0.00000000 0.00000000 -53.37500000 115.50000000
-49.87500000 -75.37861600 108.50000000 0.00000000 0.00000000 0.00000000 alpha_import 0 0.00000000 0 0 0.00000000 0.00000000 0.00000000 0.00000000 0.00000000 -49.87500000 108.50000000
-49.87500000 -75.38376200 112.00000000 0.00000000 0.00000000 0.00000000 alpha_import 0 0.00000000 0 0 0.00000000 0.00000000 0.00000000 0.00000000 0.00000000 -49.87500000 112.00000000
-48.12500000 -74.93183400 105.00000000 0.00000000 0.00000000 0.00000000 alpha_import 0 0.00000000 0 0 0.00000000 0.00000000 0.00000000 0.00000000 0.00000000 -48.12500000 105.00000000
-46.37500000 -74.50095200 101.50000000 0.00000000 0.00000000 0.00000000 alpha_import 0 0.00000000 0 0 0.00000000 0.00000000 0.00000000 0.00000000 0.00000000 -46.37500000 101.50000000
-44.62500000 -74.22554000 98.00000000 0.00000000 0.00000000 0.00000000 alpha_import 0 0.00000000 0 0 0.00000000 0.00000000 0.00000000 0.00000000 0.00000000 -44.62500000 98.00000000
-42.87500000 -73.84792400 94.50000000 0.00000000 0.00000000 0.00000000 alpha_import 0 0.00000000 0 0 0.00000000 0.00000000 0.00000000 0.00000000 0.00000000 -42.87500000 94.50000000
-41.12500000 -73.78616900 94.50000000 0.00000000 0.00000000 0.00000000 alpha_import 0 0.00000000 0 0 0.00000000 0.00000000 0.00000000 0.00000000 0.00000000 -41.12500000 94.50000000
-39.37500000 -73.33203800 87.50000000 0.00000000 0.00000000 0.00000000 alpha_import 0 0.00000000 0 0 0.00000000 0.00000000 0.00000000 0.00000000 0.00000000 -39.37500000 87.50000000
-39.37500000 -73.31679400 91.00000000 0.00000000 0.00000000 0.00000000 alpha_import 0 0.00000000 0 0 0.00000000 0.00000000 0.00000000 0.00000000 0.00000000 -39.37500000 91.00000000
-34.12500000 -72.68332300 77.00000000 0.00000000 0.00000000 0.00000000 alpha_import 0 0.00000000 0 0 0.00000000 0.00000000 0.00000000 0.00000000 0.00000000 -34.12500000 77.00000000
-34.12500000 -72.68116300 80.50000000 0.00000000 0.00000000 0.00000000 alpha_import 0 0.00000000 0 0 0.00000000 0.00000000 0.00000000 0.00000000 0.00000000 -34.12500000 80.50000000
-32.37500000 -72.46004300 84.00000000 0.00000000 0.00000000 0.00000000 alpha_import 0 0.00000000 0 0 0.00000000 0.00000000 0.00000000 0.00000000 0.00000000 -32.37500000 84.00000000
-30.62500000 -72.13608400 73.50000000 0.00000000 0.00000000 0.00000000 alpha_import 0 0.00000000 0 0 0.00000000 0.00000000 0.00000000 0.00000000 0.00000000 -30.62500000 73.50000000
-28.87500000 -71.81455000 70.00000000 0.00000000 0.00000000 0.00000000 alpha_import 0 0.00000000 0 0 0.00000000 0.00000000 0.00000000 0.00000000 0.00000000 -28.87500000 70.00000000
-27.12500000 -71.51046000 66.50000000 0.00000000 0.00000000 0.00000000 alpha_import 0 0.00000000 0 0 0.00000000 0.00000000 0.00000000 0.00000000 0.00000000 -27.12500000 66.50000000
-25.37500000 -71.05972500 59.50000000 0.00000000 0.00000000 0.00000000 alpha_import 0 0.00000000 0 0 0.00000000 0.00000000 0.00000000 0.00000000 0.00000000 -25.37500000 59.50000000
-25.37500000 -71.14801500 63.00000000 0.00000000 0.00000000 0.00000000 alpha_import 0 0.00000000 0 0 0.00000000 0.00000000 0.00000000 0.00000000 0.00000000 -25.37500000 63.00000000
-23.62500000 -70.68888200 56.00000000 0.00000000 0.00000000 0.00000000 alpha_import 0 0.00000000 0 0 0.00000000 0.00000000 0.00000000 0.00000000 0.00000000 -23.62500000 56.00000000
4.92446591 -66.10836800 53.65078771 0.00000000 0.00000000 0.00000000 alpha_import 0 0.00000000 0 0 0.00000000 0.00000000 0.00000000 0.00000000 0.00000000 5.25000000 54.25000000
0.36833274 -66.11146000 53.86408562 0.00000000 0.00000000 0.00000000 alpha_import 0 0.00000000 0 0 0.00000000 0.00000000 0.00000000 0.00000000 0.00000000 1.75000000 54.25000000
3.07674824 -66.17127000 52.66002733 0.00000000 0.00000000 0.00000000 alpha_import 0 0.00000000 0 0 0.00000000 0.00000000 0.00000000 0.00000000 0.00000000 1.75000000 52.50000000
2.98989497 -66.22177200 50.97801965 0.00000000 0.00000000 0.00000000 alpha_import 0 0.00000000 0 0 0.00000000 0.00000000 0.00000000 0.00000000 0.00000000 1.75000000 50.75000000
3.27779179 -66.31876000 48.53684091 0.00000000 0.00000000 0.00000000 alpha_import 0 0.00000000 0 0 0.00000000 0.00000000 0.00000000 0.00000000 0.00000000 1.75000000 49.00000000
1.04261415 -66.40532000 47.38658431 0.00000000 0.00000000 0.00000000 alpha_import 0 0.00000000 0 0 0.00000000 0.00000000 0.00000000 0.00000000 0.00000000 1.75000000 47.25000000
-2.78957534 -66.44643600 46.64921226 0.00000000 0.00000000 0.00000000 alpha_import 0 0.00000000 0 0 0.00000000 0.00000000 0.00000000 0.00000000 0.00000000 -1.75000000 47.25000000
0.83976749 -66.45606600 45.01100322 0.00000000 0.00000000 0.00000000 alpha_import 0 0.00000000 0 0 0.00000000 0.00000000 0.00000000 0.00000000 0.00000000 1.75000000 45.50000000
-0.22922123 -66.43784000 45.61820488 0.00000000 0.00000000 0.00000000 alpha_import 0 0.00000000 0 0 0.00000000 0.00000000 0.00000000 0.00000000 0.00000000 -1.75000000 45.50000000
2.62318890 -66.50962600 44.17438660 0.00000000 0.00000000 0.00000000 alpha_import 0 0.00000000 0 0 0.00000000 0.00000000 0.00000000 0.00000000 0.00000000 1.75000000 43.75000000
-2.49990944 -66.55605400 43.84683446 0.00000000 0.00000000 0.00000000 alpha_import 0 0.00000000 0 0 0.00000000 0.00000000 0.00000000 0.00000000 0.00000000 -1.75000000 43.75000000
1.74494759 -66.58205600 42.16082626 0.00000000 0.00000000 0.00000000 alpha_import 0 0.00000000 0 0 0.00000000 0.00000000 0.00000000 0.00000000 0.00000000 1.75000000 42.00000000
-2.25751948 -66.64129600 41.99261474 0.00000000 0.00000000 0.00000000 alpha_import 0 0.00000000 0 0 0.00000000 0.00000000 0.00000000 0.00000000 0.00000000 -1.75000000 42.00000000
3.30318697 -66.69758000 40.04166274 0.00000000 0.00000000 0.00000000 alpha_import 0 0.00000000 0 0 0.00000000 0.00000000 0.00000000 0.00000000 0.00000000 1.75000000 40.25000000
-1.04118679 -66.67513400 39.92216990 0.00000000 0.00000000 0.00000000 alpha_import 0 0.00000000 0 0 0.00000000 0.00000000 0.00000000 0.00000000 0.00000000 -1.75000000 40.25000000
1.05472546 -66.70473600 38.47199841 0.00000000 0.00000000 0.00000000 alpha_import 0 0.00000000 0 0 0.00000000 0.00000000 0.00000000 0.00000000 0.00000000 1.75000000 38.50000000
-0.24253336 -66.75254000 38.73300690 0.00000000 0.00000000 0.00000000 alpha_import 0 0.00000000 0 0 0.00000000 0.00000000 0.00000000 0.00000000 0.00000000 -1.75000000 38.50000000
0.88198331 -66.80476000 36.38973704 0.00000000 0.00000000 0.00000000 alpha_import 0 0.00000000 0 0 0.00000000 0.00000000 0.00000000 0.00000000 0.00000000 1.75000000 36.75000000
-0.98061077 -66.83469200 36.25436986 0.00000000 0.00000000 0.00000000 alpha_import 0 0.00000000 0 0 0.00000000 0.00000000 0.00000000 0.00000000 0.00000000 -1.75000000 36.75000000
-0.70560937 -66.90521200 35.43522717 0.00000000 0.00000000 0.00000000 alpha_import 0 0.00000000 0 0 0.00000000 0.00000000 0.00000000 0.00000000 0.00000000 -1.75000000 35.00000000
-2.99212665 -67.01924000 32.88584088 0.00000000 0.00000000 0.00000000 alpha_import 0 0.00000000 0 0 0.00000000 0.00000000 0.00000000 0.00000000 0.00000000 -1.75000000 33.25000000
-0.53954649 -67.11186000 31.05772364 0.00000000 0.00000000 0.00000000 alpha_import 0 0.00000000 0 0 0.00000000 0.00000000 0.00000000 0.00000000 0.00000000 -1.75000000 31.50000000
-4.05655757 -67.12998600 32.23979542 0.00000000 0.00000000 0.00000000 alpha_import 0 0.00000000 0 0 0.00000000 0.00000000 0.00000000 0.00000000 0.00000000 -5.25000000 31.50000000
-3.24659887 -67.19964600 30.05880349 0.00000000 0.00000000 0.00000000 alpha_import 0 0.00000000 0 0 0.00000000 0.00000000 0.00000000 0.00000000 0.00000000 -1.75000000 29.75000000
-5.81202227 -67.19204000 30.35960921 0.00000000 0.00000000 0.00000000 alpha_import 0 0.00000000 0 0 0.00000000 0.00000000 0.00000000 0.00000000 0.00000000 -5.25000000 29.75000000
-3.29004243 -67.34278600 27.94040530 0.00000000 0.00000000 0.00000000 alpha_import 0 0.00000000 0 0 0.00000000 0.00000000 0.00000000 0.00000000 0.00000000 -1.75000000 28.00000000
-5.07714677 -67.30835600 27.65761570 0.00000000 0.00000000 0.00000000 alpha_import 0 0.00000000 0 0 0.00000000 0.00000000 0.00000000 0.00000000 0.00000000 -5.25000000 28.00000000
-6.73884837 -67.60938800 25.81064903 0.00000000 0.00000000 0.00000000 alpha_import 0 0.00000000 0 0 0.00000000 0.00000000 0.00000000 0.00000000 0.00000000 -5.25000000 26.25000000
-1.47551924 -67.57663000 26.91863584 0.00000000 0.00000000 0.00000000 alpha_import 0 0.00000000 0 0 0.00000000 0.00000000 0.00000000 0.00000000 0.00000000 -1.75000000 26.25000000
-3.91792177 -67.73556000 24.23908691 0.00000000 0.00000000 0.00000000 alpha_import 0 0.00000000 0 0 0.00000000 0.00000000 0.00000000 0.00000000 0.00000000 -5.25000000 24.50000000
-2.22179382 -67.66782800 24.25060209 0.00000000 0.00000000 0.00000000 alpha_import 0 0.00000000 0 0 0.00000000 0.00000000 0.00000000 0.00000000 0.00000000 -1.75000000 24.50000000
-5.23703508 -67.83039000 22.11377951 0.00000000 0.00000000 0.00000000 alpha_import 0 0.00000000 0 0 0.00000000 0.00000000 0.00000000 0.00000000 0.00000000 -5.25000000 22.75000000
-1.27882307 -67.82901600 23.36097347 0.00000000 0.00000000 0.00000000 alpha_import 0 0.00000000 0 0 0.00000000 0.00000000 0.00000000 0.00000000 0.00000000 -1.75000000 22.75000000
-6.48909303 -67.92406000 20.75326514 0.00000000 0.00000000 0.00000000 alpha_import 0 0.00000000 0 0 0.00000000 0.00000000 0.00000000 0.00000000 0.00000000 -5.25000000 21.00000000
-2.15510318 -67.73153600 20.34629551 0.00000000 0.00000000 0.00000000 alpha_import 0 0.00000000 0 0 0.00000000 0.00000000 0.00000000 0.00000000 0.00000000 -1.75000000 21.00000000
-6.27943672 -67.99342000 19.60102880 0.00000000 0.00000000 0.00000000 alpha_import 0 0.00000000 0 0 0.00000000 0.00000000 0.00000000 0.00000000 0.00000000 -5.25000000 19.25000000
-5.98871830 -67.97436600 17.38342833 0.00000000 0.00000000 0.00000000 alpha_import 0 0.00000000 0 0 0.00000000 0.00000000 0.00000000 0.00000000 0.00000000 -5.25000000 17.50000000
-3.80959804 -68.00842000 15.27865306 0.00000000 0.00000000 0.00000000 alpha_import 0 0.00000000 0 0 0.00000000 0.00000000 0.00000000 0.00000000 0.00000000 -5.25000000 15.75000000
-5.76045367 -68.10877600 13.81832021 0.00000000 0.00000000 0.00000000 alpha_import 0 0.00000000 0 0 0.00000000 0.00000000 0.00000000 0.00000000 0.00000000 -5.25000000 14.00000000
-5.37238032 -68.11490400 12.59118942 0.00000000 0.00000000 0.00000000 alpha_import 0 0.00000000 0 0 0.00000000 0.00000000 0.00000000 0.00000000 0.00000000 -5.25000000 12.25000000
-3.64843140 -68.19528000 10.41729406 0.00000000 0.00000000 0.00000000 alpha_import 0 0.00000000 0 0 0.00000000 0.00000000 0.00000000 0.00000000 0.00000000 -5.25000000 10.50000000
-5.62376697 -68.29274000 8.03448042 0.00000000 0.00000000 0.00000000 alpha_import 0 0.00000000 0 0 0.00000000 0.00000000 0.00000000 0.00000000 0.00000000 -5.25000000 8.75000000
-0.91038571 -68.31759000 8.30122785 0.00000000 0.00000000 0.00000000 alpha_import 0 0.00000000 0 0 0.00000000 0.00000000 0.00000000 0.00000000 0.00000000 -1.75000000 8.75000000
6.90378323 -64.50378000 74.86156095 0.00000000 0.00000000 0.00000000 alpha_import 0 0.00000000 0 0 0.00000000 0.00000000 0.00000000 0.00000000 0.00000000 5.25000000 75.25000000
3.76437104 -64.79674000 73.34842903 0.00000000 0.00000000 0.00000000 alpha_import 0 0.00000000 0 0 0.00000000 0.00000000 0.00000000 0.00000000 0.00000000 5.25000000 73.50000000
5.32557450 -64.97121600 71.49010253 0.00000000 0.00000000 0.00000000 alpha_import 0 0.00000000 0 0 0.00000000 0.00000000 0.00000000 0.00000000 0.00000000 5.25000000 71.75000000
3.97089828 -65.14594800 70.69763179 0.00000000 0.00000000 0.00000000 alpha_import 0 0.00000000 0 0 0.00000000 0.00000000 0.00000000 0.00000000 0.00000000 5.25000000 70.00000000
4.16366335 -65.36798800 68.28240101 0.00000000 0.00000000 0.00000000 alpha_import 0 0.00000000 0 0 0.00000000 0.00000000 0.00000000 0.00000000 0.00000000 5.25000000 68.25000000
4.50625008 -65.56643600 66.13641415 0.00000000 0.00000000 0.00000000 alpha_import 0 0.00000000 0 0 0.00000000 0.00000000 0.00000000 0.00000000 0.00000000 5.25000000 66.50000000
5.81337622 -65.72944000 64.27176924 0.00000000 0.00000000 0.00000000 alpha_import 0 0.00000000 0 0 0.00000000 0.00000000 0.00000000 0.00000000 0.00000000 5.25000000 64.75000000
5.98174680 -65.89449400 62.81546588 0.00000000 0.00000000 0.00000000 alpha_import 0 0.00000000 0 0 0.00000000 0.00000000 0.00000000 0.00000000 0.00000000 5.25000000 63.00000000
2.85258246 -66.07110600 61.41996617 0.00000000 0.00000000 0.00000000 alpha_import 0 0.00000000 0 0 0.00000000 0.00000000 0.00000000 0.00000000 0.00000000 1.75000000 61.25000000
6.28885435 -65.99405000 61.87042879 0.00000000 0.00000000 0.00000000 alpha_import 0 0.00000000 0 0 0.00000000 0.00000000 0.00000000 0.00000000 0.00000000 5.25000000 61.25000000
2.81175013 -66.15136800 59.13669232 0.00000000 0.00000000 0.00000000 alpha_import 0 0.00000000 0 0 0.00000000 0.00000000 0.00000000 0.00000000 0.00000000 1.75000000 59.50000000
5.05999140 -66.10809400 58.97086174 0.00000000 0.00000000 0.00000000 alpha_import 0 0.00000000 0 0 0.00000000 0.00000000 0.00000000 0.00000000 0.00000000 5.25000000 59.50000000
2.09754070 -66.22356600 58.43338723 0.00000000 0.00000000 0.00000000 alpha_import 0 0.00000000 0 0 0.00000000 0.00000000 0.00000000 0.00000000 0.00000000 1.75000000 57.75000000
5.21605412 -66.13735400 57.17628843 0.00000000 0.00000000 0.00000000 alpha_import 0 0.00000000 0 0 0.00000000 0.00000000 0.00000000 0.00000000 0.00000000 5.25000000 57.75000000
2.95372247 -66.28800600 56.47768497 0.00000000 0.00000000 0.00000000 alpha_import 0 0.00000000 0 0 0.00000000 0.00000000 0.00000000 0.00000000 0.00000000 1.75000000 56.00000000
4.61680365 -66.21650400 55.76927132 0.00000000 0.00000000 0.00000000 alpha_import 0 0.00000000 0 0 0.00000000 0.00000000 0.00000000 0.00000000 0.00000000 5.25000000 56.00000000
8.67582778 -63.64021000 84.45480578 0.00000000 0.00000000 0.00000000 alpha_import 0 0.00000000 0 0 0.00000000 0.00000000 0.00000000 0.00000000 0.00000000 8.75000000 84.00000000
7.70609276 -63.66637000 81.76455901 0.00000000 0.00000000 0.00000000 alpha_import 0 0.00000000 0 0 0.00000000 0.00000000 0.00000000 0.00000000 0.00000000 8.75000000 82.25000000
9.28448310 -63.77710600 81.21477130 0.00000000 0.00000000 0.00000000 alpha_import 0 0.00000000 0 0 0.00000000 0.00000000 0.00000000 0.00000000 0.00000000 8.75000000 80.50000000
7.10891351 -63.96391600 78.98436871 0.00000000 0.00000000 0.00000000 alpha_import 0 0.00000000 0 0 0.00000000 0.00000000 0.00000000 0.00000000 0.00000000 8.75000000 78.75000000
7.88144760 -64.14499600 76.84895739 0.00000000 0.00000000 0.00000000 alpha_import 0 0.00000000 0 0 0.00000000 0.00000000 0.00000000 0.00000000 0.00000000 8.75000000 77.00000000
9.90602164 -64.37127000 75.71321259 0.00000000 0.00000000 0.00000000 alpha_import 0 0.00000000 0 0 0.00000000 0.00000000 0.00000000 0.00000000 0.00000000 8.75000000 75.25000000
9.33663027 -64.51056000 73.86061967 0.00000000 0.00000000 0.00000000 alpha_import 0 0.00000000 0 0 0.00000000 0.00000000 0.00000000 0.00000000 0.00000000 8.75000000 73.50000000
9.34561011 -64.77272000 71.93644265 0.00000000 0.00000000 0.00000000 alpha_import 0 0.00000000 0 0 0.00000000 0.00000000 0.00000000 0.00000000 0.00000000 8.75000000 71.75000000
10.21871307 -65.01140800 69.53387988 0.00000000 0.00000000 0.00000000 alpha_import 0 0.00000000 0 0 0.00000000 0.00000000 0.00000000 0.00000000 0.00000000 8.75000000 70.00000000
