x_fit y_fit z_fit t_global t_waveform t_si timingMethod timingSuccess timingScore isSaturated nSaturatedBins saturatedFraction observedPeak baseline peakAmplitude padEnergyMeV x_orig z_orig
-41.12500000 -80.52344000 220.50000000 0.00000000 0.00000000 0.00000000 alpha_import 0 0.00000000 0 0 0.00000000 0.00000000 0.00000000 0.00000000 0.00000000 -41.12500000 220.50000000
-39.37500000 -80.38527800 220.50000000 0.00000000 0.00000000 0.00000000 alpha_import 0 0.00000000 0 0 0.00000000 0.00000000 0.00000000 0.00000000 0.00000000 -39.37500000 220.50000000
-34.12500000 -78.30379000 206.50000000 0.00000000 0.00000000 0.00000000 alpha_import 0 0.00000000 0 0 0.00000000 0.00000000 0.00000000 0.00000000 0.00000000 -34.12500000 206.50000000
-32.37500000 -77.64133800 203.00000000 0.00000000 0.00000000 0.00000000 alpha_import 0 0.00000000 0 0 0.00000000 0.00000000 0.00000000 0.00000000 0.00000000 -32.37500000 203.00000000
-30.62500000 -76.67323000 196.00000000 0.00000000 0.00000000 0.00000000 alpha_import 0 0.00000000 0 0 0.00000000 0.00000000 0.00000000 0.00000000 0.00000000 -30.62500000 196.00000000
-28.87500000 -76.06043100 192.50000000 0.00000000 0.00000000 0.00000000 alpha_import 0 0.00000000 0 0 0.00000000 0.00000000 0.00000000 0.00000000 0.00000000 -28.87500000 192.50000000
-27.12500000 -75.48555900 189.00000000 0.00000000 0.00000000 0.00000000 alpha_import 0 0.00000000 0 0 0.00000000 0.00000000 0.00000000 0.00000000 0.00000000 -27.12500000 189.00000000
-23.62500000 -73.87289600 178.50000000 0.00000000 0.00000000 0.00000000 alpha_import 0 0.00000000 0 0 0.00000000 0.00000000 0.00000000 0.00000000 0.00000000 -23.62500000 178.50000000
-21.87500000 -73.14858400 171.50000000 0.00000000 0.00000000 0.00000000 alpha_import 0 0.00000000 0 0 0.00000000 0.00000000 0.00000000 0.00000000 0.00000000 -21.87500000 171.50000000
-20.12500000 -72.56008700 168.00000000 0.00000000 0.00000000 0.00000000 alpha_import 0 0.00000000 0 0 0.00000000 0.00000000 0.00000000 0.00000000 0.00000000 -20.12500000 168.00000000
-18.37500000 -71.97666000 164.50000000 0.00000000 0.00000000 0.00000000 alpha_import 0 0.00000000 0 0 0.00000000 0.00000000 0.00000000 0.00000000 0.00000000 -18.37500000 164.50000000
-16.62500000 -71.43865400 161.00000000 0.00000000 0.00000000 0.00000000 alpha_import 0 0.00000000 0 0 0.00000000 0.00000000 0.00000000 0.00000000 0.00000000 -16.62500000 161.00000000
6.75833391 -65.07260800 53.90713113 0.00000000 0.00000000 0.00000000 alpha_import 0 0.00000000 0 0 0.00000000 0.00000000 0.00000000 0.00000000 0.00000000 5.25000000 54.25000000
2.86273159 -65.10608000 53.50599808 0.00000000 0.00000000 0.00000000 alpha_import 0 0.00000000 0 0 0.00000000 0.00000000 0.00000000 0.00000000 0.00000000 1.75000000 54.25000000
4.52145602 -65.01211600 52.10844150 0.00000000 0.00000000 0.00000000 alpha_import 0 0.00000000 0 0 0.00000000 0.00000000 0.00000000 0.00000000 0.00000000 5.25000000 52.50000000
2.56786860 -65.13577200 51.90796863 0.00000000 0.00000000 0.00000000 alpha_import 0 0.00000000 0 0 0.00000000 0.00000000 0.00000000 0.00000000 0.00000000 1.75000000 52.50000000
1.44984089 -65.24638000 50.60559971 0.00000000 0.00000000 0.00000000 alpha_import 0 0.00000000 0 0 0.00000000 0.00000000 0.00000000 0.00000000 0.00000000 1.75000000 50.75000000
4.47791680 -65.25398000 48.69760582 0.00000000 0.00000000 0.00000000 alpha_import 0 0.00000000 0 0 0.00000000 0.00000000 0.00000000 0.00000000 0.00000000 5.25000000 49.00000000
1.75779380 -65.27254600 49.70681256 0.00000000 0.00000000 0.00000000 alpha_import 0 0.00000000 0 0 0.00000000 0.00000000 0.00000000 0.00000000 0.00000000 1.75000000 49.00000000
2.57125087 -65.36103000 47.17089954 0.00000000 0.00000000 0.00000000 alpha_import 0 0.00000000 0 0 0.00000000 0.00000000 0.00000000 0.00000000 0.00000000 1.75000000 47.25000000
1.70969112 -65.39550000 45.47864534 0.00000000 0.00000000 0.00000000 alpha_import 0 0.00000000 0 0 0.00000000 0.00000000 0.00000000 0.00000000 0.00000000 1.75000000 45.50000000
2.66486457 -65.45860000 44.46386559 0.00000000 0.00000000 0.00000000 alpha_import 0 0.00000000 0 0 0.00000000 0.00000000 0.00000000 0.00000000 0.00000000 1.75000000 43.75000000
1.50862756 -65.50606000 41.65301903 0.00000000 0.00000000 0.00000000 alpha_import 0 0.00000000 0 0 0.00000000 0.00000000 0.00000000 0.00000000 0.00000000 1.75000000 42.00000000
1.89603378 -65.54277400 40.85411191 0.00000000 0.00000000 0.00000000 alpha_import 0 0.00000000 0 0 0.00000000 0.00000000 0.00000000 0.00000000 0.00000000 1.75000000 40.25000000
2.49617907 -65.55522400 37.75412809 0.00000000 0.00000000 0.00000000 alpha_import 0 0.00000000 0 0 0.00000000 0.00000000 0.00000000 0.00000000 0.00000000 1.75000000 38.50000000
2.17595483 -65.67559200 36.02991794 0.00000000 0.00000000 0.00000000 alpha_import 0 0.00000000 0 0 0.00000000 0.00000000 0.00000000 0.00000000 0.00000000 1.75000000 36.75000000
1.05054113 -65.74633200 35.21023889 0.00000000 0.00000000 0.00000000 alpha_import 0 0.00000000 0 0 0.00000000 0.00000000 0.00000000 0.00000000 0.00000000 1.75000000 35.00000000
0.38658096 -65.77178400 32.54871216 0.00000000 0.00000000 0.00000000 alpha_import 0 0.00000000 0 0 0.00000000 0.00000000 0.00000000 0.00000000 0.00000000 1.75000000 33.25000000
1.36583523 -65.80171600 31.02053310 0.00000000 0.00000000 0.00000000 alpha_import 0 0.00000000 0 0 0.00000000 0.00000000 0.00000000 0.00000000 0.00000000 1.75000000 31.50000000
0.89280543 -65.87588000 29.18327427 0.00000000 0.00000000 0.00000000 alpha_import 0 0.00000000 0 0 0.00000000 0.00000000 0.00000000 0.00000000 0.00000000 1.75000000 29.75000000
3.73097948 -65.95522000 27.28233542 0.00000000 0.00000000 0.00000000 alpha_import 0 0.00000000 0 0 0.00000000 0.00000000 0.00000000 0.00000000 0.00000000 5.25000000 28.00000000
2.66906372 -65.96278000 28.32841292 0.00000000 0.00000000 0.00000000 alpha_import 0 0.00000000 0 0 0.00000000 0.00000000 0.00000000 0.00000000 0.00000000 1.75000000 28.00000000
4.32845734 -63.02512800 109.59857724 0.00000000 0.00000000 0.00000000 alpha_import 0 0.00000000 0 0 0.00000000 0.00000000 0.00000000 0.00000000 0.00000000 5.25000000 110.25000000
1.80648904 -63.20064600 110.00508384 0.00000000 0.00000000 0.00000000 alpha_import 0 0.00000000 0 0 0.00000000 0.00000000 0.00000000 0.00000000 0.00000000 1.75000000 110.25000000
3.81854507 -63.30768000 108.73189194 0.00000000 0.00000000 0.00000000 alpha_import 0 0.00000000 0 0 0.00000000 0.00000000 0.00000000 0.00000000 0.00000000 5.25000000 108.50000000
1.62465497 -63.41670600 108.68733209 0.00000000 0.00000000 0.00000000 alpha_import 0 0.00000000 0 0 0.00000000 0.00000000 0.00000000 0.00000000 0.00000000 1.75000000 108.50000000
6.58898284 -63.45789200 106.55474649 0.00000000 0.00000000 0.00000000 alpha_import 0 0.00000000 0 0 0.00000000 0.00000000 0.00000000 0.00000000 0.00000000 5.25000000 106.75000000
1.08651895 -63.56207200 106.09844347 0.00000000 0.00000000 0.00000000 alpha_import 0 0.00000000 0 0 0.00000000 0.00000000 0.00000000 0.00000000 0.00000000 1.75000000 106.75000000
6.05368706 -63.62048400 105.28774386 0.00000000 0.00000000 0.00000000 alpha_import 0 0.00000000 0 0 0.00000000 0.00000000 0.00000000 0.00000000 0.00000000 5.25000000 105.00000000
1.14695595 -63.64965200 105.22360937 0.00000000 0.00000000 0.00000000 alpha_import 0 0.00000000 0 0 0.00000000 0.00000000 0.00000000 0.00000000 0.00000000 1.75000000 105.00000000
6.81116907 -63.59503200 103.26577405 0.00000000 0.00000000 0.00000000 alpha_import 0 0.00000000 0 0 0.00000000 0.00000000 0.00000000 0.00000000 0.00000000 5.25000000 103.25000000
2.02409853 -63.74878600 102.77944169 0.00000000 0.00000000 0.00000000 alpha_import 0 0.00000000 0 0 0.00000000 0.00000000 0.00000000 0.00000000 0.00000000 1.75000000 103.25000000
5.54751151 -63.75944000 100.89250786 0.00000000 0.00000000 0.00000000 alpha_import 0 0.00000000 0 0 0.00000000 0.00000000 0.00000000 0.00000000 0.00000000 5.25000000 101.50000000
2.13732542 -63.78056600 102.16090414 0.00000000 0.00000000 0.00000000 alpha_import 0 0.00000000 0 0 0.00000000 0.00000000 0.00000000 0.00000000 0.00000000 1.75000000 101.50000000
6.71676727 -63.79404000 100.46191593 0.00000000 0.00000000 0.00000000 alpha_import 0 0.00000000 0 0 0.00000000 0.00000000 0.00000000 0.00000000 0.00000000 5.25000000 99.75000000
0.43523181 -63.84198600 99.53296697 0.00000000 0.00000000 0.00000000 alpha_import 0 0.00000000 0 0 0.00000000 0.00000000 0.00000000 0.00000000 0.00000000 1.75000000 99.75000000
4.54402446 -63.78044000 98.18812474 0.00000000 0.00000000 0.00000000 alpha_import 0 0.00000000 0 0 0.00000000 0.00000000 0.00000000 0.00000000 0.00000000 5.25000000 98.00000000
0.92197152 -63.91368400 97.51289254 0.00000000 0.00000000 0.00000000 alpha_import 0 0.00000000 0 0 0.00000000 0.00000000 0.00000000 0.00000000 0.00000000 1.75000000 98.00000000
4.65586330 -64.00433400 96.57528894 0.00000000 0.00000000 0.00000000 alpha_import 0 0.00000000 0 0 0.00000000 0.00000000 0.00000000 0.00000000 0.00000000 5.25000000 96.25000000
2.00090375 -63.95653000 96.31674314 0.00000000 0.00000000 0.00000000 alpha_import 0 0.00000000 0 0 0.00000000 0.00000000 0.00000000 0.00000000 0.00000000 1.75000000 96.25000000
5.08398776 -63.91756600 94.42921210 0.00000000 0.00000000 0.00000000 alpha_import 0 0.00000000 0 0 0.00000000 0.00000000 0.00000000 0.00000000 0.00000000 5.25000000 94.50000000
2.48811703 -64.00627400 94.01382246 0.00000000 0.00000000 0.00000000 alpha_import 0 0.00000000 0 0 0.00000000 0.00000000 0.00000000 0.00000000 0.00000000 1.75000000 94.50000000
3.64967111 -64.01647400 92.23953741 0.00000000 0.00000000 0.00000000 alpha_import 0 0.00000000 0 0 0.00000000 0.00000000 0.00000000 0.00000000 0.00000000 5.25000000 92.75000000
3.03138475 -64.09154600 92.63858873 0.00000000 0.00000000 0.00000000 alpha_import 0 0.00000000 0 0 0.00000000 0.00000000 0.00000000 0.00000000 0.00000000 1.75000000 92.75000000
5.75384606 -64.02034000 90.92249351 0.00000000 0.00000000 0.00000000 alpha_import 0 0.00000000 0 0 0.00000000 0.00000000 0.00000000 0.00000000 0.00000000 5.25000000 91.00000000
1.96257603 -64.12381000 91.45747321 0.00000000 0.00000000 0.00000000 alpha_import 0 0.00000000 0 0 0.00000000 0.00000000 0.00000000 0.00000000 0.00000000 1.75000000 91.00000000
4.26943869 -64.06637600 88.73378878 0.00000000 0.00000000 0.00000000 alpha_import 0 0.00000000 0 0 0.00000000 0.00000000 0.00000000 0.00000000 0.00000000 5.25000000 89.25000000
0.38112297 -64.15833200 89.15741849 0.00000000 0.00000000 0.00000000 alpha_import 0 0.00000000 0 0 0.00000000 0.00000000 0.00000000 0.00000000 0.00000000 1.75000000 89.25000000
6.69259568 -64.17259000 87.70627128 0.00000000 0.00000000 0.00000000 alpha_import 0 0.00000000 0 0 0.00000000 0.00000000 0.00000000 0.00000000 0.00000000 5.25000000 87.50000000
0.81692972 -64.23098000 87.76076409 0.00000000 0.00000000 0.00000000 alpha_import 0 0.00000000 0 0 0.00000000 0.00000000 0.00000000 0.00000000 0.00000000 1.75000000 87.50000000
3.78957014 -64.28296600 86.43059211 0.00000000 0.00000000 0.00000000 alpha_import 0 0.00000000 0 0 0.00000000 0.00000000 0.00000000 0.00000000 0.00000000 5.25000000 85.75000000
1.30782761 -64.30445000 85.08512627 0.00000000 0.00000000 0.00000000 alpha_import 0 0.00000000 0 0 0.00000000 0.00000000 0.00000000 0.00000000 0.00000000 1.75000000 85.75000000
3.81739420 -64.27194800 84.53994635 0.00000000 0.00000000 0.00000000 alpha_import 0 0.00000000 0 0 0.00000000 0.00000000 0.00000000 0.00000000 0.00000000 5.25000000 84.00000000
0.92424998 -64.35340000 84.25141890 0.00000000 0.00000000 0.00000000 alpha_import 0 0.00000000 0 0 0.00000000 0.00000000 0.00000000 0.00000000 0.00000000 1.75000000 84.00000000
1.63417026 -66.18800000 26.25678330 0.00000000 0.00000000 0.00000000 alpha_import 0 0.00000000 0 0 0.00000000 0.00000000 0.00000000 0.00000000 0.00000000 1.75000000 26.25000000
2.77990228 -66.25210000 24.78512466 0.00000000 0.00000000 0.00000000 alpha_import 0 0.00000000 0 0 0.00000000 0.00000000 0.00000000 0.00000000 0.00000000 1.75000000 24.50000000
1.95933584 -66.35672600 23.31518606 0.00000000 0.00000000 0.00000000 alpha_import 0 0.00000000 0 0 0.00000000 0.00000000 0.00000000 0.00000000 0.00000000 1.75000000 22.75000000
2.81112710 -66.41447200 21.27250007 0.00000000 0.00000000 0.00000000 alpha_import 0 0.00000000 0 0 0.00000000 0.00000000 0.00000000 0.00000000 0.00000000 1.75000000 21.00000000
2.67105997 -66.49076600 19.95521580 0.00000000 0.00000000 0.00000000 alpha_import 0 0.00000000 0 0 0.00000000 0.00000000 0.00000000 0.00000000 0.00000000 1.75000000 19.25000000
2.38396655 -66.57229000 18.05193517 0.00000000 0.00000000 0.00000000 alpha_import 0 0.00000000 0 0 0.00000000 0.00000000 0.00000000 0.00000000 0.00000000 1.75000000 17.50000000
4.49744453 -66.35230800 17.95667889 0.00000000 0.00000000 0.00000000 alpha_import 0 0.00000000 0 0 0.00000000 0.00000000 0.00000000 0.00000000 0.00000000 5.25000000 17.50000000
1.49377022 -66.67646400 16.46952816 0.00000000 0.00000000 0.00000000 alpha_import 0 0.00000000 0 0 0.00000000 0.00000000 0.00000000 0.00000000 0.00000000 1.75000000 15.75000000
5.45252539 -66.60598000 15.37551204 0.00000000 0.00000000 0.00000000 alpha_import 0 0.00000000 0 0 0.00000000 0.00000000 0.00000000 0.00000000 0.00000000 5.25000000 15.75000000
0.47614270 -66.74695400 13.31406712 0.00000000 0.00000000 0.00000000 alpha_import 0 0.00000000 0 0 0.00000000 0.00000000 0.00000000 0.00000000 0.00000000 1.75000000 14.00000000
3.75384332 -66.66558800 13.34367603 0.00000000 0.00000000 0.00000000 alpha_import 0 0.00000000 0 0 0.00000000 0.00000000 0.00000000 0.00000000 0.00000000 5.25000000 14.00000000
1.84066262 -66.86540600 11.55935046 0.00000000 0.00000000 0.00000000 alpha_import 0 0.00000000 0 0 0.00000000 0.00000000 0.00000000 0.00000000 0.00000000 1.75000000 12.25000000
6.61030792 -66.85305200 11.99382205 0.00000000 0.00000000 0.00000000 alpha_import 0 0.00000000 0 0 0.00000000 0.00000000 0.00000000 0.00000000 0.00000000 5.25000000 12.25000000
0.52786908 -66.99070400 11.09222497 0.00000000 0.00000000 0.00000000 alpha_import 0 0.00000000 0 0 0.00000000 0.00000000 0.00000000 0.00000000 0.00000000 1.75000000 10.50000000
0.85208514 -67.10754400 8.73947582 0.00000000 0.00000000 0.00000000 alpha_import 0 0.00000000 0 0 0.00000000 0.00000000 0.00000000 0.00000000 0.00000000 1.75000000 8.75000000
4.92955878 -66.98653600 8.17028339 0.00000000 0.00000000 0.00000000 alpha_import 0 0.00000000 0 0 0.00000000 0.00000000 0.00000000 0.00000000 0.00000000 5.25000000 8.75000000
0.98587631 -64.60969200 82.00675075 0.00000000 0.00000000 0.00000000 alpha_import 0 0.00000000 0 0 0.00000000 0.00000000 0.00000000 0.00000000 0.00000000 1.75000000 82.25000000
6.05156257 -64.48000000 82.13455636 0.00000000 0.00000000 0.00000000 alpha_import 0 0.00000000 0 0 0.00000000 0.00000000 0.00000000 0.00000000 0.00000000 5.25000000 82.25000000
3.28530166 -64.62895600 80.55535698 0.00000000 0.00000000 0.00000000 alpha_import 0 0.00000000 0 0 0.00000000 0.00000000 0.00000000 0.00000000 0.00000000 1.75000000 80.50000000
3.88413740 -64.54874800 80.43618919 0.00000000 0.00000000 0.00000000 alpha_import 0 0.00000000 0 0 0.00000000 0.00000000 0.00000000 0.00000000 0.00000000 5.25000000 80.50000000
1.15975408 -64.67260800 78.57384047 0.00000000 0.00000000 0.00000000 alpha_import 0 0.00000000 0 0 0.00000000 0.00000000 0.00000000 0.00000000 0.00000000 1.75000000 78.75000000
5.14422978 -64.68850800 78.81048433 0.00000000 0.00000000 0.00000000 alpha_import 0 0.00000000 0 0 0.00000000 0.00000000 0.00000000 0.00000000 0.00000000 5.25000000 78.75000000
0.80493303 -64.71044400 76.54572856 0.00000000 0.00000000 0.00000000 alpha_import 0 0.00000000 0 0 0.00000000 0.00000000 0.00000000 0.00000000 0.00000000 1.75000000 77.00000000
6.72236382 -64.66770600 76.67595288 0.00000000 0.00000000 0.00000000 alpha_import 0 0.00000000 0 0 0.00000000 0.00000000 0.00000000 0.00000000 0.00000000 5.25000000 77.00000000
3.39613162 -64.75077000 75.26224488 0.00000000 0.00000000 0.00000000 alpha_import 0 0.00000000 0 0 0.00000000 0.00000000 0.00000000 0.00000000 0.00000000 1.75000000 75.25000000
5.25959734 -64.59833400 75.51087763 0.00000000 0.00000000 0.00000000 alpha_import 0 0.00000000 0 0 0.00000000 0.00000000 0.00000000 0.00000000 0.00000000 5.25000000 75.25000000
0.13111532 -64.77984600 73.45362193 0.00000000 0.00000000 0.00000000 alpha_import 0 0.00000000 0 0 0.00000000 0.00000000 0.00000000 0.00000000 0.00000000 1.75000000 73.50000000
5.19911360 -64.74557400 72.88763964 0.00000000 0.00000000 0.00000000 alpha_import 0 0.00000000 0 0 0.00000000 0.00000000 0.00000000 0.00000000 0.00000000 5.25000000 73.50000000
2.68643549 -64.77369400 71.77687418 0.00000000 0.00000000 0.00000000 alpha_import 0 0.00000000 0 0 0.00000000 0.00000000 0.00000000 0.00000000 0.00000000 1.75000000 71.75000000
6.01035990 -64.81609400 71.46111694 0.00000000 0.00000000 0.00000000 alpha_import 0 0.00000000 0 0 0.00000000 0.00000000 0.00000000 0.00000000 0.00000000 5.25000000 71.75000000
0.88985726 -64.86813400 70.39922361 0.00000000 0.00000000 0.00000000 alpha_import 0 0.00000000 0 0 0.00000000 0.00000000 0.00000000 0.00000000 0.00000000 1.75000000 70.00000000
4.92607670 -64.81786400 70.29242490 0.00000000 0.00000000 0.00000000 alpha_import 0 0.00000000 0 0 0.00000000 0.00000000 0.00000000 0.00000000 0.00000000 5.25000000 70.00000000
2.04486995 -64.91988000 68.80809537 0.00000000 0.00000000 0.00000000 alpha_import 0 0.00000000 0 0 0.00000000 0.00000000 0.00000000 0.00000000 0.00000000 1.75000000 68.25000000
5.36388351 -64.87528600 68.90549281 0.00000000 0.00000000 0.00000000 alpha_import 0 0.00000000 0 0 0.00000000 0.00000000 0.00000000 0.00000000 0.00000000 5.25000000 68.25000000
2.14774572 -64.99860000 67.08636967 0.00000000 0.00000000 0.00000000 alpha_import 0 0.00000000 0 0 0.00000000 0.00000000 0.00000000 0.00000000 0.00000000 1.75000000 66.50000000
6.35947870 -64.85443200 65.76241697 0.00000000 0.00000000 0.00000000 alpha_import 0 0.00000000 0 0 0.00000000 0.00000000 0.00000000 0.00000000 0.00000000 5.25000000 66.50000000
3.09789720 -65.00543200 65.23015412 0.00000000 0.00000000 0.00000000 alpha_import 0 0.00000000 0 0 0.00000000 0.00000000 0.00000000 0.00000000 0.00000000 1.75000000 64.75000000
4.51460446 -65.00020800 64.58947462 0.00000000 0.00000000 0.00000000 alpha_import 0 0.00000000 0 0 0.00000000 0.00000000 0.00000000 0.00000000 0.00000000 5.25000000 64.75000000
1.45326412 -65.08212000 62.31160014 0.00000000 0.00000000 0.00000000 alpha_import 0 0.00000000 0 0 0.00000000 0.00000000 0.00000000 0.00000000 0.00000000 1.75000000 63.00000000
5.21280135 -65.01507000 62.28368885 0.00000000 0.00000000 0.00000000 alpha_import 0 0.00000000 0 0 0.00000000 0.00000000 0.00000000 0.00000000 0.00000000 5.25000000 63.00000000
1.95716370 -65.15782400 61.62351044 0.00000000 0.00000000 0.00000000 alpha_import 0 0.00000000 0 0 0.00000000 0.00000000 0.00000000 0.00000000 0.00000000 1.75000000 61.25000000
3.77352319 -65.06340400 60.81865892 0.00000000 0.00000000 0.00000000 alpha_import 0 0.00000000 0 0 0.00000000 0.00000000 0.00000000 0.00000000 0.00000000 5.25000000 61.25000000
0.64810737 -65.21272000 59.78088278 0.00000000 0.00000000 0.00000000 alpha_import 0 0.00000000 0 0 0.00000000 0.00000000 0.00000000 0.00000000 0.00000000 1.75000000 59.50000000
5.11487332 -65.16110000 59.08417820 0.00000000 0.00000000 0.00000000 alpha_import 0 0.00000000 0 0 0.00000000 0.00000000 0.00000000 0.00000000 0.00000000 5.25000000 59.50000000
2.20702022 -65.24431200 58.07184094 0.00000000 0.00000000 0.00000000 alpha_import 0 0.00000000 0 0 0.00000000 0.00000000 0.00000000 0.00000000 0.00000000 1.75000000 57.75000000
6.67123323 -65.14990800 57.81261519 0.00000000 0.00000000 0.00000000 alpha_import 0 0.00000000 0 0 0.00000000 0.00000000 0.00000000 0.00000000 0.00000000 5.25000000 57.75000000
2.75745773 -65.31453200 55.86818417 0.00000000 0.00000000 0.00000000 alpha_import 0 0.00000000 0 0 0.00000000 0.00000000 0.00000000 0.00000000 0.00000000 1.75000000 56.00000000
6.77452522 -65.28174400 55.29011673 0.00000000 0.00000000 0.00000000 alpha_import 0 0.00000000 0 0 0.00000000 0.00000000 0.00000000 0.00000000 0.00000000 5.25000000 56.00000000
-4.16221177 -67.02096600 129.83098107 0.00000000 0.00000000 0.00000000 alpha_import 0 0.00000000 0 0 0.00000000 0.00000000 0.00000000 0.00000000 0.00000000 -5.25000000 129.50000000
3.91158203 -60.29912800 127.45759212 0.00000000 0.00000000 0.00000000 alpha_import 0 0.00000000 0 0 0.00000000 0.00000000 0.00000000 0.00000000 0.00000000 5.25000000 127.75000000
4.11691352 -60.56975000 125.95437967 0.00000000 0.00000000 0.00000000 alpha_import 0 0.00000000 0 0 0.00000000 0.00000000 0.00000000 0.00000000 0.00000000 5.25000000 126.00000000
-4.76431090 -66.62564600 126.19242310 0.00000000 0.00000000 0.00000000 alpha_import 0 0.00000000 0 0 0.00000000 0.00000000 0.00000000 0.00000000 0.00000000 -5.25000000 126.00000000
5.35463263 -60.89828000 124.48803459 0.00000000 0.00000000 0.00000000 alpha_import 0 0.00000000 0 0 0.00000000 0.00000000 0.00000000 0.00000000 0.00000000 5.25000000 124.25000000
6.29436971 -61.22214400 122.77299121 0.00000000 0.00000000 0.00000000 alpha_import 0 0.00000000 0 0 0.00000000 0.00000000 0.00000000 0.00000000 0.00000000 5.25000000 122.50000000
5.58324518 -61.55498600 121.19367483 0.00000000 0.00000000 0.00000000 alpha_import 0 0.00000000 0 0 0.00000000 0.00000000 0.00000000 0.00000000 0.00000000 5.25000000 120.75000000
-2.55116646 -65.91630800 120.46619156 0.00000000 0.00000000 0.00000000 alpha_import 0 0.00000000 0 0 0.00000000 0.00000000 0.00000000 0.00000000 0.00000000 -1.75000000 120.75000000
5.52190126 -61.83502800 118.93779780 0.00000000 0.00000000 0.00000000 alpha_import 0 0.00000000 0 0 0.00000000 0.00000000 0.00000000 0.00000000 0.00000000 5.25000000 119.00000000
-3.02165272 -65.67815600 119.20460381 0.00000000 0.00000000 0.00000000 alpha_import 0 0.00000000 0 0 0.00000000 0.00000000 0.00000000 0.00000000 0.00000000 -1.75000000 119.00000000
5.76085830 -62.14558000 117.52063766 0.00000000 0.00000000 0.00000000 alpha_import 0 0.00000000 0 0 0.00000000 0.00000000 0.00000000 0.00000000 0.00000000 5.25000000 117.25000000
-2.80662547 -65.43506000 117.59021696 0.00000000 0.00000000 0.00000000 alpha_import 0 0.00000000 0 0 0.00000000 0.00000000 0.00000000 0.00000000 0.00000000 -1.75000000 117.25000000
6.65064864 -62.44492800 115.40431199 0.00000000 0.00000000 0.00000000 alpha_import 0 0.00000000 0 0 0.00000000 0.00000000 0.00000000 0.00000000 0.00000000 5.25000000 115.50000000
-2.32721607 -65.10132400 115.95190646 0.00000000 0.00000000 0.00000000 alpha_import 0 0.00000000 0 0 0.00000000 0.00000000 0.00000000 0.00000000 0.00000000 -1.75000000 115.50000000
6.52977841 -62.69295600 113.21500558 0.00000000 0.00000000 0.00000000 alpha_import 0 0.00000000 0 0 0.00000000 0.00000000 0.00000000 0.00000000 0.00000000 5.25000000 113.75000000
2.59991232 -62.92794000 114.49075905 0.00000000 0.00000000 0.00000000 alpha_import 0 0.00000000 0 0 0.00000000 0.00000000 0.00000000 0.00000000 0.00000000 1.75000000 113.75000000
4.05174893 -62.97426800 112.33143209 0.00000000 0.00000000 0.00000000 alpha_import 0 0.00000000 0 0 0.00000000 0.00000000 0.00000000 0.00000000 0.00000000 5.25000000 112.00000000
3.07755279 -63.20530400 111.52280608 0.00000000 0.00000000 0.00000000 alpha_import 0 0.00000000 0 0 0.00000000 0.00000000 0.00000000 0.00000000 0.00000000 1.75000000 112.00000000
-7.77036123 -68.74680800 139.48835425 0.00000000 0.00000000 0.00000000 alpha_import 0 0.00000000 0 0 0.00000000 0.00000000 0.00000000 0.00000000 0.00000000 -8.75000000 140.00000000
-8.98898141 -68.22604400 137.56525201 0.00000000 0.00000000 0.00000000 alpha_import 0 0.00000000 0 0 0.00000000 0.00000000 0.00000000 0.00000000 0.00000000 -8.75000000 138.25000000
-8.07326628 -68.17866000 136.84129355 0.00000000 0.00000000 0.00000000 alpha_import 0 0.00000000 0 0 0.00000000 0.00000000 0.00000000 0.00000000 0.00000000 -8.75000000 136.50000000
7.92525479 -59.04671600 135.99105186 0.00000000 0.00000000 0.00000000 alpha_import 0 0.00000000 0 0 0.00000000 0.00000000 0.00000000 0.00000000 0.00000000 8.75000000 136.50000000
8.97256267 -59.05680600 135.41406933 0.00000000 0.00000000 0.00000000 alpha_import 0 0.00000000 0 0 0.00000000 0.00000000 0.00000000 0.00000000 0.00000000 8.75000000 134.75000000
8.86848078 -59.25815400 133.59613688 0.00000000 0.00000000 0.00000000 alpha_import 0 0.00000000 0 0 0.00000000 0.00000000 0.00000000 0.00000000 0.00000000 8.75000000 133.00000000
7.94766182 -59.53765200 131.91387084 0.00000000 0.00000000 0.00000000 alpha_import 0 0.00000000 0 0 0.00000000 0.00000000 0.00000000 0.00000000 0.00000000 8.75000000 131.25000000
7.93716580 -59.79788800 129.94931425 0.00000000 0.00000000 0.00000000 alpha_import 0 0.00000000 0 0 0.00000000 0.00000000 0.00000000 0.00000000 0.00000000 8.75000000 129.50000000
8.57518891 -60.10036600 127.67688359 0.00000000 0.00000000 0.00000000 alpha_import 0 0.00000000 0 0 0.00000000 0.00000000 0.00000000 0.00000000 0.00000000 8.75000000 127.75000000
7.48337694 -60.42872000 125.55022967 0.00000000 0.00000000 0.00000000 alpha_import 0 0.00000000 0 0 0.00000000 0.00000000 0.00000000 0.00000000 0.00000000 8.75000000 126.00000000
9.72209168 -60.67931600 124.21826204 0.00000000 0.00000000 0.00000000 alpha_import 0 0.00000000 0 0 0.00000000 0.00000000 0.00000000 0.00000000 0.00000000 8.75000000 124.25000000
7.69264963 -60.98818000 122.26620734 0.00000000 0.00000000 0.00000000 alpha_import 0 0.00000000 0 0 0.00000000 0.00000000 0.00000000 0.00000000 0.00000000 8.75000000 122.50000000
