x_fit y_fit z_fit t_global t_waveform t_si timingMethod timingSuccess timingScore isSaturated nSaturatedBins saturatedFraction observedPeak baseline peakAmplitude padEnergyMeV x_orig z_orig
20.12500000 -72.60907300 168.00000000 0.00000000 0.00000000 0.00000000 alpha_import 0 0.00000000 0 0 0.00000000 0.00000000 0.00000000 0.00000000 0.00000000 20.12500000 168.00000000
20.12500000 -72.45400100 171.50000000 0.00000000 0.00000000 0.00000000 alpha_import 0 0.00000000 0 0 0.00000000 0.00000000 0.00000000 0.00000000 0.00000000 20.12500000 171.50000000
21.87500000 -72.11730300 175.00000000 0.00000000 0.00000000 0.00000000 alpha_import 0 0.00000000 0 0 0.00000000 0.00000000 0.00000000 0.00000000 0.00000000 21.87500000 175.00000000
23.62500000 -71.85261400 178.50000000 0.00000000 0.00000000 0.00000000 alpha_import 0 0.00000000 0 0 0.00000000 0.00000000 0.00000000 0.00000000 0.00000000 23.62500000 178.50000000
25.37500000 -71.41401400 182.00000000 0.00000000 0.00000000 0.00000000 alpha_import 0 0.00000000 0 0 0.00000000 0.00000000 0.00000000 0.00000000 0.00000000 25.37500000 182.00000000
25.37500000 -71.31932400 185.50000000 0.00000000 0.00000000 0.00000000 alpha_import 0 0.00000000 0 0 0.00000000 0.00000000 0.00000000 0.00000000 0.00000000 25.37500000 185.50000000
27.12500000 -71.19233400 185.50000000 0.00000000 0.00000000 0.00000000 alpha_import 0 0.00000000 0 0 0.00000000 0.00000000 0.00000000 0.00000000 0.00000000 27.12500000 185.50000000
28.87500000 -70.76885000 189.00000000 0.00000000 0.00000000 0.00000000 alpha_import 0 0.00000000 0 0 0.00000000 0.00000000 0.00000000 0.00000000 0.00000000 28.87500000 189.00000000
28.87500000 -70.62309000 192.50000000 0.00000000 0.00000000 0.00000000 alpha_import 0 0.00000000 0 0 0.00000000 0.00000000 0.00000000 0.00000000 0.00000000 28.87500000 192.50000000
30.62500000 -70.33075800 196.00000000 0.00000000 0.00000000 0.00000000 alpha_import 0 0.00000000 0 0 0.00000000 0.00000000 0.00000000 0.00000000 0.00000000 30.62500000 196.00000000
32.37500000 -70.03217700 199.50000000 0.00000000 0.00000000 0.00000000 alpha_import 0 0.00000000 0 0 0.00000000 0.00000000 0.00000000 0.00000000 0.00000000 32.37500000 199.50000000
32.37500000 -69.86759900 203.00000000 0.00000000 0.00000000 0.00000000 alpha_import 0 0.00000000 0 0 0.00000000 0.00000000 0.00000000 0.00000000 0.00000000 32.37500000 203.00000000
34.12500000 -69.76982400 203.00000000 0.00000000 0.00000000 0.00000000 alpha_import 0 0.00000000 0 0 0.00000000 0.00000000 0.00000000 0.00000000 0.00000000 34.12500000 203.00000000
34.12500000 -69.67514000 206.50000000 0.00000000 0.00000000 0.00000000 alpha_import 0 0.00000000 0 0 0.00000000 0.00000000 0.00000000 0.00000000 0.00000000 34.12500000 206.50000000
35.87500000 -69.53509200 206.50000000 0.00000000 0.00000000 0.00000000 alpha_import 0 0.00000000 0 0 0.00000000 0.00000000 0.00000000 0.00000000 0.00000000 35.87500000 206.50000000
35.87500000 -69.44595600 210.00000000 0.00000000 0.00000000 0.00000000 alpha_import 0 0.00000000 0 0 0.00000000 0.00000000 0.00000000 0.00000000 0.00000000 35.87500000 210.00000000
37.62500000 -69.20681700 213.50000000 0.00000000 0.00000000 0.00000000 alpha_import 0 0.00000000 0 0 0.00000000 0.00000000 0.00000000 0.00000000 0.00000000 37.62500000 213.50000000
39.37500000 -68.91774400 217.00000000 0.00000000 0.00000000 0.00000000 alpha_import 0 0.00000000 0 0 0.00000000 0.00000000 0.00000000 0.00000000 0.00000000 39.37500000 217.00000000
39.37500000 -68.84137000 220.50000000 0.00000000 0.00000000 0.00000000 alpha_import 0 0.00000000 0 0 0.00000000 0.00000000 0.00000000 0.00000000 0.00000000 39.37500000 220.50000000
41.12500000 -68.87986400 217.00000000 0.00000000 0.00000000 0.00000000 alpha_import 0 0.00000000 0 0 0.00000000 0.00000000 0.00000000 0.00000000 0.00000000 41.12500000 217.00000000
41.12500000 -68.80349000 220.50000000 0.00000000 0.00000000 0.00000000 alpha_import 0 0.00000000 0 0 0.00000000 0.00000000 0.00000000 0.00000000 0.00000000 41.12500000 220.50000000
-2.42710222 -77.74893200 53.61300280 0.00000000 0.00000000 0.00000000 alpha_import 0 0.00000000 0 0 0.00000000 0.00000000 0.00000000 0.00000000 0.00000000 -1.75000000 54.25000000
-1.73303015 -77.65942400 51.81432165 0.00000000 0.00000000 0.00000000 alpha_import 0 0.00000000 0 0 0.00000000 0.00000000 0.00000000 0.00000000 0.00000000 -1.75000000 52.50000000
-1.66019743 -77.67876000 51.46360000 0.00000000 0.00000000 0.00000000 alpha_import 0 0.00000000 0 0 0.00000000 0.00000000 0.00000000 0.00000000 0.00000000 -1.75000000 50.75000000
-0.84502420 -77.63082000 49.47003797 0.00000000 0.00000000 0.00000000 alpha_import 0 0.00000000 0 0 0.00000000 0.00000000 0.00000000 0.00000000 0.00000000 -1.75000000 49.00000000
-2.36149042 -77.69535600 47.12104483 0.00000000 0.00000000 0.00000000 alpha_import 0 0.00000000 0 0 0.00000000 0.00000000 0.00000000 0.00000000 0.00000000 -1.75000000 47.25000000
-1.87142061 -77.64258000 45.67736799 0.00000000 0.00000000 0.00000000 alpha_import 0 0.00000000 0 0 0.00000000 0.00000000 0.00000000 0.00000000 0.00000000 -1.75000000 45.50000000
-2.65136379 -77.65466000 43.31405399 0.00000000 0.00000000 0.00000000 alpha_import 0 0.00000000 0 0 0.00000000 0.00000000 0.00000000 0.00000000 0.00000000 -1.75000000 43.75000000
-2.51713424 -77.62298000 42.17846888 0.00000000 0.00000000 0.00000000 alpha_import 0 0.00000000 0 0 0.00000000 0.00000000 0.00000000 0.00000000 0.00000000 -1.75000000 42.00000000
-2.75605023 -77.57258000 40.15870179 0.00000000 0.00000000 0.00000000 alpha_import 0 0.00000000 0 0 0.00000000 0.00000000 0.00000000 0.00000000 0.00000000 -1.75000000 40.25000000
-2.07463644 -77.60218600 38.09713328 0.00000000 0.00000000 0.00000000 alpha_import 0 0.00000000 0 0 0.00000000 0.00000000 0.00000000 0.00000000 0.00000000 -1.75000000 38.50000000
-2.31039192 -77.60117200 37.27952078 0.00000000 0.00000000 0.00000000 alpha_import 0 0.00000000 0 0 0.00000000 0.00000000 0.00000000 0.00000000 0.00000000 -1.75000000 36.75000000
-1.22638993 -77.60238000 34.93664751 0.00000000 0.00000000 0.00000000 alpha_import 0 0.00000000 0 0 0.00000000 0.00000000 0.00000000 0.00000000 0.00000000 -1.75000000 35.00000000
-1.29908823 -77.62307200 33.60664443 0.00000000 0.00000000 0.00000000 alpha_import 0 0.00000000 0 0 0.00000000 0.00000000 0.00000000 0.00000000 0.00000000 -1.75000000 33.25000000
-2.03508304 -77.62650000 31.44817394 0.00000000 0.00000000 0.00000000 alpha_import 0 0.00000000 0 0 0.00000000 0.00000000 0.00000000 0.00000000 0.00000000 -1.75000000 31.50000000
-0.52697841 -77.58430000 30.05085167 0.00000000 0.00000000 0.00000000 alpha_import 0 0.00000000 0 0 0.00000000 0.00000000 0.00000000 0.00000000 0.00000000 -1.75000000 29.75000000
-0.38597137 -77.58072000 28.16585619 0.00000000 0.00000000 0.00000000 alpha_import 0 0.00000000 0 0 0.00000000 0.00000000 0.00000000 0.00000000 0.00000000 -1.75000000 28.00000000
-2.02144374 -78.84177200 110.28342310 0.00000000 0.00000000 0.00000000 alpha_import 0 0.00000000 0 0 0.00000000 0.00000000 0.00000000 0.00000000 0.00000000 -1.75000000 110.25000000
-3.58292996 -78.84484800 110.32865571 0.00000000 0.00000000 0.00000000 alpha_import 0 0.00000000 0 0 0.00000000 0.00000000 0.00000000 0.00000000 0.00000000 -5.25000000 110.25000000
-1.69606849 -78.77522000 107.90801099 0.00000000 0.00000000 0.00000000 alpha_import 0 0.00000000 0 0 0.00000000 0.00000000 0.00000000 0.00000000 0.00000000 -1.75000000 108.50000000
-5.52202192 -78.74328600 107.84297130 0.00000000 0.00000000 0.00000000 alpha_import 0 0.00000000 0 0 0.00000000 0.00000000 0.00000000 0.00000000 0.00000000 -5.25000000 108.50000000
-0.26862340 -78.70060000 106.12992507 0.00000000 0.00000000 0.00000000 alpha_import 0 0.00000000 0 0 0.00000000 0.00000000 0.00000000 0.00000000 0.00000000 -1.75000000 106.75000000
-5.22985311 -78.73224000 106.31407327 0.00000000 0.00000000 0.00000000 alpha_import 0 0.00000000 0 0 0.00000000 0.00000000 0.00000000 0.00000000 0.00000000 -5.25000000 106.75000000
-1.29773198 -78.65030600 104.85114519 0.00000000 0.00000000 0.00000000 alpha_import 0 0.00000000 0 0 0.00000000 0.00000000 0.00000000 0.00000000 0.00000000 -1.75000000 105.00000000
-4.20445392 -78.66654000 104.43205800 0.00000000 0.00000000 0.00000000 alpha_import 0 0.00000000 0 0 0.00000000 0.00000000 0.00000000 0.00000000 0.00000000 -5.25000000 105.00000000
-0.23158616 -78.56961000 103.80600103 0.00000000 0.00000000 0.00000000 alpha_import 0 0.00000000 0 0 0.00000000 0.00000000 0.00000000 0.00000000 0.00000000 -1.75000000 103.25000000
-4.25061154 -78.60542000 102.68310663 0.00000000 0.00000000 0.00000000 alpha_import 0 0.00000000 0 0 0.00000000 0.00000000 0.00000000 0.00000000 0.00000000 -5.25000000 103.25000000
-2.40426418 -78.53756000 102.16430100 0.00000000 0.00000000 0.00000000 alpha_import 0 0.00000000 0 0 0.00000000 0.00000000 0.00000000 0.00000000 0.00000000 -1.75000000 101.50000000
-4.27978295 -78.57563400 101.67221999 0.00000000 0.00000000 0.00000000 alpha_import 0 0.00000000 0 0 0.00000000 0.00000000 0.00000000 0.00000000 0.00000000 -5.25000000 101.50000000
-2.13078345 -78.50790400 99.60104769 0.00000000 0.00000000 0.00000000 alpha_import 0 0.00000000 0 0 0.00000000 0.00000000 0.00000000 0.00000000 0.00000000 -1.75000000 99.75000000
-6.22585463 -78.57431600 100.29688598 0.00000000 0.00000000 0.00000000 alpha_import 0 0.00000000 0 0 0.00000000 0.00000000 0.00000000 0.00000000 0.00000000 -5.25000000 99.75000000
-0.83534815 -78.47877200 97.27895766 0.00000000 0.00000000 0.00000000 alpha_import 0 0.00000000 0 0 0.00000000 0.00000000 0.00000000 0.00000000 0.00000000 -1.75000000 98.00000000
-3.96417228 -78.50192000 98.63071585 0.00000000 0.00000000 0.00000000 alpha_import 0 0.00000000 0 0 0.00000000 0.00000000 0.00000000 0.00000000 0.00000000 -5.25000000 98.00000000
-0.32570495 -78.45561600 96.54484131 0.00000000 0.00000000 0.00000000 alpha_import 0 0.00000000 0 0 0.00000000 0.00000000 0.00000000 0.00000000 0.00000000 -1.75000000 96.25000000
-5.60473538 -78.48594000 96.43491069 0.00000000 0.00000000 0.00000000 alpha_import 0 0.00000000 0 0 0.00000000 0.00000000 0.00000000 0.00000000 0.00000000 -5.25000000 96.25000000
-0.22545205 -78.43111600 94.09176139 0.00000000 0.00000000 0.00000000 alpha_import 0 0.00000000 0 0 0.00000000 0.00000000 0.00000000 0.00000000 0.00000000 -1.75000000 94.50000000
-6.49549443 -78.43923400 93.95982737 0.00000000 0.00000000 0.00000000 alpha_import 0 0.00000000 0 0 0.00000000 0.00000000 0.00000000 0.00000000 0.00000000 -5.25000000 94.50000000
-3.22967816 -78.39620400 92.32520936 0.00000000 0.00000000 0.00000000 alpha_import 0 0.00000000 0 0 0.00000000 0.00000000 0.00000000 0.00000000 0.00000000 -1.75000000 92.75000000
-4.73390553 -78.41312000 92.45764995 0.00000000 0.00000000 0.00000000 alpha_import 0 0.00000000 0 0 0.00000000 0.00000000 0.00000000 0.00000000 0.00000000 -5.25000000 92.75000000
-0.60209528 -78.31629600 91.68947742 0.00000000 0.00000000 0.00000000 alpha_import 0 0.00000000 0 0 0.00000000 0.00000000 0.00000000 0.00000000 0.00000000 -1.75000000 91.00000000
-4.22772930 -78.37790000 90.33093888 0.00000000 0.00000000 0.00000000 alpha_import 0 0.00000000 0 0 0.00000000 0.00000000 0.00000000 0.00000000 0.00000000 -5.25000000 91.00000000
-2.12617584 -78.24788000 88.79047635 0.00000000 0.00000000 0.00000000 alpha_import 0 0.00000000 0 0 0.00000000 0.00000000 0.00000000 0.00000000 0.00000000 -1.75000000 89.25000000
-6.43447950 -78.33330600 89.53735890 0.00000000 0.00000000 0.00000000 alpha_import 0 0.00000000 0 0 0.00000000 0.00000000 0.00000000 0.00000000 0.00000000 -5.25000000 89.25000000
-1.06872654 -78.24195600 86.92522673 0.00000000 0.00000000 0.00000000 alpha_import 0 0.00000000 0 0 0.00000000 0.00000000 0.00000000 0.00000000 0.00000000 -1.75000000 87.50000000
-6.04955163 -78.25023200 87.31718510 0.00000000 0.00000000 0.00000000 alpha_import 0 0.00000000 0 0 0.00000000 0.00000000 0.00000000 0.00000000 0.00000000 -5.25000000 87.50000000
-0.63221637 -78.19880000 86.07783573 0.00000000 0.00000000 0.00000000 alpha_import 0 0.00000000 0 0 0.00000000 0.00000000 0.00000000 0.00000000 0.00000000 -1.75000000 85.75000000
-3.39371928 -78.18685400 83.26403019 0.00000000 0.00000000 0.00000000 alpha_import 0 0.00000000 0 0 0.00000000 0.00000000 0.00000000 0.00000000 0.00000000 -1.75000000 84.00000000
-3.72031760 -78.24634000 84.04140487 0.00000000 0.00000000 0.00000000 alpha_import 0 0.00000000 0 0 0.00000000 0.00000000 0.00000000 0.00000000 0.00000000 -5.25000000 84.00000000
-2.85802525 -77.74703400 26.75993300 0.00000000 0.00000000 0.00000000 alpha_import 0 0.00000000 0 0 0.00000000 0.00000000 0.00000000 0.00000000 0.00000000 -1.75000000 26.25000000
-2.64735251 -77.79260000 25.07614930 0.00000000 0.00000000 0.00000000 alpha_import 0 0.00000000 0 0 0.00000000 0.00000000 0.00000000 0.00000000 0.00000000 -1.75000000 24.50000000
-2.80630383 -77.80674000 22.61167512 0.00000000 0.00000000 0.00000000 alpha_import 0 0.00000000 0 0 0.00000000 0.00000000 0.00000000 0.00000000 0.00000000 -1.75000000 22.75000000
-0.64785335 -77.81050000 21.53536470 0.00000000 0.00000000 0.00000000 alpha_import 0 0.00000000 0 0 0.00000000 0.00000000 0.00000000 0.00000000 0.00000000 -1.75000000 21.00000000
-0.46876750 -77.82201000 18.97847865 0.00000000 0.00000000 0.00000000 alpha_import 0 0.00000000 0 0 0.00000000 0.00000000 0.00000000 0.00000000 0.00000000 -1.75000000 19.25000000
-1.99253799 -77.88262000 17.68427109 0.00000000 0.00000000 0.00000000 alpha_import 0 0.00000000 0 0 0.00000000 0.00000000 0.00000000 0.00000000 0.00000000 -1.75000000 17.50000000
-1.10016993 -77.88425200 16.00042759 0.00000000 0.00000000 0.00000000 alpha_import 0 0.00000000 0 0 0.00000000 0.00000000 0.00000000 0.00000000 0.00000000 -1.75000000 15.75000000
-0.61174947 -77.89809600 13.39565811 0.00000000 0.00000000 0.00000000 alpha_import 0 0.00000000 0 0 0.00000000 0.00000000 0.00000000 0.00000000 0.00000000 -1.75000000 14.00000000
-1.46880665 -77.95440000 11.55890455 0.00000000 0.00000000 0.00000000 alpha_import 0 0.00000000 0 0 0.00000000 0.00000000 0.00000000 0.00000000 0.00000000 -1.75000000 12.25000000
-2.95840100 -78.00243600 10.05787625 0.00000000 0.00000000 0.00000000 alpha_import 0 0.00000000 0 0 0.00000000 0.00000000 0.00000000 0.00000000 0.00000000 -1.75000000 10.50000000
-1.74707030 -78.07296000 8.21092697 0.00000000 0.00000000 0.00000000 alpha_import 0 0.00000000 0 0 0.00000000 0.00000000 0.00000000 0.00000000 0.00000000 -1.75000000 8.75000000
-2.00370500 -78.27662000 81.72669093 0.00000000 0.00000000 0.00000000 alpha_import 0 0.00000000 0 0 0.00000000 0.00000000 0.00000000 0.00000000 0.00000000 -1.75000000 82.25000000
-1.83190180 -78.23553400 81.24452720 0.00000000 0.00000000 0.00000000 alpha_import 0 0.00000000 0 0 0.00000000 0.00000000 0.00000000 0.00000000 0.00000000 -1.75000000 80.50000000
-2.93776550 -78.25891200 78.34152355 0.00000000 0.00000000 0.00000000 alpha_import 0 0.00000000 0 0 0.00000000 0.00000000 0.00000000 0.00000000 0.00000000 -1.75000000 78.75000000
-0.99099566 -78.20467000 76.45035661 0.00000000 0.00000000 0.00000000 alpha_import 0 0.00000000 0 0 0.00000000 0.00000000 0.00000000 0.00000000 0.00000000 -1.75000000 77.00000000
-0.66489916 -78.17884600 75.94562080 0.00000000 0.00000000 0.00000000 alpha_import 0 0.00000000 0 0 0.00000000 0.00000000 0.00000000 0.00000000 0.00000000 -1.75000000 75.25000000
-3.02088541 -78.12148400 73.30254922 0.00000000 0.00000000 0.00000000 alpha_import 0 0.00000000 0 0 0.00000000 0.00000000 0.00000000 0.00000000 0.00000000 -1.75000000 73.50000000
-0.53561035 -78.11467200 72.06354351 0.00000000 0.00000000 0.00000000 alpha_import 0 0.00000000 0 0 0.00000000 0.00000000 0.00000000 0.00000000 0.00000000 -1.75000000 71.75000000
-0.14766028 -78.08869600 69.60036710 0.00000000 0.00000000 0.00000000 alpha_import 0 0.00000000 0 0 0.00000000 0.00000000 0.00000000 0.00000000 0.00000000 -1.75000000 70.00000000
-0.33026088 -78.08102400 67.66982545 0.00000000 0.00000000 0.00000000 alpha_import 0 0.00000000 0 0 0.00000000 0.00000000 0.00000000 0.00000000 0.00000000 -1.75000000 68.25000000
-2.77833797 -78.05164800 66.57291856 0.00000000 0.00000000 0.00000000 alpha_import 0 0.00000000 0 0 0.00000000 0.00000000 0.00000000 0.00000000 0.00000000 -1.75000000 66.50000000
-0.51141446 -78.01862800 64.30874777 0.00000000 0.00000000 0.00000000 alpha_import 0 0.00000000 0 0 0.00000000 0.00000000 0.00000000 0.00000000 0.00000000 -1.75000000 64.75000000
-2.26070959 -77.98945400 62.33632975 0.00000000 0.00000000 0.00000000 alpha_import 0 0.00000000 0 0 0.00000000 0.00000000 0.00000000 0.00000000 0.00000000 -1.75000000 63.00000000
-0.89431191 -77.95674400 60.88894427 0.00000000 0.00000000 0.00000000 alpha_import 0 0.00000000 0 0 0.00000000 0.00000000 0.00000000 0.00000000 0.00000000 -1.75000000 61.25000000
-2.86035324 -77.97464000 59.82862925 0.00000000 0.00000000 0.00000000 alpha_import 0 0.00000000 0 0 0.00000000 0.00000000 0.00000000 0.00000000 0.00000000 -1.75000000 59.50000000
-2.35270441 -77.97203400 57.46607016 0.00000000 0.00000000 0.00000000 alpha_import 0 0.00000000 0 0 0.00000000 0.00000000 0.00000000 0.00000000 0.00000000 -1.75000000 57.75000000
-2.36532058 -77.92705000 55.76316569 0.00000000 0.00000000 0.00000000 alpha_import 0 0.00000000 0 0 0.00000000 0.00000000 0.00000000 0.00000000 0.00000000 -1.75000000 56.00000000
-3.77579667 -80.29708800 128.91824130 0.00000000 0.00000000 0.00000000 alpha_import 0 0.00000000 0 0 0.00000000 0.00000000 0.00000000 0.00000000 0.00000000 -5.25000000 129.50000000
-4.82406038 -80.16433200 128.48988921 0.00000000 0.00000000 0.00000000 alpha_import 0 0.00000000 0 0 0.00000000 0.00000000 0.00000000 0.00000000 0.00000000 -5.25000000 127.75000000
-4.57661614 -80.04793000 125.81948389 0.00000000 0.00000000 0.00000000 alpha_import 0 0.00000000 0 0 0.00000000 0.00000000 0.00000000 0.00000000 0.00000000 -5.25000000 126.00000000
-6.73407043 -79.94499600 124.48839916 0.00000000 0.00000000 0.00000000 alpha_import 0 0.00000000 0 0 0.00000000 0.00000000 0.00000000 0.00000000 0.00000000 -5.25000000 124.25000000
-4.60618739 -79.86259200 122.69297032 0.00000000 0.00000000 0.00000000 alpha_import 0 0.00000000 0 0 0.00000000 0.00000000 0.00000000 0.00000000 0.00000000 -5.25000000 122.50000000
-3.62183299 -79.75710000 120.42237437 0.00000000 0.00000000 0.00000000 alpha_import 0 0.00000000 0 0 0.00000000 0.00000000 0.00000000 0.00000000 0.00000000 -5.25000000 120.75000000
-5.99864324 -79.66657200 119.44306648 0.00000000 0.00000000 0.00000000 alpha_import 0 0.00000000 0 0 0.00000000 0.00000000 0.00000000 0.00000000 0.00000000 -5.25000000 119.00000000
-6.31076114 -79.53067600 116.90781126 0.00000000 0.00000000 0.00000000 alpha_import 0 0.00000000 0 0 0.00000000 0.00000000 0.00000000 0.00000000 0.00000000 -5.25000000 117.25000000
-1.16073830 -79.14004600 115.64549135 0.00000000 0.00000000 0.00000000 alpha_import 0 0.00000000 0 0 0.00000000 0.00000000 0.00000000 0.00000000 0.00000000 -1.75000000 115.50000000
-4.69854667 -79.39392000 115.09318243 0.00000000 0.00000000 0.00000000 alpha_import 0 0.00000000 0 0 0.00000000 0.00000000 0.00000000 0.00000000 0.00000000 -5.25000000 115.50000000
-0.87516448 -79.15824600 114.09524983 0.00000000 0.00000000 0.00000000 alpha_import 0 0.00000000 0 0 0.00000000 0.00000000 0.00000000 0.00000000 0.00000000 -1.75000000 113.75000000
-6.43667062 -79.27284000 113.48492429 0.00000000 0.00000000 0.00000000 alpha_import 0 0.00000000 0 0 0.00000000 0.00000000 0.00000000 0.00000000 0.00000000 -5.25000000 113.75000000
-2.75029282 -79.13603600 112.04392218 0.00000000 0.00000000 0.00000000 alpha_import 0 0.00000000 0 0 0.00000000 0.00000000 0.00000000 0.00000000 0.00000000 -1.75000000 112.00000000
-6.52227724 -79.13484000 111.40597394 0.00000000 0.00000000 0.00000000 alpha_import 0 0.00000000 0 0 0.00000000 0.00000000 0.00000000 0.00000000 0.00000000 -5.25000000 112.00000000
-10.36112007 -81.78754000 144.06436505 0.00000000 0.00000000 0.00000000 alpha_import 0 0.00000000 0 0 0.00000000 0.00000000 0.00000000 0.00000000 0.00000000 -8.75000000 143.50000000
-7.96792020 -81.42945000 141.91961989 0.00000000 0.00000000 0.00000000 alpha_import 0 0.00000000 0 0 0.00000000 0.00000000 0.00000000 0.00000000 0.00000000 -8.75000000 141.75000000
-7.88632561 -81.37553200 140.24443833 0.00000000 0.00000000 0.00000000 alpha_import 0 0.00000000 0 0 0.00000000 0.00000000 0.00000000 0.00000000 0.00000000 -8.75000000 140.00000000
-8.55373828 -81.11404400 137.66961820 0.00000000 0.00000000 0.00000000 alpha_import 0 0.00000000 0 0 0.00000000 0.00000000 0.00000000 0.00000000 0.00000000 -8.75000000 138.25000000
-10.21188941 -80.89830000 136.52031026 0.00000000 0.00000000 0.00000000 alpha_import 0 0.00000000 0 0 0.00000000 0.00000000 0.00000000 0.00000000 0.00000000 -8.75000000 136.50000000
-8.16446253 -80.78084800 135.32955990 0.00000000 0.00000000 0.00000000 alpha_import 0 0.00000000 0 0 0.00000000 0.00000000 0.00000000 0.00000000 0.00000000 -8.75000000 134.75000000
-7.42396521 -80.59087000 132.32167106 0.00000000 0.00000000 0.00000000 alpha_import 0 0.00000000 0 0 0.00000000 0.00000000 0.00000000 0.00000000 0.00000000 -8.75000000 133.00000000
-8.89061529 -80.48243400 131.75686958 0.00000000 0.00000000 0.00000000 alpha_import 0 0.00000000 0 0 0.00000000 0.00000000 0.00000000 0.00000000 0.00000000 -8.75000000 131.25000000
-9.62820633 -80.31637600 128.80835509 0.00000000 0.00000000 0.00000000 alpha_import 0 0.00000000 0 0 0.00000000 0.00000000 0.00000000 0.00000000 0.00000000 -8.75000000 129.50000000
-10.00886406 -80.23927600 128.29842375 0.00000000 0.00000000 0.00000000 alpha_import 0 0.00000000 0 0 0.00000000 0.00000000 0.00000000 0.00000000 0.00000000 -8.75000000 127.75000000
-9.62875470 -80.12782000 125.40433763 0.00000000 0.00000000 0.00000000 alpha_import 0 0.00000000 0 0 0.00000000 0.00000000 0.00000000 0.00000000 0.00000000 -8.75000000 126.00000000
-8.25559232 -80.00260600 124.83839678 0.00000000 0.00000000 0.00000000 alpha_import 0 0.00000000 0 0 0.00000000 0.00000000 0.00000000 0.00000000 0.00000000 -8.75000000 124.25000000
-9.82238128 -79.82391400 122.86631704 0.00000000 0.00000000 0.00000000 alpha_import 0 0.00000000 0 0 0.00000000 0.00000000 0.00000000 0.00000000 0.00000000 -8.75000000 122.50000000
