# Event 567
# Params: dx_requested=3.380842 dx_event(vote)=3.380842 rline(inlier)=3.380842 minvotes=4 nstart=2 cover=0.800 nlines=4
# HoughMemory: requested_MB=80.062 allocated_MB=80.062 num_x=128 directions=1281 coarsened=0 maxmem_MB=0.000
# N0=111 assigned=111 remaining_after_force=0
# Line 1: n=95 a=(1.866,-69.173,85.539) b=(0.001,-0.002,-1.000) start=(1.726,-68.887,220.508) end=(1.946,-69.337,8.167)
# x y z globalTime peakAmplitude integratedCharge
1.238920 -68.985960 54.606866 0.000000 0.000000 0.000000
0.235523 -68.942774 52.083122 0.000000 0.000000 0.000000
3.414946 -68.992700 50.919240 0.000000 0.000000 0.000000
2.058126 -68.974540 48.281775 0.000000 0.000000 0.000000
3.447511 -68.982672 47.903403 0.000000 0.000000 0.000000
2.532097 -69.028626 46.025096 0.000000 0.000000 0.000000
0.412023 -69.010540 43.649522 0.000000 0.000000 0.000000
1.211147 -69.015332 42.447892 0.000000 0.000000 0.000000
3.131115 -69.030236 39.768184 0.000000 0.000000 0.000000
3.329571 -69.038708 39.068032 0.000000 0.000000 0.000000
1.348110 -69.063800 36.597450 0.000000 0.000000 0.000000
1.563764 -69.070466 34.450374 0.000000 0.000000 0.000000
0.259603 -69.037934 33.432351 0.000000 0.000000 0.000000
3.231440 -69.075020 31.566782 0.000000 0.000000 0.000000
2.076281 -69.109632 29.666957 0.000000 0.000000 0.000000
0.713791 -69.144220 27.698597 0.000000 0.000000 0.000000
3.221049 -69.170404 109.781887 0.000000 0.000000 0.000000
1.188717 -69.136360 109.075538 0.000000 0.000000 0.000000
2.811328 -69.130030 106.543501 0.000000 0.000000 0.000000
2.076213 -69.076868 104.634150 0.000000 0.000000 0.000000
2.758526 -69.122020 103.271580 0.000000 0.000000 0.000000
3.446396 -69.097200 100.857159 0.000000 0.000000 0.000000
2.182283 -69.100776 100.429002 0.000000 0.000000 0.000000
0.393984 -69.082532 97.361015 0.000000 0.000000 0.000000
1.062114 -69.103480 95.951387 0.000000 0.000000 0.000000
3.034695 -69.100780 94.165170 0.000000 0.000000 0.000000
1.099668 -69.096500 92.727328 0.000000 0.000000 0.000000
1.809845 -69.064874 91.112771 0.000000 0.000000 0.000000
0.163909 -69.046624 88.577186 0.000000 0.000000 0.000000
1.793637 -69.068020 88.163466 0.000000 0.000000 0.000000
2.647837 -69.049792 85.354909 0.000000 0.000000 0.000000
2.085661 -69.094684 83.906985 0.000000 0.000000 0.000000
3.633668 -67.777624 162.912766 0.000000 0.000000 0.000000
3.662235 -67.826160 160.422269 0.000000 0.000000 0.000000
3.901288 -68.104084 156.233261 0.000000 0.000000 0.000000
4.040733 -68.311646 152.121004 0.000000 0.000000 0.000000
-1.625037 -70.435168 151.226066 0.000000 0.000000 0.000000
1.161266 -68.524360 150.114350 0.000000 0.000000 0.000000
4.054084 -68.423080 149.822039 0.000000 0.000000 0.000000
-0.185092 -70.080530 148.993297 0.000000 0.000000 0.000000
0.151910 -68.684240 148.671866 0.000000 0.000000 0.000000
3.213522 -68.821868 147.399640 0.000000 0.000000 0.000000
0.680225 -68.974994 144.780985 0.000000 0.000000 0.000000
3.006709 -69.090350 144.137842 0.000000 0.000000 0.000000
1.516705 -69.174328 141.732037 0.000000 0.000000 0.000000
0.736213 -69.289900 140.281638 0.000000 0.000000 0.000000
1.319898 -69.324506 26.530004 0.000000 0.000000 0.000000
0.344999 -69.411450 24.945862 0.000000 0.000000 0.000000
3.260732 -69.442634 22.153358 0.000000 0.000000 0.000000
0.958039 -69.429554 20.605365 0.000000 0.000000 0.000000
2.308298 -69.442554 19.233527 0.000000 0.000000 0.000000
3.254523 -69.500776 17.228243 0.000000 0.000000 0.000000
1.942622 -69.509668 15.951028 0.000000 0.000000 0.000000
2.784441 -69.576892 13.945460 0.000000 0.000000 0.000000
3.126344 -69.627344 12.315378 0.000000 0.000000 0.000000
2.169703 -69.717460 9.797799 0.000000 0.000000 0.000000
0.987179 -69.801300 8.166706 0.000000 0.000000 0.000000
2.445990 -69.262560 82.229799 0.000000 0.000000 0.000000
0.597784 -69.233948 79.793003 0.000000 0.000000 0.000000
1.455400 -69.244920 78.737819 0.000000 0.000000 0.000000
0.617163 -69.211908 76.884138 0.000000 0.000000 0.000000
1.598908 -69.169056 75.449463 0.000000 0.000000 0.000000
1.437127 -69.167960 74.200531 0.000000 0.000000 0.000000
3.149263 -69.183588 72.014613 0.000000 0.000000 0.000000
1.249196 -69.179072 70.712887 0.000000 0.000000 0.000000
1.064020 -69.126620 68.859663 0.000000 0.000000 0.000000
2.438404 -69.124980 66.631594 0.000000 0.000000 0.000000
2.561291 -69.154080 65.454348 0.000000 0.000000 0.000000
0.752455 -69.150820 62.870668 0.000000 0.000000 0.000000
3.287241 -69.205920 61.419482 0.000000 0.000000 0.000000
3.223944 -69.192004 60.103384 0.000000 0.000000 0.000000
1.939211 -69.224872 58.412304 0.000000 0.000000 0.000000
1.550119 -69.203968 56.528124 0.000000 0.000000 0.000000
1.096378 -69.480680 138.541029 0.000000 0.000000 0.000000
2.324666 -69.432240 135.899519 0.000000 0.000000 0.000000
1.523584 -69.458820 134.096739 0.000000 0.000000 0.000000
2.670822 -69.473450 133.071870 0.000000 0.000000 0.000000
0.222910 -69.467820 131.826412 0.000000 0.000000 0.000000
0.224286 -69.470196 129.774185 0.000000 0.000000 0.000000
0.144323 -69.446270 127.448474 0.000000 0.000000 0.000000
2.123701 -69.461988 125.646058 0.000000 0.000000 0.000000
0.401400 -69.422700 124.845321 0.000000 0.000000 0.000000
2.416431 -69.427874 123.103784 0.000000 0.000000 0.000000
0.966304 -69.436254 121.176005 0.000000 0.000000 0.000000
2.170375 -69.449310 118.597532 0.000000 0.000000 0.000000
3.117314 -69.413060 116.949656 0.000000 0.000000 0.000000
0.437405 -69.401288 115.417795 0.000000 0.000000 0.000000
3.244695 -69.390270 113.727189 0.000000 0.000000 0.000000
1.248518 -69.370704 112.727662 0.000000 0.000000 0.000000
-28.875000 -79.888866 220.500000 0.000000 0.000000 0.000000
-27.125000 -79.877892 220.500000 0.000000 0.000000 0.000000
-23.625000 -78.404841 210.000000 0.000000 0.000000 0.000000
-16.625000 -76.461356 196.000000 0.000000 0.000000 0.000000
-3.677005 -72.133588 161.198249 0.000000 0.000000 0.000000
-4.357522 -71.973284 158.969427 0.000000 0.000000 0.000000
# Line 2: n=16 a=(7.288,-67.953,156.561) b=(0.139,0.088,0.986) start=(5.111,-69.327,141.129) end=(9.128,-66.791,169.609)
# x y z globalTime peakAmplitude integratedCharge
5.752435 -67.902100 158.510121 0.000000 0.000000 0.000000
5.109517 -68.003186 158.183666 0.000000 0.000000 0.000000
5.855389 -68.185206 153.869656 0.000000 0.000000 0.000000
6.062351 -68.552780 148.608106 0.000000 0.000000 0.000000
6.847929 -68.748584 146.846677 0.000000 0.000000 0.000000
5.964422 -68.874230 145.638295 0.000000 0.000000 0.000000
6.187185 -69.037170 143.796909 0.000000 0.000000 0.000000
5.118896 -69.139276 141.111165 0.000000 0.000000 0.000000
8.759176 -65.981946 169.589021 0.000000 0.000000 0.000000
9.480010 -66.593440 168.405522 0.000000 0.000000 0.000000
9.176177 -67.273890 166.031835 0.000000 0.000000 0.000000
10.352810 -67.617590 164.217425 0.000000 0.000000 0.000000
8.064701 -67.758710 162.986398 0.000000 0.000000 0.000000
7.745575 -67.780066 160.888566 0.000000 0.000000 0.000000
8.136267 -67.875240 159.215076 0.000000 0.000000 0.000000
7.988913 -67.922656 157.082269 0.000000 0.000000 0.000000
