# Event 4650
# Params: dx_requested=3.516226 dx_event(vote)=3.516226 rline(inlier)=3.516226 minvotes=4 nstart=2 cover=0.800 nlines=4
# HoughMemory: requested_MB=80.062 allocated_MB=80.062 num_x=128 directions=1281 coarsened=0 maxmem_MB=0.000
# N0=117 assigned=117 remaining_after_force=0
# Line 1: n=54 a=(31.348,-79.597,164.229) b=(0.520,-0.057,0.852) start=(-8.657,-75.200,98.695) end=(66.182,-83.425,221.290)
# x y z globalTime peakAmplitude integratedCharge
16.625000 -78.026270 140.000000 0.000000 0.000000 0.000000
16.625000 -78.072254 143.500000 0.000000 0.000000 0.000000
18.375000 -78.163242 143.500000 0.000000 0.000000 0.000000
18.375000 -78.237753 147.000000 0.000000 0.000000 0.000000
20.125000 -78.170126 143.500000 0.000000 0.000000 0.000000
20.125000 -78.244637 147.000000 0.000000 0.000000 0.000000
21.875000 -78.319509 147.000000 0.000000 0.000000 0.000000
21.875000 -78.415286 150.500000 0.000000 0.000000 0.000000
23.625000 -78.371731 147.000000 0.000000 0.000000 0.000000
23.625000 -78.467508 150.500000 0.000000 0.000000 0.000000
25.375000 -78.690917 154.000000 0.000000 0.000000 0.000000
25.375000 -78.783357 157.500000 0.000000 0.000000 0.000000
27.125000 -78.680703 154.000000 0.000000 0.000000 0.000000
27.125000 -78.773143 157.500000 0.000000 0.000000 0.000000
28.875000 -78.931642 157.500000 0.000000 0.000000 0.000000
28.875000 -79.032684 161.000000 0.000000 0.000000 0.000000
28.875000 -79.090457 164.500000 0.000000 0.000000 0.000000
30.625000 -79.063916 161.000000 0.000000 0.000000 0.000000
30.625000 -79.121689 164.500000 0.000000 0.000000 0.000000
32.375000 -79.133538 161.000000 0.000000 0.000000 0.000000
32.375000 -79.191311 164.500000 0.000000 0.000000 0.000000
34.125000 -79.487286 168.000000 0.000000 0.000000 0.000000
35.875000 -79.797784 171.500000 0.000000 0.000000 0.000000
35.875000 -79.850982 175.000000 0.000000 0.000000 0.000000
37.625000 -79.852267 171.500000 0.000000 0.000000 0.000000
37.625000 -79.905465 175.000000 0.000000 0.000000 0.000000
39.375000 -80.184704 178.500000 0.000000 0.000000 0.000000
41.125000 -80.305697 178.500000 0.000000 0.000000 0.000000
41.125000 -80.461710 182.000000 0.000000 0.000000 0.000000
42.875000 -80.551038 182.000000 0.000000 0.000000 0.000000
44.625000 -80.772064 185.500000 0.000000 0.000000 0.000000
46.375000 -81.083609 189.000000 0.000000 0.000000 0.000000
48.125000 -81.169193 189.000000 0.000000 0.000000 0.000000
48.125000 -81.308771 192.500000 0.000000 0.000000 0.000000
49.875000 -81.649483 196.000000 0.000000 0.000000 0.000000
51.625000 -81.816783 196.000000 0.000000 0.000000 0.000000
51.625000 -81.976367 199.500000 0.000000 0.000000 0.000000
53.375000 -82.136441 199.500000 0.000000 0.000000 0.000000
53.375000 -82.327017 203.000000 0.000000 0.000000 0.000000
55.125000 -82.424750 203.000000 0.000000 0.000000 0.000000
56.875000 -82.800940 206.500000 0.000000 0.000000 0.000000
58.625000 -83.131175 210.000000 0.000000 0.000000 0.000000
60.375000 -83.510056 213.500000 0.000000 0.000000 0.000000
63.875000 -84.016080 217.000000 0.000000 0.000000 0.000000
65.625000 -84.423027 220.500000 0.000000 0.000000 0.000000
67.375000 -84.341620 220.500000 0.000000 0.000000 0.000000
-3.584404 -76.076600 109.589062 0.000000 0.000000 0.000000
-6.433327 -75.986840 107.967368 0.000000 0.000000 0.000000
-5.545790 -76.002260 106.049670 0.000000 0.000000 0.000000
-6.861813 -75.996360 104.338453 0.000000 0.000000 0.000000
-6.785418 -75.983060 103.589498 0.000000 0.000000 0.000000
-4.406147 -76.000000 100.849534 0.000000 0.000000 0.000000
-6.399635 -75.961450 99.029147 0.000000 0.000000 0.000000
-6.668243 -75.951954 97.430360 0.000000 0.000000 0.000000
# Line 2: n=63 a=(-6.052,-75.775,62.921) b=(0.035,0.008,-0.999) start=(-8.253,-76.257,126.537) end=(-4.204,-75.370,9.467)
# x y z globalTime peakAmplitude integratedCharge
-4.363550 -75.350280 53.740081 0.000000 0.000000 0.000000
-6.328655 -75.320246 53.149825 0.000000 0.000000 0.000000
-6.617157 -75.363336 50.063521 0.000000 0.000000 0.000000
-4.864488 -75.326348 48.725038 0.000000 0.000000 0.000000
-5.040220 -75.338446 46.512007 0.000000 0.000000 0.000000
-3.943503 -75.325036 45.465782 0.000000 0.000000 0.000000
-5.479485 -75.323510 44.408021 0.000000 0.000000 0.000000
-6.235876 -75.339868 42.208188 0.000000 0.000000 0.000000
-4.298678 -75.318976 39.741782 0.000000 0.000000 0.000000
-6.014717 -75.375592 38.071658 0.000000 0.000000 0.000000
-6.662550 -75.399620 37.408737 0.000000 0.000000 0.000000
-6.112877 -75.440674 35.541558 0.000000 0.000000 0.000000
-4.850464 -75.369880 33.844154 0.000000 0.000000 0.000000
-4.734877 -75.419780 32.082517 0.000000 0.000000 0.000000
-4.729127 -75.464500 29.109433 0.000000 0.000000 0.000000
-6.537982 -75.486194 27.571900 0.000000 0.000000 0.000000
-5.863768 -75.873200 94.775572 0.000000 0.000000 0.000000
-5.682562 -75.821576 92.510592 0.000000 0.000000 0.000000
-5.445356 -75.755646 89.301711 0.000000 0.000000 0.000000
-5.963748 -75.759448 86.923078 0.000000 0.000000 0.000000
-6.491583 -75.693670 83.440706 0.000000 0.000000 0.000000
-5.284609 -75.671448 26.494834 0.000000 0.000000 0.000000
-6.929804 -75.677728 24.191819 0.000000 0.000000 0.000000
-5.073027 -75.697730 22.671766 0.000000 0.000000 0.000000
-5.538386 -75.773460 20.702112 0.000000 0.000000 0.000000
-3.900286 -75.778112 18.846843 0.000000 0.000000 0.000000
-3.887423 -75.848554 17.834320 0.000000 0.000000 0.000000
-5.986416 -75.813746 15.713517 0.000000 0.000000 0.000000
-3.909394 -75.949384 13.777668 0.000000 0.000000 0.000000
-3.754601 -75.945190 12.331439 0.000000 0.000000 0.000000
-5.105837 -76.137400 9.429849 0.000000 0.000000 0.000000
-6.380522 -75.826752 82.075286 0.000000 0.000000 0.000000
-5.907491 -75.802540 78.611895 0.000000 0.000000 0.000000
-5.533938 -75.815632 76.391449 0.000000 0.000000 0.000000
-5.351380 -75.768110 75.131470 0.000000 0.000000 0.000000
-6.484420 -75.750672 73.384486 0.000000 0.000000 0.000000
-6.504168 -75.755240 71.169390 0.000000 0.000000 0.000000
-4.795387 -75.682734 69.966678 0.000000 0.000000 0.000000
-5.654592 -75.689980 68.594290 0.000000 0.000000 0.000000
-3.759516 -75.652424 66.990966 0.000000 0.000000 0.000000
-5.587006 -75.640814 64.945717 0.000000 0.000000 0.000000
-6.196139 -75.601780 62.705625 0.000000 0.000000 0.000000
-6.280849 -75.608840 61.208858 0.000000 0.000000 0.000000
-4.793272 -75.598160 59.663983 0.000000 0.000000 0.000000
-6.346794 -75.604566 57.470079 0.000000 0.000000 0.000000
-3.726735 -75.566974 55.627224 0.000000 0.000000 0.000000
-8.622211 -76.315014 109.712532 0.000000 0.000000 0.000000
-8.222804 -76.272412 109.095819 0.000000 0.000000 0.000000
-9.976348 -76.327040 107.219215 0.000000 0.000000 0.000000
-8.665145 -76.677660 126.519799 0.000000 0.000000 0.000000
-8.420742 -76.576832 124.941843 0.000000 0.000000 0.000000
-7.698247 -76.493494 120.326107 0.000000 0.000000 0.000000
-8.235519 -76.460864 119.339968 0.000000 0.000000 0.000000
-10.141515 -76.444128 117.494884 0.000000 0.000000 0.000000
-9.640285 -76.374194 115.855455 0.000000 0.000000 0.000000
-7.395756 -76.370008 114.015783 0.000000 0.000000 0.000000
-9.035805 -76.331610 111.434928 0.000000 0.000000 0.000000
-5.127019 -75.885828 96.771545 0.000000 0.000000 0.000000
-4.947922 -75.819190 90.596504 0.000000 0.000000 0.000000
-4.763828 -75.699780 85.100157 0.000000 0.000000 0.000000
-6.790976 -76.013820 10.818535 0.000000 0.000000 0.000000
-3.829020 -75.795868 80.046446 0.000000 0.000000 0.000000
-7.472296 -76.511426 122.160594 0.000000 0.000000 0.000000
