# Event 4106
# Params: dx_requested=3.583342 dx_event(vote)=3.583342 rline(inlier)=3.583342 minvotes=4 nstart=2 cover=0.800 nlines=4
# HoughMemory: requested_MB=80.062 allocated_MB=80.062 num_x=128 directions=1281 coarsened=0 maxmem_MB=0.000
# N0=164 assigned=164 remaining_after_force=0
# Line 1: n=90 a=(41.695,-78.294,145.037) b=(0.455,-0.028,0.890) start=(-5.937,-75.349,51.900) end=(80.165,-80.672,220.259)
# x y z globalTime peakAmplitude integratedCharge
14.875000 -76.804785 91.000000 0.000000 0.000000 0.000000
16.625000 -76.762436 94.500000 0.000000 0.000000 0.000000
16.625000 -76.859160 98.000000 0.000000 0.000000 0.000000
18.375000 -76.843837 98.000000 0.000000 0.000000 0.000000
18.375000 -76.773227 101.500000 0.000000 0.000000 0.000000
20.125000 -76.795750 101.500000 0.000000 0.000000 0.000000
20.125000 -76.879096 105.000000 0.000000 0.000000 0.000000
21.875000 -76.866461 105.000000 0.000000 0.000000 0.000000
23.625000 -77.075417 108.500000 0.000000 0.000000 0.000000
23.625000 -77.100432 112.000000 0.000000 0.000000 0.000000
25.375000 -77.153363 108.500000 0.000000 0.000000 0.000000
25.375000 -77.178378 112.000000 0.000000 0.000000 0.000000
25.375000 -77.227170 115.500000 0.000000 0.000000 0.000000
27.125000 -77.228332 112.000000 0.000000 0.000000 0.000000
27.125000 -77.277124 115.500000 0.000000 0.000000 0.000000
27.125000 -77.334860 119.000000 0.000000 0.000000 0.000000
28.875000 -77.319514 115.500000 0.000000 0.000000 0.000000
28.875000 -77.377250 119.000000 0.000000 0.000000 0.000000
28.875000 -77.421092 122.500000 0.000000 0.000000 0.000000
30.625000 -77.412375 119.000000 0.000000 0.000000 0.000000
30.625000 -77.456217 122.500000 0.000000 0.000000 0.000000
30.625000 -77.511289 126.000000 0.000000 0.000000 0.000000
32.375000 -77.412799 122.500000 0.000000 0.000000 0.000000
32.375000 -77.467871 126.000000 0.000000 0.000000 0.000000
34.125000 -77.555794 126.000000 0.000000 0.000000 0.000000
34.125000 -77.610150 129.500000 0.000000 0.000000 0.000000
34.125000 -77.586574 133.000000 0.000000 0.000000 0.000000
34.125000 -77.499510 136.500000 0.000000 0.000000 0.000000
35.875000 -77.660660 129.500000 0.000000 0.000000 0.000000
35.875000 -77.637084 133.000000 0.000000 0.000000 0.000000
37.625000 -77.632814 133.000000 0.000000 0.000000 0.000000
37.625000 -77.709614 140.000000 0.000000 0.000000 0.000000
39.375000 -77.458398 136.500000 0.000000 0.000000 0.000000
41.125000 -77.774417 140.000000 0.000000 0.000000 0.000000
41.125000 -77.851785 147.000000 0.000000 0.000000 0.000000
42.875000 -77.948749 143.500000 0.000000 0.000000 0.000000
42.875000 -77.912048 147.000000 0.000000 0.000000 0.000000
44.625000 -78.008914 147.000000 0.000000 0.000000 0.000000
44.625000 -78.112409 150.500000 0.000000 0.000000 0.000000
46.375000 -78.214737 150.500000 0.000000 0.000000 0.000000
46.375000 -78.363815 154.000000 0.000000 0.000000 0.000000
46.375000 -78.376336 157.500000 0.000000 0.000000 0.000000
48.125000 -78.366355 154.000000 0.000000 0.000000 0.000000
48.125000 -78.378876 157.500000 0.000000 0.000000 0.000000
48.125000 -78.350242 161.000000 0.000000 0.000000 0.000000
49.875000 -78.491143 157.500000 0.000000 0.000000 0.000000
49.875000 -78.462509 161.000000 0.000000 0.000000 0.000000
49.875000 -78.498303 164.500000 0.000000 0.000000 0.000000
51.625000 -78.554779 164.500000 0.000000 0.000000 0.000000
51.625000 -78.709643 168.000000 0.000000 0.000000 0.000000
53.375000 -78.553772 164.500000 0.000000 0.000000 0.000000
53.375000 -78.708636 168.000000 0.000000 0.000000 0.000000
55.125000 -78.817047 168.000000 0.000000 0.000000 0.000000
55.125000 -78.849753 171.500000 0.000000 0.000000 0.000000
56.875000 -78.865470 168.000000 0.000000 0.000000 0.000000
56.875000 -78.898176 171.500000 0.000000 0.000000 0.000000
56.875000 -78.969462 175.000000 0.000000 0.000000 0.000000
58.625000 -78.906161 171.500000 0.000000 0.000000 0.000000
58.625000 -78.977447 175.000000 0.000000 0.000000 0.000000
58.625000 -78.954147 178.500000 0.000000 0.000000 0.000000
60.375000 -79.311768 182.000000 0.000000 0.000000 0.000000
60.375000 -79.329630 185.500000 0.000000 0.000000 0.000000
62.125000 -79.423938 182.000000 0.000000 0.000000 0.000000
62.125000 -79.441800 185.500000 0.000000 0.000000 0.000000
62.125000 -79.588373 189.000000 0.000000 0.000000 0.000000
63.875000 -79.756427 189.000000 0.000000 0.000000 0.000000
63.875000 -79.919220 192.500000 0.000000 0.000000 0.000000
65.625000 -79.703543 189.000000 0.000000 0.000000 0.000000
67.375000 -80.069751 192.500000 0.000000 0.000000 0.000000
67.375000 -80.145453 196.000000 0.000000 0.000000 0.000000
67.375000 -80.219226 199.500000 0.000000 0.000000 0.000000
69.125000 -80.357158 199.500000 0.000000 0.000000 0.000000
69.125000 -80.496788 203.000000 0.000000 0.000000 0.000000
70.875000 -80.568698 203.000000 0.000000 0.000000 0.000000
70.875000 -80.667313 206.500000 0.000000 0.000000 0.000000
72.625000 -80.772513 206.500000 0.000000 0.000000 0.000000
72.625000 -80.883243 210.000000 0.000000 0.000000 0.000000
74.375000 -81.078833 210.000000 0.000000 0.000000 0.000000
74.375000 -81.256540 213.500000 0.000000 0.000000 0.000000
76.125000 -81.354273 213.500000 0.000000 0.000000 0.000000
79.625000 -81.796550 217.000000 0.000000 0.000000 0.000000
79.625000 -81.803032 220.500000 0.000000 0.000000 0.000000
-5.082463 -75.840490 53.809386 0.000000 0.000000 0.000000
-6.948259 -75.695472 52.406323 0.000000 0.000000 0.000000
-3.139228 -76.572760 62.911553 0.000000 0.000000 0.000000
-3.142256 -76.472430 61.930830 0.000000 0.000000 0.000000
-5.279642 -76.364550 58.782516 0.000000 0.000000 0.000000
-2.205608 -76.357220 59.188098 0.000000 0.000000 0.000000
-4.552783 -76.244740 58.414319 0.000000 0.000000 0.000000
-4.115244 -76.162750 56.367764 0.000000 0.000000 0.000000
# Line 2: n=53 a=(-4.470,-76.673,57.914) b=(0.145,0.039,-0.989) start=(-9.239,-77.965,90.540) end=(2.544,-74.773,9.938)
# x y z globalTime peakAmplitude integratedCharge
-3.427833 -75.863190 54.760369 0.000000 0.000000 0.000000
-1.076361 -75.752740 52.106953 0.000000 0.000000 0.000000
-2.412839 -75.680866 50.989023 0.000000 0.000000 0.000000
-4.474590 -75.340500 51.395204 0.000000 0.000000 0.000000
-3.158053 -75.658710 49.144685 0.000000 0.000000 0.000000
-2.038117 -75.713154 46.659264 0.000000 0.000000 0.000000
-0.741661 -75.711212 45.420816 0.000000 0.000000 0.000000
-0.802063 -75.731300 43.871887 0.000000 0.000000 0.000000
-0.863019 -75.767144 41.410758 0.000000 0.000000 0.000000
-0.357484 -75.808564 40.807684 0.000000 0.000000 0.000000
-0.528497 -75.797960 38.240790 0.000000 0.000000 0.000000
-0.496753 -75.841114 37.060026 0.000000 0.000000 0.000000
-2.070989 -75.887464 34.280099 0.000000 0.000000 0.000000
-2.700562 -75.895800 33.893686 0.000000 0.000000 0.000000
-2.966314 -75.936920 32.213836 0.000000 0.000000 0.000000
-0.601932 -76.062500 28.077139 0.000000 0.000000 0.000000
-1.032289 -76.246912 26.511073 0.000000 0.000000 0.000000
-0.127699 -76.297564 24.558672 0.000000 0.000000 0.000000
-0.732055 -76.356024 23.167551 0.000000 0.000000 0.000000
-5.245602 -77.581756 76.477243 0.000000 0.000000 0.000000
-6.789465 -77.455024 75.998116 0.000000 0.000000 0.000000
-6.830681 -77.340520 74.046075 0.000000 0.000000 0.000000
-6.486655 -77.175820 71.355069 0.000000 0.000000 0.000000
-6.937154 -77.089228 70.404566 0.000000 0.000000 0.000000
-5.762646 -76.991846 68.027932 0.000000 0.000000 0.000000
-4.295809 -76.864040 66.579897 0.000000 0.000000 0.000000
-5.680812 -76.758240 64.843540 0.000000 0.000000 0.000000
-6.536330 -76.616388 63.653575 0.000000 0.000000 0.000000
-6.372163 -76.473046 60.595265 0.000000 0.000000 0.000000
-2.908412 -76.143952 56.006609 0.000000 0.000000 0.000000
-9.763090 -78.140980 90.456492 0.000000 0.000000 0.000000
-9.286272 -78.302166 87.585259 0.000000 0.000000 0.000000
-7.961225 -78.234844 85.011760 0.000000 0.000000 0.000000
-7.959191 -78.159880 84.642656 0.000000 0.000000 0.000000
-7.517837 -78.041940 82.376422 0.000000 0.000000 0.000000
-9.818880 -77.898066 79.949249 0.000000 0.000000 0.000000
-8.004929 -77.770336 78.908868 0.000000 0.000000 0.000000
-7.994646 -77.673896 76.275940 0.000000 0.000000 0.000000
-7.331012 -77.465216 74.796998 0.000000 0.000000 0.000000
-8.690464 -77.394600 73.981010 0.000000 0.000000 0.000000
-3.322312 -76.000532 29.597512 0.000000 0.000000 0.000000
-2.552397 -76.393450 21.173369 0.000000 0.000000 0.000000
-1.027835 -76.502070 19.793600 0.000000 0.000000 0.000000
-3.413112 -76.548780 17.692967 0.000000 0.000000 0.000000
-0.609226 -76.619700 16.439870 0.000000 0.000000 0.000000
-1.625699 -76.685224 13.776835 0.000000 0.000000 0.000000
-2.384990 -76.755706 12.494323 0.000000 0.000000 0.000000
-2.771319 -76.816320 10.985219 0.000000 0.000000 0.000000
-0.370281 -76.922888 9.426384 0.000000 0.000000 0.000000
-5.574297 -78.035572 82.468103 0.000000 0.000000 0.000000
-4.054672 -77.798914 80.357816 0.000000 0.000000 0.000000
-5.490969 -77.713196 78.212360 0.000000 0.000000 0.000000
-7.205115 -78.187732 88.696326 0.000000 0.000000 0.000000
# Line 3: n=21 a=(29.887,-77.329,114.889) b=(0.463,-0.021,0.886) start=(-0.313,-75.948,57.013) end=(52.017,-78.340,157.301)
# x y z globalTime peakAmplitude integratedCharge
14.875000 -76.654031 87.500000 0.000000 0.000000 0.000000
16.625000 -76.847742 91.000000 0.000000 0.000000 0.000000
18.375000 -76.832419 91.000000 0.000000 0.000000 0.000000
18.375000 -76.747113 94.500000 0.000000 0.000000 0.000000
20.125000 -76.866360 98.000000 0.000000 0.000000 0.000000
21.875000 -76.853725 98.000000 0.000000 0.000000 0.000000
21.875000 -76.783115 101.500000 0.000000 0.000000 0.000000
23.625000 -76.973600 98.000000 0.000000 0.000000 0.000000
23.625000 -76.986336 105.000000 0.000000 0.000000 0.000000
32.375000 -77.311221 115.500000 0.000000 0.000000 0.000000
32.375000 -77.368957 119.000000 0.000000 0.000000 0.000000
34.125000 -77.500722 122.500000 0.000000 0.000000 0.000000
35.875000 -77.606304 126.000000 0.000000 0.000000 0.000000
37.625000 -77.656390 129.500000 0.000000 0.000000 0.000000
39.375000 -77.545462 133.000000 0.000000 0.000000 0.000000
42.875000 -77.834680 140.000000 0.000000 0.000000 0.000000
44.625000 -78.045615 143.500000 0.000000 0.000000 0.000000
48.125000 -78.217277 150.500000 0.000000 0.000000 0.000000
49.875000 -78.478622 154.000000 0.000000 0.000000 0.000000
51.625000 -78.547619 157.500000 0.000000 0.000000 0.000000
-0.633363 -76.246204 57.173227 0.000000 0.000000 0.000000
