# Event 3185
# Params: dx_requested=3.221702 dx_event(vote)=3.221702 rline(inlier)=3.221702 minvotes=4 nstart=2 cover=0.800 nlines=4
# HoughMemory: requested_MB=80.062 allocated_MB=80.062 num_x=128 directions=1281 coarsened=0 maxmem_MB=0.000
# N0=131 assigned=131 remaining_after_force=0
# Line 1: n=50 a=(-0.197,-71.956,55.440) b=(0.203,-0.002,0.979) start=(-6.820,-71.876,23.442) end=(6.479,-72.038,87.687)
# x y z globalTime peakAmplitude integratedCharge
1.715997 -71.847700 53.762511 0.000000 0.000000 0.000000
-0.413561 -71.910004 54.807530 0.000000 0.000000 0.000000
0.959243 -71.910450 52.460163 0.000000 0.000000 0.000000
-1.428820 -71.869324 52.951262 0.000000 0.000000 0.000000
-0.596943 -71.833906 50.860712 0.000000 0.000000 0.000000
-1.099366 -71.825330 49.164912 0.000000 0.000000 0.000000
-2.084590 -71.839350 46.678663 0.000000 0.000000 0.000000
-2.487144 -71.819476 45.714947 0.000000 0.000000 0.000000
-2.296208 -71.818610 44.380764 0.000000 0.000000 0.000000
-6.481381 -71.747380 43.689207 0.000000 0.000000 0.000000
-0.484766 -71.772510 42.206470 0.000000 0.000000 0.000000
-5.002306 -71.738000 41.402895 0.000000 0.000000 0.000000
-0.754283 -71.745704 40.287955 0.000000 0.000000 0.000000
-4.550964 -71.705932 40.570657 0.000000 0.000000 0.000000
-3.154507 -71.747980 38.527397 0.000000 0.000000 0.000000
-4.830697 -71.684704 38.028213 0.000000 0.000000 0.000000
-4.866279 -71.706854 36.123204 0.000000 0.000000 0.000000
-4.397998 -71.785108 34.686732 0.000000 0.000000 0.000000
-4.266384 -71.799360 32.966817 0.000000 0.000000 0.000000
-6.445074 -71.828626 31.735512 0.000000 0.000000 0.000000
-4.750677 -71.850086 29.750408 0.000000 0.000000 0.000000
-5.504491 -71.906140 27.326138 0.000000 0.000000 0.000000
6.477268 -71.012952 85.996655 0.000000 0.000000 0.000000
6.147589 -71.444480 83.282260 0.000000 0.000000 0.000000
-6.550479 -72.210590 25.795102 0.000000 0.000000 0.000000
-6.718697 -72.336834 23.419729 0.000000 0.000000 0.000000
3.747951 -71.896314 81.522538 0.000000 0.000000 0.000000
5.930350 -72.184052 80.175114 0.000000 0.000000 0.000000
6.482061 -72.179940 79.016114 0.000000 0.000000 0.000000
3.603428 -72.177640 76.891483 0.000000 0.000000 0.000000
2.543865 -72.113794 75.193156 0.000000 0.000000 0.000000
3.814114 -72.122552 74.767211 0.000000 0.000000 0.000000
0.110808 -72.167994 73.701694 0.000000 0.000000 0.000000
4.111869 -72.112100 74.240455 0.000000 0.000000 0.000000
2.020964 -72.178010 71.813479 0.000000 0.000000 0.000000
5.443797 -72.117414 71.121760 0.000000 0.000000 0.000000
0.083784 -72.160096 69.673518 0.000000 0.000000 0.000000
3.682772 -72.076980 70.607627 0.000000 0.000000 0.000000
0.837676 -72.154974 68.416042 0.000000 0.000000 0.000000
3.333295 -72.156800 67.220228 0.000000 0.000000 0.000000
3.050105 -72.137232 65.192733 0.000000 0.000000 0.000000
2.172111 -72.164560 63.152038 0.000000 0.000000 0.000000
2.794419 -72.177094 60.951242 0.000000 0.000000 0.000000
-2.141214 -72.175610 60.197648 0.000000 0.000000 0.000000
3.042881 -72.164086 59.353330 0.000000 0.000000 0.000000
-1.863681 -72.159008 58.159696 0.000000 0.000000 0.000000
0.121474 -72.149836 57.622112 0.000000 0.000000 0.000000
-0.347989 -72.107920 55.300763 0.000000 0.000000 0.000000
1.660880 -72.128234 55.709005 0.000000 0.000000 0.000000
4.001368 -70.642280 88.203142 0.000000 0.000000 0.000000
# Line 2: n=64 a=(-58.800,-63.975,156.100) b=(0.418,-0.046,-0.907) start=(-76.976,-61.982,195.593) end=(-7.797,-69.566,45.282)
# x y z globalTime peakAmplitude integratedCharge
-76.125000 -62.361274 189.000000 0.000000 0.000000 0.000000
-76.125000 -62.348777 192.500000 0.000000 0.000000 0.000000
-76.125000 -62.273520 196.000000 0.000000 0.000000 0.000000
-74.375000 -62.305497 192.500000 0.000000 0.000000 0.000000
-72.625000 -62.381196 182.000000 0.000000 0.000000 0.000000
-72.625000 -62.509840 185.500000 0.000000 0.000000 0.000000
-72.625000 -62.441264 189.000000 0.000000 0.000000 0.000000
-70.875000 -62.565426 185.500000 0.000000 0.000000 0.000000
-69.125000 -62.960704 175.000000 0.000000 0.000000 0.000000
-69.125000 -62.916268 178.500000 0.000000 0.000000 0.000000
-65.625000 -63.051990 168.000000 0.000000 0.000000 0.000000
-65.625000 -63.068048 171.500000 0.000000 0.000000 0.000000
-65.625000 -62.989367 175.000000 0.000000 0.000000 0.000000
-63.875000 -63.499408 161.000000 0.000000 0.000000 0.000000
-63.875000 -63.473786 164.500000 0.000000 0.000000 0.000000
-62.125000 -63.666208 157.500000 0.000000 0.000000 0.000000
-62.125000 -63.624643 161.000000 0.000000 0.000000 0.000000
-62.125000 -63.599021 164.500000 0.000000 0.000000 0.000000
-60.375000 -63.700783 157.500000 0.000000 0.000000 0.000000
-60.375000 -63.659218 161.000000 0.000000 0.000000 0.000000
-60.375000 -63.633596 164.500000 0.000000 0.000000 0.000000
-56.875000 -64.133078 154.000000 0.000000 0.000000 0.000000
-55.125000 -64.297549 147.000000 0.000000 0.000000 0.000000
-55.125000 -64.305945 150.500000 0.000000 0.000000 0.000000
-55.125000 -64.210473 154.000000 0.000000 0.000000 0.000000
-53.375000 -64.442206 143.500000 0.000000 0.000000 0.000000
-53.375000 -64.346020 147.000000 0.000000 0.000000 0.000000
-53.375000 -64.354416 150.500000 0.000000 0.000000 0.000000
-51.625000 -64.707625 140.000000 0.000000 0.000000 0.000000
-49.875000 -65.014837 136.500000 0.000000 0.000000 0.000000
-48.125000 -65.351761 129.500000 0.000000 0.000000 0.000000
-48.125000 -65.340161 133.000000 0.000000 0.000000 0.000000
-46.375000 -65.573151 126.000000 0.000000 0.000000 0.000000
-46.375000 -65.406754 129.500000 0.000000 0.000000 0.000000
-44.625000 -65.462061 122.500000 0.000000 0.000000 0.000000
-44.625000 -65.568369 126.000000 0.000000 0.000000 0.000000
-44.625000 -65.401972 129.500000 0.000000 0.000000 0.000000
-42.875000 -65.885917 119.000000 0.000000 0.000000 0.000000
-41.125000 -65.973870 119.000000 0.000000 0.000000 0.000000
-39.375000 -66.181866 115.500000 0.000000 0.000000 0.000000
-74.375000 -62.230240 196.000000 0.000000 0.000000 0.000000
-72.625000 -62.428767 192.500000 0.000000 0.000000 0.000000
-65.625000 -62.944931 178.500000 0.000000 0.000000 0.000000
-41.125000 -66.130610 115.500000 0.000000 0.000000 0.000000
-37.625000 -66.581666 108.500000 0.000000 0.000000 0.000000
-34.125000 -67.272560 98.000000 0.000000 0.000000 0.000000
-34.125000 -67.247472 101.500000 0.000000 0.000000 0.000000
-30.625000 -67.718656 91.000000 0.000000 0.000000 0.000000
-30.625000 -67.668744 94.500000 0.000000 0.000000 0.000000
-28.875000 -68.013818 87.500000 0.000000 0.000000 0.000000
-28.875000 -67.902164 91.000000 0.000000 0.000000 0.000000
-27.125000 -68.040198 87.500000 0.000000 0.000000 0.000000
-25.375000 -68.654108 80.500000 0.000000 0.000000 0.000000
-25.375000 -68.507898 84.000000 0.000000 0.000000 0.000000
-23.625000 -68.831004 77.000000 0.000000 0.000000 0.000000
-23.625000 -68.805220 80.500000 0.000000 0.000000 0.000000
-21.875000 -69.175958 70.000000 0.000000 0.000000 0.000000
-21.875000 -69.106607 73.500000 0.000000 0.000000 0.000000
-20.125000 -69.330355 70.000000 0.000000 0.000000 0.000000
-18.375000 -69.708993 63.000000 0.000000 0.000000 0.000000
-18.375000 -69.626465 66.500000 0.000000 0.000000 0.000000
-16.625000 -70.283796 56.000000 0.000000 0.000000 0.000000
-16.625000 -70.174820 59.500000 0.000000 0.000000 0.000000
-6.263349 -71.842580 46.103047 0.000000 0.000000 0.000000
# Line 3: n=17 a=(1.317,-71.504,49.125) b=(0.183,0.036,0.982) start=(-6.086,-72.963,9.336) end=(9.693,-69.854,94.141)
# x y z globalTime peakAmplitude integratedCharge
-3.747629 -72.277814 23.937941 0.000000 0.000000 0.000000
-4.592291 -72.408350 20.915307 0.000000 0.000000 0.000000
-3.998651 -72.477814 19.186974 0.000000 0.000000 0.000000
-5.008598 -72.537128 17.074319 0.000000 0.000000 0.000000
-5.544874 -72.616992 15.815810 0.000000 0.000000 0.000000
-4.999765 -72.742150 14.114353 0.000000 0.000000 0.000000
-5.649028 -72.807660 12.629516 0.000000 0.000000 0.000000
-6.931102 -72.929908 10.445298 0.000000 0.000000 0.000000
-4.000039 -73.060880 8.951671 0.000000 0.000000 0.000000
5.907613 -72.076452 68.023532 0.000000 0.000000 0.000000
9.241274 -68.527076 94.176027 0.000000 0.000000 0.000000
8.423167 -69.018480 93.148709 0.000000 0.000000 0.000000
9.953425 -69.590888 90.331595 0.000000 0.000000 0.000000
7.328089 -70.076330 89.328725 0.000000 0.000000 0.000000
7.848531 -70.447772 87.540494 0.000000 0.000000 0.000000
8.370019 -70.838400 85.267308 0.000000 0.000000 0.000000
9.793730 -71.139800 84.245064 0.000000 0.000000 0.000000
