# Event 4335
# Params: dx_requested=3.291226 dx_event(vote)=3.291226 rline(inlier)=3.291226 minvotes=4 nstart=2 cover=0.800 nlines=4
# HoughMemory: requested_MB=80.062 allocated_MB=80.062 num_x=128 directions=1281 coarsened=0 maxmem_MB=0.000
# N0=77 assigned=77 remaining_after_force=0
# Line 1: n=48 a=(-7.965,-72.335,46.728) b=(0.038,0.024,0.999) start=(-9.398,-73.237,8.696) end=(-6.627,-71.493,82.242)
# x y z globalTime peakAmplitude integratedCharge
-6.895254 -72.610308 45.683365 0.000000 0.000000 0.000000
-4.841070 -71.056372 82.164137 0.000000 0.000000 0.000000
-6.837387 -71.272950 78.190369 0.000000 0.000000 0.000000
-6.652874 -71.436170 76.975309 0.000000 0.000000 0.000000
-5.966441 -71.490588 75.694695 0.000000 0.000000 0.000000
-5.415024 -71.539196 73.234609 0.000000 0.000000 0.000000
-5.460869 -71.712512 69.563464 0.000000 0.000000 0.000000
-6.290267 -71.889788 65.751874 0.000000 0.000000 0.000000
-6.061351 -72.139850 62.471622 0.000000 0.000000 0.000000
-5.194485 -72.346100 61.461101 0.000000 0.000000 0.000000
-6.679279 -72.457092 58.992233 0.000000 0.000000 0.000000
-7.160599 -71.946136 72.210010 0.000000 0.000000 0.000000
-7.282762 -71.804380 70.498122 0.000000 0.000000 0.000000
-7.838676 -71.770508 68.445567 0.000000 0.000000 0.000000
-9.609014 -71.852704 66.216762 0.000000 0.000000 0.000000
-7.671542 -71.923736 64.654999 0.000000 0.000000 0.000000
-7.362934 -71.979052 63.582242 0.000000 0.000000 0.000000
-8.025797 -72.061268 61.356292 0.000000 0.000000 0.000000
-8.302586 -72.134668 58.937337 0.000000 0.000000 0.000000
-10.436431 -72.141160 57.353463 0.000000 0.000000 0.000000
-8.515587 -72.184710 56.476303 0.000000 0.000000 0.000000
-7.553276 -72.249066 53.963253 0.000000 0.000000 0.000000
-7.874479 -72.270050 53.005474 0.000000 0.000000 0.000000
-7.952221 -72.347266 50.008171 0.000000 0.000000 0.000000
-9.983722 -72.335474 48.710729 0.000000 0.000000 0.000000
-8.857024 -72.371124 47.389319 0.000000 0.000000 0.000000
-8.608343 -72.397174 45.464902 0.000000 0.000000 0.000000
-10.327173 -72.426728 44.407344 0.000000 0.000000 0.000000
-7.681926 -72.408780 42.516792 0.000000 0.000000 0.000000
-8.859257 -72.470184 40.915888 0.000000 0.000000 0.000000
-10.309009 -72.525580 39.175758 0.000000 0.000000 0.000000
-7.267188 -72.559300 36.615651 0.000000 0.000000 0.000000
-8.934369 -72.557794 35.486401 0.000000 0.000000 0.000000
-8.299967 -72.641174 32.890447 0.000000 0.000000 0.000000
-10.329999 -72.685150 31.784030 0.000000 0.000000 0.000000
-7.611364 -72.682464 29.685733 0.000000 0.000000 0.000000
-8.397738 -72.735314 27.425832 0.000000 0.000000 0.000000
-8.916596 -72.754100 26.207242 0.000000 0.000000 0.000000
-7.759103 -72.762744 24.874171 0.000000 0.000000 0.000000
-7.070776 -72.832824 22.430743 0.000000 0.000000 0.000000
-9.832671 -72.858172 21.582507 0.000000 0.000000 0.000000
-8.511657 -72.931180 18.773820 0.000000 0.000000 0.000000
-8.959669 -72.904168 16.932880 0.000000 0.000000 0.000000
-7.133242 -72.925104 16.279573 0.000000 0.000000 0.000000
-9.733176 -73.027000 14.266059 0.000000 0.000000 0.000000
-9.455799 -73.094256 12.962281 0.000000 0.000000 0.000000
-8.411926 -73.256616 10.563505 0.000000 0.000000 0.000000
-9.181465 -73.330994 8.689810 0.000000 0.000000 0.000000
# Line 2: n=29 a=(-20.640,-75.382,152.084) b=(0.205,0.049,-0.978) start=(-34.228,-78.661,216.982) end=(-2.321,-70.961,64.586)
# x y z globalTime peakAmplitude integratedCharge
-34.125000 -78.732269 217.000000 0.000000 0.000000 0.000000
-32.375000 -78.390516 210.000000 0.000000 0.000000 0.000000
-32.375000 -78.489116 213.500000 0.000000 0.000000 0.000000
-30.625000 -77.676425 199.500000 0.000000 0.000000 0.000000
-28.875000 -77.147607 189.000000 0.000000 0.000000 0.000000
-28.875000 -77.230069 192.500000 0.000000 0.000000 0.000000
-27.125000 -76.793116 178.500000 0.000000 0.000000 0.000000
-27.125000 -76.803113 182.000000 0.000000 0.000000 0.000000
-27.125000 -76.853922 185.500000 0.000000 0.000000 0.000000
-27.125000 -76.965973 189.000000 0.000000 0.000000 0.000000
-25.375000 -76.402382 168.000000 0.000000 0.000000 0.000000
-25.375000 -76.482122 175.000000 0.000000 0.000000 0.000000
-23.625000 -76.138525 164.500000 0.000000 0.000000 0.000000
-21.875000 -75.840488 157.500000 0.000000 0.000000 0.000000
-18.375000 -75.204822 133.000000 0.000000 0.000000 0.000000
-18.375000 -75.209218 136.500000 0.000000 0.000000 0.000000
-4.595848 -70.653504 85.248513 0.000000 0.000000 0.000000
-4.266310 -70.826980 83.821109 0.000000 0.000000 0.000000
-4.326783 -71.141460 80.885391 0.000000 0.000000 0.000000
-4.175284 -71.618030 72.190985 0.000000 0.000000 0.000000
-4.015193 -71.791440 68.505059 0.000000 0.000000 0.000000
-3.956191 -72.018316 64.190420 0.000000 0.000000 0.000000
-27.125000 -76.784366 171.500000 0.000000 0.000000 0.000000
-25.375000 -76.365469 161.000000 0.000000 0.000000 0.000000
-23.625000 -76.134466 154.000000 0.000000 0.000000 0.000000
-21.875000 -75.798691 147.000000 0.000000 0.000000 0.000000
-18.375000 -75.196508 126.000000 0.000000 0.000000 0.000000
-18.375000 -75.103543 129.500000 0.000000 0.000000 0.000000
-16.625000 -74.772888 119.000000 0.000000 0.000000 0.000000
