# Event 2661
# Params: dx_requested=3.704162 dx_event(vote)=3.704162 rline(inlier)=3.704162 minvotes=4 nstart=2 cover=0.800 nlines=4
# HoughMemory: requested_MB=80.062 allocated_MB=80.062 num_x=128 directions=1281 coarsened=0 maxmem_MB=0.000
# N0=156 assigned=156 remaining_after_force=0
# Line 1: n=115 a=(0.454,-53.976,66.677) b=(0.121,-0.098,-0.988) start=(-7.109,-47.876,128.395) end=(7.534,-59.686,8.901)
# x y z globalTime peakAmplitude integratedCharge
4.920783 -55.675446 54.594679 0.000000 0.000000 0.000000
3.435739 -55.634760 53.592551 0.000000 0.000000 0.000000
3.550893 -55.733014 51.946748 0.000000 0.000000 0.000000
2.147221 -55.765700 53.244259 0.000000 0.000000 0.000000
2.756224 -55.849176 50.837247 0.000000 0.000000 0.000000
6.023440 -55.906774 49.306447 0.000000 0.000000 0.000000
0.310640 -55.960992 49.519576 0.000000 0.000000 0.000000
4.456575 -56.027594 46.960131 0.000000 0.000000 0.000000
1.192521 -56.074726 47.523868 0.000000 0.000000 0.000000
4.409205 -56.082020 45.109090 0.000000 0.000000 0.000000
1.356990 -56.157574 44.949562 0.000000 0.000000 0.000000
5.871816 -56.263732 43.203765 0.000000 0.000000 0.000000
0.165188 -56.291912 43.002559 0.000000 0.000000 0.000000
4.642374 -56.329914 42.464326 0.000000 0.000000 0.000000
1.606309 -56.389520 42.457403 0.000000 0.000000 0.000000
6.805713 -56.427570 40.761610 0.000000 0.000000 0.000000
1.572164 -56.481214 40.733294 0.000000 0.000000 0.000000
5.683564 -56.458000 39.228301 0.000000 0.000000 0.000000
2.940636 -56.573400 39.234382 0.000000 0.000000 0.000000
5.484223 -56.589556 37.024319 0.000000 0.000000 0.000000
1.362806 -56.682386 36.527864 0.000000 0.000000 0.000000
6.159253 -56.706680 34.392180 0.000000 0.000000 0.000000
1.217267 -56.786640 35.180852 0.000000 0.000000 0.000000
4.628125 -56.767486 33.198592 0.000000 0.000000 0.000000
2.317599 -56.880396 33.848966 0.000000 0.000000 0.000000
6.347493 -56.880590 31.769628 0.000000 0.000000 0.000000
2.139820 -56.944226 32.147880 0.000000 0.000000 0.000000
5.057720 -56.989780 29.137620 0.000000 0.000000 0.000000
2.550533 -57.040496 29.761403 0.000000 0.000000 0.000000
5.955137 -57.139636 27.481098 0.000000 0.000000 0.000000
-4.153731 -48.848258 110.665875 0.000000 0.000000 0.000000
-4.336118 -49.049426 108.005763 0.000000 0.000000 0.000000
-6.626806 -49.323114 107.319764 0.000000 0.000000 0.000000
-3.866459 -49.586792 105.731129 0.000000 0.000000 0.000000
-4.825622 -49.837250 102.615658 0.000000 0.000000 0.000000
-0.972450 -50.192636 102.043644 0.000000 0.000000 0.000000
-4.372297 -50.124454 101.355750 0.000000 0.000000 0.000000
-2.445860 -50.473096 99.904166 0.000000 0.000000 0.000000
-5.404626 -50.404728 100.262749 0.000000 0.000000 0.000000
-2.055179 -50.757846 97.640357 0.000000 0.000000 0.000000
-3.639122 -50.633416 98.484966 0.000000 0.000000 0.000000
-3.234965 -51.045914 96.249620 0.000000 0.000000 0.000000
-5.543763 -50.967360 96.114218 0.000000 0.000000 0.000000
-3.255670 -51.325086 93.987202 0.000000 0.000000 0.000000
-6.925791 -51.204706 93.834969 0.000000 0.000000 0.000000
-3.031319 -51.604780 92.205384 0.000000 0.000000 0.000000
-1.787347 -51.899988 91.032925 0.000000 0.000000 0.000000
0.079991 -52.240064 89.214918 0.000000 0.000000 0.000000
-1.147122 -52.163980 89.491483 0.000000 0.000000 0.000000
0.188865 -52.519604 87.734154 0.000000 0.000000 0.000000
-0.185157 -52.454974 86.943324 0.000000 0.000000 0.000000
1.141103 -52.764860 85.352147 0.000000 0.000000 0.000000
-3.297563 -52.744512 86.423239 0.000000 0.000000 0.000000
1.252799 -53.058514 84.284084 0.000000 0.000000 0.000000
-1.916074 -53.051880 84.416324 0.000000 0.000000 0.000000
3.704165 -57.482780 26.346682 0.000000 0.000000 0.000000
3.884059 -57.621700 24.704624 0.000000 0.000000 0.000000
5.406300 -57.683936 22.632212 0.000000 0.000000 0.000000
4.099513 -57.811988 20.254602 0.000000 0.000000 0.000000
6.520105 -57.958454 19.448733 0.000000 0.000000 0.000000
4.382768 -58.075524 17.561258 0.000000 0.000000 0.000000
6.650204 -58.183936 16.393804 0.000000 0.000000 0.000000
4.289391 -58.290386 13.364555 0.000000 0.000000 0.000000
4.454530 -58.577832 12.703781 0.000000 0.000000 0.000000
6.119029 -58.649054 10.262121 0.000000 0.000000 0.000000
-0.724818 -53.445380 82.132301 0.000000 0.000000 0.000000
1.693538 -54.059394 78.726247 0.000000 0.000000 0.000000
1.819658 -54.332526 76.906154 0.000000 0.000000 0.000000
2.557246 -54.516296 74.763329 0.000000 0.000000 0.000000
0.056415 -54.701544 73.661741 0.000000 0.000000 0.000000
0.450743 -54.907600 69.402271 0.000000 0.000000 0.000000
2.950713 -55.017680 67.602254 0.000000 0.000000 0.000000
1.791669 -55.119980 66.706787 0.000000 0.000000 0.000000
1.851695 -55.225006 64.825142 0.000000 0.000000 0.000000
1.686073 -55.381384 63.284580 0.000000 0.000000 0.000000
0.729911 -55.478320 61.275507 0.000000 0.000000 0.000000
1.033428 -55.581020 60.146232 0.000000 0.000000 0.000000
3.551885 -55.532544 58.819947 0.000000 0.000000 0.000000
2.665127 -55.688996 57.066815 0.000000 0.000000 0.000000
3.880327 -55.636524 58.320782 0.000000 0.000000 0.000000
2.092606 -55.799792 55.959195 0.000000 0.000000 0.000000
4.665885 -55.702386 56.608828 0.000000 0.000000 0.000000
-4.018218 -48.664590 113.004788 0.000000 0.000000 0.000000
-5.768119 -48.820960 111.744612 0.000000 0.000000 0.000000
-8.778055 -47.238364 128.126963 0.000000 0.000000 0.000000
-7.411168 -47.293238 125.767697 0.000000 0.000000 0.000000
-8.424944 -47.397088 123.541018 0.000000 0.000000 0.000000
-8.488264 -47.489108 122.817024 0.000000 0.000000 0.000000
-7.579580 -47.622144 121.400400 0.000000 0.000000 0.000000
-8.574990 -47.858416 118.610247 0.000000 0.000000 0.000000
-9.766926 -48.324868 116.243454 0.000000 0.000000 0.000000
-8.400628 -48.820466 112.691469 0.000000 0.000000 0.000000
6.546241 -55.861548 50.183311 0.000000 0.000000 0.000000
1.656037 -57.150360 27.896225 0.000000 0.000000 0.000000
2.066737 -57.489112 26.447819 0.000000 0.000000 0.000000
1.722624 -57.618232 24.469494 0.000000 0.000000 0.000000
1.781695 -57.751720 22.248531 0.000000 0.000000 0.000000
0.245136 -57.862176 21.004910 0.000000 0.000000 0.000000
1.908592 -58.004046 19.791242 0.000000 0.000000 0.000000
0.543235 -58.122192 17.267467 0.000000 0.000000 0.000000
1.894254 -58.240870 15.212810 0.000000 0.000000 0.000000
3.351231 -58.385220 13.737891 0.000000 0.000000 0.000000
0.144838 -58.509620 12.852973 0.000000 0.000000 0.000000
3.113869 -58.667016 10.747733 0.000000 0.000000 0.000000
3.155449 -58.872730 8.764704 0.000000 0.000000 0.000000
3.757350 -58.845640 8.355122 0.000000 0.000000 0.000000
6.565668 -55.010730 68.217959 0.000000 0.000000 0.000000
4.720094 -55.148352 65.847300 0.000000 0.000000 0.000000
6.233950 -55.185560 64.284133 0.000000 0.000000 0.000000
5.565256 -55.320324 62.296514 0.000000 0.000000 0.000000
5.841500 -55.396894 61.326330 0.000000 0.000000 0.000000
-9.585289 -49.082284 109.664842 0.000000 0.000000 0.000000
-9.396375 -49.289728 109.016133 0.000000 0.000000 0.000000
-10.249931 -48.058892 116.966294 0.000000 0.000000 0.000000
-9.522856 -48.574432 113.078886 0.000000 0.000000 0.000000
# Line 2: n=41 a=(44.918,-66.694,144.968) b=(0.508,-0.153,0.847) start=(1.869,-53.715,73.201) end=(90.227,-80.355,220.502)
# x y z globalTime peakAmplitude integratedCharge
14.875000 -57.921530 94.500000 0.000000 0.000000 0.000000
16.625000 -58.342218 98.000000 0.000000 0.000000 0.000000
20.125000 -59.429614 105.000000 0.000000 0.000000 0.000000
25.375000 -60.693811 112.000000 0.000000 0.000000 0.000000
27.125000 -61.154389 115.500000 0.000000 0.000000 0.000000
28.875000 -61.868256 119.000000 0.000000 0.000000 0.000000
30.625000 -62.427503 122.500000 0.000000 0.000000 0.000000
35.875000 -63.776748 129.500000 0.000000 0.000000 0.000000
37.625000 -64.344080 133.000000 0.000000 0.000000 0.000000
39.375000 -64.991650 136.500000 0.000000 0.000000 0.000000
41.125000 -65.561775 140.000000 0.000000 0.000000 0.000000
46.375000 -67.038962 147.000000 0.000000 0.000000 0.000000
48.125000 -67.474389 150.500000 0.000000 0.000000 0.000000
49.875000 -68.087622 154.000000 0.000000 0.000000 0.000000
51.625000 -68.616628 157.500000 0.000000 0.000000 0.000000
56.875000 -70.087165 164.500000 0.000000 0.000000 0.000000
58.625000 -70.637076 168.000000 0.000000 0.000000 0.000000
60.375000 -71.264554 171.500000 0.000000 0.000000 0.000000
62.125000 -71.853037 175.000000 0.000000 0.000000 0.000000
65.625000 -72.721530 178.500000 0.000000 0.000000 0.000000
67.375000 -73.293506 182.000000 0.000000 0.000000 0.000000
69.125000 -73.828485 185.500000 0.000000 0.000000 0.000000
70.875000 -74.539532 189.000000 0.000000 0.000000 0.000000
74.375000 -75.352426 192.500000 0.000000 0.000000 0.000000
76.125000 -76.016464 196.000000 0.000000 0.000000 0.000000
77.875000 -76.651648 199.500000 0.000000 0.000000 0.000000
79.625000 -77.311297 203.000000 0.000000 0.000000 0.000000
81.375000 -77.887238 206.500000 0.000000 0.000000 0.000000
84.875000 -78.894806 210.000000 0.000000 0.000000 0.000000
86.625000 -79.435714 213.500000 0.000000 0.000000 0.000000
88.375000 -80.150818 217.000000 0.000000 0.000000 0.000000
90.125000 -80.703061 220.500000 0.000000 0.000000 0.000000
3.364437 -53.550240 81.927391 0.000000 0.000000 0.000000
2.911837 -53.771800 80.287017 0.000000 0.000000 0.000000
5.432169 -54.726856 78.411136 0.000000 0.000000 0.000000
5.455549 -54.487896 77.655304 0.000000 0.000000 0.000000
3.820944 -54.519904 75.972983 0.000000 0.000000 0.000000
3.759533 -54.748194 73.781150 0.000000 0.000000 0.000000
3.391702 -54.788154 72.093424 0.000000 0.000000 0.000000
4.598027 -54.814260 71.579203 0.000000 0.000000 0.000000
6.258797 -54.875872 70.622728 0.000000 0.000000 0.000000
