# Event 102
# Params: dx_requested=3.582850 dx_event(vote)=3.582850 rline(inlier)=3.582850 minvotes=4 nstart=2 cover=0.800 nlines=4
# HoughMemory: requested_MB=80.062 allocated_MB=80.062 num_x=128 directions=1281 coarsened=0 maxmem_MB=0.000
# N0=113 assigned=113 remaining_after_force=0
# Line 1: n=52 a=(4.468,-71.173,71.682) b=(0.125,-0.026,0.992) start=(-0.734,-70.095,30.375) end=(8.731,-72.055,105.532)
# x y z globalTime peakAmplitude integratedCharge
1.841578 -70.387750 54.052557 0.000000 0.000000 0.000000
3.128054 -70.410380 52.171018 0.000000 0.000000 0.000000
0.801597 -70.474792 51.066592 0.000000 0.000000 0.000000
3.241433 -70.484052 49.447564 0.000000 0.000000 0.000000
1.197129 -70.562540 47.097332 0.000000 0.000000 0.000000
1.264654 -70.572210 44.840261 0.000000 0.000000 0.000000
1.168544 -70.620068 43.135410 0.000000 0.000000 0.000000
0.174047 -70.688540 42.615619 0.000000 0.000000 0.000000
1.167183 -70.688860 40.528270 0.000000 0.000000 0.000000
2.668016 -70.771216 37.360281 0.000000 0.000000 0.000000
1.865804 -70.845560 35.097062 0.000000 0.000000 0.000000
0.252624 -70.882166 32.897757 0.000000 0.000000 0.000000
0.433508 -70.979072 30.204782 0.000000 0.000000 0.000000
5.384309 -71.909094 92.183924 0.000000 0.000000 0.000000
6.631299 -71.844812 90.634698 0.000000 0.000000 0.000000
4.319156 -71.612592 88.931688 0.000000 0.000000 0.000000
4.399780 -71.527240 88.184829 0.000000 0.000000 0.000000
6.592219 -71.370172 86.233177 0.000000 0.000000 0.000000
4.018400 -71.256964 84.460967 0.000000 0.000000 0.000000
5.464865 -71.366174 82.321908 0.000000 0.000000 0.000000
5.971281 -71.232154 81.076728 0.000000 0.000000 0.000000
6.554141 -71.156916 78.466346 0.000000 0.000000 0.000000
5.029304 -71.080804 77.575560 0.000000 0.000000 0.000000
6.340412 -70.964892 75.820417 0.000000 0.000000 0.000000
2.998970 -70.891640 73.719855 0.000000 0.000000 0.000000
5.128434 -70.876960 73.738399 0.000000 0.000000 0.000000
4.534381 -70.821430 72.088078 0.000000 0.000000 0.000000
1.506800 -70.730700 70.460275 0.000000 0.000000 0.000000
6.182588 -70.720972 70.412992 0.000000 0.000000 0.000000
2.068938 -70.630680 68.696537 0.000000 0.000000 0.000000
2.614301 -70.529456 66.663832 0.000000 0.000000 0.000000
1.068879 -70.480726 64.635906 0.000000 0.000000 0.000000
3.369084 -70.490000 62.400134 0.000000 0.000000 0.000000
0.362452 -70.499774 60.795393 0.000000 0.000000 0.000000
1.426992 -70.550208 60.248957 0.000000 0.000000 0.000000
0.660429 -70.581116 58.157524 0.000000 0.000000 0.000000
0.399480 -70.585076 55.804288 0.000000 0.000000 0.000000
8.384790 -72.781934 105.556751 0.000000 0.000000 0.000000
7.783437 -72.525256 103.985007 0.000000 0.000000 0.000000
9.131894 -72.385860 101.404028 0.000000 0.000000 0.000000
9.693831 -72.336286 99.569965 0.000000 0.000000 0.000000
7.209695 -72.230108 97.567930 0.000000 0.000000 0.000000
7.772544 -72.129500 95.620654 0.000000 0.000000 0.000000
7.120908 -72.026116 94.513205 0.000000 0.000000 0.000000
8.714112 -71.915876 93.009897 0.000000 0.000000 0.000000
10.010963 -71.798292 91.719042 0.000000 0.000000 0.000000
9.304325 -71.724380 88.948831 0.000000 0.000000 0.000000
7.399056 -71.584252 87.751620 0.000000 0.000000 0.000000
8.157640 -71.470000 86.088303 0.000000 0.000000 0.000000
7.469351 -71.430364 83.985240 0.000000 0.000000 0.000000
7.486184 -71.382526 81.825511 0.000000 0.000000 0.000000
1.589017 -71.090656 79.025808 0.000000 0.000000 0.000000
# Line 2: n=47 a=(-39.183,-61.405,148.841) b=(0.461,-0.094,-0.882) start=(-76.420,-53.795,220.153) end=(0.851,-69.586,72.171)
# x y z globalTime peakAmplitude integratedCharge
-63.875000 -57.180136 196.000000 0.000000 0.000000 0.000000
-62.125000 -57.445251 192.500000 0.000000 0.000000 0.000000
-58.625000 -57.978683 185.500000 0.000000 0.000000 0.000000
-58.625000 -57.867815 189.000000 0.000000 0.000000 0.000000
-56.875000 -58.260077 182.000000 0.000000 0.000000 0.000000
-56.875000 -58.123871 185.500000 0.000000 0.000000 0.000000
-55.125000 -58.344014 182.000000 0.000000 0.000000 0.000000
-53.375000 -58.774353 175.000000 0.000000 0.000000 0.000000
-53.375000 -58.664258 178.500000 0.000000 0.000000 0.000000
-51.625000 -59.099092 171.500000 0.000000 0.000000 0.000000
-51.625000 -58.935770 175.000000 0.000000 0.000000 0.000000
-49.875000 -59.309812 168.000000 0.000000 0.000000 0.000000
-49.875000 -59.253624 171.500000 0.000000 0.000000 0.000000
-48.125000 -59.640377 164.500000 0.000000 0.000000 0.000000
-46.375000 -59.753946 157.500000 0.000000 0.000000 0.000000
-46.375000 -59.682534 164.500000 0.000000 0.000000 0.000000
-44.625000 -59.899018 157.500000 0.000000 0.000000 0.000000
-44.625000 -60.012958 161.000000 0.000000 0.000000 0.000000
-42.875000 -60.544922 154.000000 0.000000 0.000000 0.000000
-41.125000 -60.640274 154.000000 0.000000 0.000000 0.000000
-39.375000 -61.098544 147.000000 0.000000 0.000000 0.000000
-39.375000 -60.937055 150.500000 0.000000 0.000000 0.000000
-34.125000 -62.103673 136.500000 0.000000 0.000000 0.000000
-32.375000 -62.510428 133.000000 0.000000 0.000000 0.000000
-30.625000 -62.592938 133.000000 0.000000 0.000000 0.000000
-28.875000 -63.122295 126.000000 0.000000 0.000000 0.000000
-28.875000 -62.961951 129.500000 0.000000 0.000000 0.000000
-27.125000 -63.211620 126.000000 0.000000 0.000000 0.000000
-25.375000 -63.637668 119.000000 0.000000 0.000000 0.000000
-25.375000 -63.602588 122.500000 0.000000 0.000000 0.000000
-23.625000 -63.763668 119.000000 0.000000 0.000000 0.000000
-21.875000 -64.089983 115.500000 0.000000 0.000000 0.000000
-20.125000 -64.559815 112.000000 0.000000 0.000000 0.000000
0.321378 -71.125244 76.360121 0.000000 0.000000 0.000000
1.342650 -71.005940 75.083634 0.000000 0.000000 0.000000
0.880734 -70.828800 72.319397 0.000000 0.000000 0.000000
-76.125000 -55.598795 220.500000 0.000000 0.000000 0.000000
-74.375000 -55.818883 217.000000 0.000000 0.000000 0.000000
-74.375000 -55.712015 220.500000 0.000000 0.000000 0.000000
-72.625000 -56.012283 213.500000 0.000000 0.000000 0.000000
-72.625000 -55.909953 217.000000 0.000000 0.000000 0.000000
-70.875000 -56.176071 210.000000 0.000000 0.000000 0.000000
-70.875000 -56.104758 213.500000 0.000000 0.000000 0.000000
-69.125000 -56.279599 210.000000 0.000000 0.000000 0.000000
-65.625000 -56.835595 203.000000 0.000000 0.000000 0.000000
-63.875000 -57.125470 199.500000 0.000000 0.000000 0.000000
-60.375000 -57.515005 192.500000 0.000000 0.000000 0.000000
# Line 3: n=14 a=(1.889,-71.451,20.748) b=(0.052,0.044,0.998) start=(1.260,-71.987,8.714) end=(2.802,-70.672,38.238)
# x y z globalTime peakAmplitude integratedCharge
3.398729 -70.711608 38.208334 0.000000 0.000000 0.000000
2.690029 -70.888380 32.056792 0.000000 0.000000 0.000000
3.091379 -71.019560 27.779804 0.000000 0.000000 0.000000
0.640235 -71.264746 26.320911 0.000000 0.000000 0.000000
3.109966 -71.346154 24.706947 0.000000 0.000000 0.000000
0.735554 -71.408630 22.530212 0.000000 0.000000 0.000000
0.895753 -71.443160 20.545832 0.000000 0.000000 0.000000
1.500593 -71.502032 18.811642 0.000000 0.000000 0.000000
3.043224 -71.586170 17.746894 0.000000 0.000000 0.000000
1.182490 -71.708752 15.837049 0.000000 0.000000 0.000000
1.206457 -71.746436 14.353759 0.000000 0.000000 0.000000
0.234195 -71.803692 12.910290 0.000000 0.000000 0.000000
2.929881 -71.886126 9.972619 0.000000 0.000000 0.000000
1.785564 -71.996374 8.686602 0.000000 0.000000 0.000000
