# Event 5689
# Params: dx_requested=3.682936 dx_event(vote)=3.682936 rline(inlier)=3.682936 minvotes=4 nstart=2 cover=0.800 nlines=4
# HoughMemory: requested_MB=80.062 allocated_MB=80.062 num_x=128 directions=1281 coarsened=0 maxmem_MB=0.000
# N0=104 assigned=104 remaining_after_force=0
# Line 1: n=69 a=(-5.479,-76.021,55.448) b=(0.055,-0.014,-0.998) start=(-8.259,-75.325,105.962) end=(-2.923,-76.661,8.988)
# x y z globalTime peakAmplitude integratedCharge
-6.852478 -76.058260 53.831755 0.000000 0.000000 0.000000
-4.092614 -76.004150 52.017692 0.000000 0.000000 0.000000
-4.077896 -75.989460 51.181091 0.000000 0.000000 0.000000
-6.488634 -75.962292 48.686174 0.000000 0.000000 0.000000
-6.137629 -75.986188 46.755070 0.000000 0.000000 0.000000
-4.494361 -75.969494 45.685170 0.000000 0.000000 0.000000
-3.705981 -76.060480 44.107045 0.000000 0.000000 0.000000
-5.375550 -76.031744 41.419522 0.000000 0.000000 0.000000
-3.964121 -75.961652 39.604745 0.000000 0.000000 0.000000
-4.360924 -76.006152 38.114864 0.000000 0.000000 0.000000
-6.397067 -76.031884 36.442199 0.000000 0.000000 0.000000
-4.313002 -76.030566 35.334033 0.000000 0.000000 0.000000
-3.891093 -76.063610 32.651772 0.000000 0.000000 0.000000
-5.452832 -76.033190 31.672474 0.000000 0.000000 0.000000
-3.998963 -76.063508 29.329392 0.000000 0.000000 0.000000
-5.171004 -76.138128 27.302406 0.000000 0.000000 0.000000
-5.363745 -75.326800 95.138475 0.000000 0.000000 0.000000
-5.907780 -75.424170 91.225218 0.000000 0.000000 0.000000
-5.836369 -75.471820 88.666253 0.000000 0.000000 0.000000
-5.549282 -75.536634 87.103716 0.000000 0.000000 0.000000
-5.925780 -75.630620 85.528774 0.000000 0.000000 0.000000
-5.071941 -75.727990 83.695817 0.000000 0.000000 0.000000
-5.336107 -76.301850 25.808560 0.000000 0.000000 0.000000
-2.587321 -76.323680 26.783405 0.000000 0.000000 0.000000
-5.958342 -76.334430 23.986821 0.000000 0.000000 0.000000
-6.336542 -76.409980 23.372409 0.000000 0.000000 0.000000
-6.456264 -76.402032 21.438850 0.000000 0.000000 0.000000
-4.016650 -76.473768 19.698744 0.000000 0.000000 0.000000
-0.073410 -76.540992 18.726088 0.000000 0.000000 0.000000
-3.710617 -76.516644 17.415236 0.000000 0.000000 0.000000
-1.785234 -76.562380 17.332044 0.000000 0.000000 0.000000
-5.529868 -76.557136 15.559175 0.000000 0.000000 0.000000
-2.498390 -76.577374 15.718967 0.000000 0.000000 0.000000
-3.843874 -76.604194 13.673500 0.000000 0.000000 0.000000
-2.044789 -76.663636 14.329803 0.000000 0.000000 0.000000
-4.900247 -76.624652 12.154910 0.000000 0.000000 0.000000
-1.259018 -76.721644 12.422860 0.000000 0.000000 0.000000
-2.227703 -76.801776 9.889176 0.000000 0.000000 0.000000
-1.363925 -76.908484 9.077536 0.000000 0.000000 0.000000
-6.640572 -76.164880 78.783720 0.000000 0.000000 0.000000
-6.864684 -76.249128 76.274741 0.000000 0.000000 0.000000
-6.855708 -76.281840 75.414344 0.000000 0.000000 0.000000
-6.896121 -76.356756 71.757660 0.000000 0.000000 0.000000
-3.878312 -76.326380 69.958120 0.000000 0.000000 0.000000
-4.701186 -76.362812 67.953751 0.000000 0.000000 0.000000
-5.585716 -76.311040 65.923796 0.000000 0.000000 0.000000
-6.637815 -76.307984 64.121966 0.000000 0.000000 0.000000
-6.220760 -76.304140 63.427558 0.000000 0.000000 0.000000
-3.651265 -76.306580 61.348755 0.000000 0.000000 0.000000
-4.363986 -76.282868 59.927057 0.000000 0.000000 0.000000
-4.351578 -76.256330 57.427096 0.000000 0.000000 0.000000
-3.764871 -76.227260 56.524823 0.000000 0.000000 0.000000
-7.395518 -74.807276 106.002188 0.000000 0.000000 0.000000
-9.854695 -74.888714 105.030591 0.000000 0.000000 0.000000
-9.879536 -74.971820 103.579312 0.000000 0.000000 0.000000
-7.520474 -75.009760 102.077459 0.000000 0.000000 0.000000
-8.487357 -75.143726 99.360311 0.000000 0.000000 0.000000
-10.160526 -75.196246 97.996556 0.000000 0.000000 0.000000
-9.595830 -75.327692 95.969227 0.000000 0.000000 0.000000
-8.270818 -75.407734 94.240525 0.000000 0.000000 0.000000
-8.029924 -75.488092 93.451718 0.000000 0.000000 0.000000
-7.279026 -75.552386 91.502047 0.000000 0.000000 0.000000
-9.745965 -75.636352 89.680303 0.000000 0.000000 0.000000
-9.326692 -75.664630 87.279331 0.000000 0.000000 0.000000
-7.847489 -75.680456 86.202377 0.000000 0.000000 0.000000
-3.812504 -75.336800 93.164345 0.000000 0.000000 0.000000
-6.540533 -76.732860 9.952897 0.000000 0.000000 0.000000
-6.554263 -76.861370 9.421812 0.000000 0.000000 0.000000
-3.826021 -75.956744 82.908528 0.000000 0.000000 0.000000
# Line 2: n=35 a=(45.333,-85.741,149.988) b=(0.550,-0.106,0.829) start=(-4.592,-76.124,74.693) end=(92.094,-94.748,220.510)
# x y z globalTime peakAmplitude integratedCharge
14.875000 -80.132815 105.000000 0.000000 0.000000 0.000000
16.625000 -80.287536 105.000000 0.000000 0.000000 0.000000
18.375000 -80.649594 108.500000 0.000000 0.000000 0.000000
20.125000 -81.073422 112.000000 0.000000 0.000000 0.000000
21.875000 -81.540905 115.500000 0.000000 0.000000 0.000000
23.625000 -81.871363 119.000000 0.000000 0.000000 0.000000
27.125000 -82.389530 122.500000 0.000000 0.000000 0.000000
28.875000 -82.662793 126.000000 0.000000 0.000000 0.000000
30.625000 -83.030707 129.500000 0.000000 0.000000 0.000000
32.375000 -83.147696 129.500000 0.000000 0.000000 0.000000
34.125000 -83.543310 133.000000 0.000000 0.000000 0.000000
35.875000 -83.902478 136.500000 0.000000 0.000000 0.000000
39.375000 -84.572658 140.000000 0.000000 0.000000 0.000000
39.375000 -84.601668 143.500000 0.000000 0.000000 0.000000
41.125000 -84.631245 143.500000 0.000000 0.000000 0.000000
42.875000 -85.078272 147.000000 0.000000 0.000000 0.000000
46.375000 -85.686198 150.500000 0.000000 0.000000 0.000000
48.125000 -85.935594 154.000000 0.000000 0.000000 0.000000
51.625000 -86.554425 157.500000 0.000000 0.000000 0.000000
51.625000 -86.683646 161.000000 0.000000 0.000000 0.000000
55.125000 -87.289276 164.500000 0.000000 0.000000 0.000000
56.875000 -87.731927 168.000000 0.000000 0.000000 0.000000
60.375000 -88.300467 171.500000 0.000000 0.000000 0.000000
62.125000 -88.635743 175.000000 0.000000 0.000000 0.000000
63.875000 -89.197120 178.500000 0.000000 0.000000 0.000000
69.125000 -90.199535 185.500000 0.000000 0.000000 0.000000
70.875000 -90.721762 189.000000 0.000000 0.000000 0.000000
74.375000 -91.340100 192.500000 0.000000 0.000000 0.000000
76.125000 -91.776264 196.000000 0.000000 0.000000 0.000000
77.875000 -92.310803 199.500000 0.000000 0.000000 0.000000
83.125000 -93.620710 206.500000 0.000000 0.000000 0.000000
84.875000 -94.009894 210.000000 0.000000 0.000000 0.000000
-3.745868 -76.344434 74.103952 0.000000 0.000000 0.000000
91.875000 -95.961956 220.500000 0.000000 0.000000 0.000000
-3.783297 -76.084448 80.080210 0.000000 0.000000 0.000000
