# Event 1599
# Params: dx_requested=3.588046 dx_event(vote)=3.588046 rline(inlier)=3.588046 minvotes=4 nstart=2 cover=0.800 nlines=4
# HoughMemory: requested_MB=80.062 allocated_MB=80.062 num_x=128 directions=1281 coarsened=0 maxmem_MB=0.000
# N0=136 assigned=136 remaining_after_force=0
# Line 1: n=103 a=(1.655,-69.884,54.924) b=(0.072,-0.030,-0.997) start=(-3.472,-67.785,125.729) end=(5.043,-71.271,8.141)
# x y z globalTime peakAmplitude integratedCharge
3.849453 -68.214264 54.444946 0.000000 0.000000 0.000000
1.315899 -69.476264 54.393688 0.000000 0.000000 0.000000
2.905615 -69.511304 53.120194 0.000000 0.000000 0.000000
4.586024 -68.499256 51.115917 0.000000 0.000000 0.000000
0.465005 -69.585224 51.411246 0.000000 0.000000 0.000000
3.388325 -69.653266 49.106449 0.000000 0.000000 0.000000
5.004777 -71.892164 47.304467 0.000000 0.000000 0.000000
1.170578 -69.740466 46.802853 0.000000 0.000000 0.000000
4.111393 -69.022448 45.391466 0.000000 0.000000 0.000000
0.481837 -69.867756 45.350290 0.000000 0.000000 0.000000
2.929650 -69.947772 43.891018 0.000000 0.000000 0.000000
2.224766 -69.994794 41.526335 0.000000 0.000000 0.000000
0.643474 -70.089720 40.542182 0.000000 0.000000 0.000000
0.781781 -70.148932 38.076607 0.000000 0.000000 0.000000
6.006654 -69.875756 37.335733 0.000000 0.000000 0.000000
1.343223 -70.235680 36.929184 0.000000 0.000000 0.000000
4.978105 -70.192408 34.883606 0.000000 0.000000 0.000000
1.578310 -70.309156 34.437265 0.000000 0.000000 0.000000
3.008101 -70.349084 33.106602 0.000000 0.000000 0.000000
4.283421 -70.176008 32.133636 0.000000 0.000000 0.000000
1.190897 -70.467480 30.778370 0.000000 0.000000 0.000000
6.048119 -70.465520 29.762941 0.000000 0.000000 0.000000
2.493087 -70.570154 30.374510 0.000000 0.000000 0.000000
5.950794 -70.454584 28.572745 0.000000 0.000000 0.000000
1.312945 -70.651840 27.883605 0.000000 0.000000 0.000000
-4.142116 -69.522144 109.821211 0.000000 0.000000 0.000000
-5.151417 -69.445312 107.297325 0.000000 0.000000 0.000000
-1.943301 -69.381592 104.680521 0.000000 0.000000 0.000000
-3.634333 -69.409668 104.742787 0.000000 0.000000 0.000000
-3.399065 -69.331384 103.043063 0.000000 0.000000 0.000000
-3.386957 -69.217292 101.127389 0.000000 0.000000 0.000000
-0.672551 -69.208654 99.784805 0.000000 0.000000 0.000000
-1.112683 -69.078052 98.235993 0.000000 0.000000 0.000000
-1.967273 -69.017852 96.314244 0.000000 0.000000 0.000000
-3.164649 -68.911048 94.051543 0.000000 0.000000 0.000000
0.239129 -68.567150 93.145670 0.000000 0.000000 0.000000
-1.606265 -68.790948 92.444172 0.000000 0.000000 0.000000
0.801563 -68.445740 90.950613 0.000000 0.000000 0.000000
-2.650025 -68.690100 91.022999 0.000000 0.000000 0.000000
-0.060928 -68.550524 89.015864 0.000000 0.000000 0.000000
1.116081 -68.367988 87.478804 0.000000 0.000000 0.000000
-3.227498 -68.462970 87.467732 0.000000 0.000000 0.000000
-0.861498 -68.333760 85.771090 0.000000 0.000000 0.000000
3.390273 -70.918440 26.882778 0.000000 0.000000 0.000000
3.995403 -70.691114 26.630480 0.000000 0.000000 0.000000
1.716966 -71.067724 25.034034 0.000000 0.000000 0.000000
5.143751 -70.888270 24.652787 0.000000 0.000000 0.000000
2.733719 -71.197216 22.826344 0.000000 0.000000 0.000000
5.199358 -71.234112 23.412700 0.000000 0.000000 0.000000
3.405108 -71.285046 21.045646 0.000000 0.000000 0.000000
4.288770 -71.067180 20.694541 0.000000 0.000000 0.000000
1.348441 -71.394100 18.562788 0.000000 0.000000 0.000000
6.841964 -71.255584 18.613483 0.000000 0.000000 0.000000
2.680088 -71.492034 16.982668 0.000000 0.000000 0.000000
5.259770 -71.392286 16.987127 0.000000 0.000000 0.000000
1.062551 -71.649230 16.448820 0.000000 0.000000 0.000000
5.169845 -71.402246 15.636896 0.000000 0.000000 0.000000
5.562235 -71.519480 13.400472 0.000000 0.000000 0.000000
3.225457 -71.838740 11.674094 0.000000 0.000000 0.000000
5.799654 -71.831592 12.902764 0.000000 0.000000 0.000000
1.282570 -72.001760 10.286106 0.000000 0.000000 0.000000
3.651813 -72.032514 11.151475 0.000000 0.000000 0.000000
5.131471 -72.098376 8.171955 0.000000 0.000000 0.000000
-1.217515 -68.585572 82.866036 0.000000 0.000000 0.000000
3.107517 -68.628614 81.771724 0.000000 0.000000 0.000000
-2.264356 -68.664660 80.766412 0.000000 0.000000 0.000000
2.272649 -68.674390 80.197740 0.000000 0.000000 0.000000
2.162147 -68.722480 79.005085 0.000000 0.000000 0.000000
1.321285 -68.797712 76.885621 0.000000 0.000000 0.000000
1.936473 -68.806536 75.722591 0.000000 0.000000 0.000000
0.073536 -68.890780 73.268856 0.000000 0.000000 0.000000
2.579042 -68.942920 72.322122 0.000000 0.000000 0.000000
1.429713 -69.002440 69.713045 0.000000 0.000000 0.000000
2.669947 -69.061066 68.041264 0.000000 0.000000 0.000000
0.090473 -69.134614 66.466175 0.000000 0.000000 0.000000
1.335544 -69.195446 64.573544 0.000000 0.000000 0.000000
3.013038 -69.303846 62.612459 0.000000 0.000000 0.000000
3.043658 -69.385120 61.649286 0.000000 0.000000 0.000000
0.964216 -69.469250 59.469742 0.000000 0.000000 0.000000
3.361080 -69.566094 57.739676 0.000000 0.000000 0.000000
0.938286 -69.614014 55.975690 0.000000 0.000000 0.000000
-5.234978 -69.649340 117.652579 0.000000 0.000000 0.000000
6.905035 -68.358808 43.015882 0.000000 0.000000 0.000000
6.581997 -70.367884 33.356701 0.000000 0.000000 0.000000
-6.929028 -69.467860 108.606562 0.000000 0.000000 0.000000
-6.831737 -69.292144 103.918651 0.000000 0.000000 0.000000
-6.543500 -69.254334 101.841723 0.000000 0.000000 0.000000
-4.941069 -69.165814 99.109065 0.000000 0.000000 0.000000
-5.039585 -68.917054 98.712346 0.000000 0.000000 0.000000
0.214592 -71.759400 13.812225 0.000000 0.000000 0.000000
0.531097 -72.126386 8.713657 0.000000 0.000000 0.000000
-6.518964 -69.769080 119.104519 0.000000 0.000000 0.000000
-6.941117 -69.653296 114.972121 0.000000 0.000000 0.000000
-5.384948 -69.705180 113.065903 0.000000 0.000000 0.000000
-5.993376 -69.709008 111.367704 0.000000 0.000000 0.000000
-8.448572 -70.302410 125.443425 0.000000 0.000000 0.000000
-9.621443 -70.066028 123.912708 0.000000 0.000000 0.000000
-7.180706 -69.926690 122.211986 0.000000 0.000000 0.000000
-9.658229 -69.798590 121.476659 0.000000 0.000000 0.000000
-8.844780 -69.794074 119.725061 0.000000 0.000000 0.000000
-9.489182 -69.717700 117.029696 0.000000 0.000000 0.000000
-8.535454 -69.755660 116.179612 0.000000 0.000000 0.000000
-9.062862 -69.859820 113.444021 0.000000 0.000000 0.000000
# Line 2: n=33 a=(33.879,-56.038,147.775) b=(0.452,0.172,0.876) start=(1.200,-68.451,84.404) end=(71.581,-41.717,220.888)
# x y z globalTime peakAmplitude integratedCharge
25.375000 -58.540042 133.000000 0.000000 0.000000 0.000000
27.125000 -57.847184 136.500000 0.000000 0.000000 0.000000
28.875000 -57.205320 140.000000 0.000000 0.000000 0.000000
30.625000 -56.564761 143.500000 0.000000 0.000000 0.000000
32.375000 -55.876200 147.000000 0.000000 0.000000 0.000000
46.375000 -50.993501 171.500000 0.000000 0.000000 0.000000
48.125000 -50.354673 175.000000 0.000000 0.000000 0.000000
49.875000 -49.802257 178.500000 0.000000 0.000000 0.000000
51.625000 -49.134980 182.000000 0.000000 0.000000 0.000000
53.375000 -48.485136 185.500000 0.000000 0.000000 0.000000
55.125000 -47.840886 189.000000 0.000000 0.000000 0.000000
56.875000 -47.195812 192.500000 0.000000 0.000000 0.000000
58.625000 -46.649199 196.000000 0.000000 0.000000 0.000000
60.375000 -45.942560 199.500000 0.000000 0.000000 0.000000
62.125000 -45.449290 203.000000 0.000000 0.000000 0.000000
63.875000 -44.853827 206.500000 0.000000 0.000000 0.000000
70.875000 -42.914096 217.000000 0.000000 0.000000 0.000000
72.625000 -42.487455 220.500000 0.000000 0.000000 0.000000
6.500614 -66.046496 97.908564 0.000000 0.000000 0.000000
5.662989 -66.261944 95.762875 0.000000 0.000000 0.000000
5.314962 -66.669274 94.945724 0.000000 0.000000 0.000000
6.668676 -66.990406 93.064014 0.000000 0.000000 0.000000
5.104289 -67.233026 90.776562 0.000000 0.000000 0.000000
5.766832 -67.480860 89.650959 0.000000 0.000000 0.000000
3.277544 -68.412214 88.579569 0.000000 0.000000 0.000000
3.375845 -68.336194 86.092428 0.000000 0.000000 0.000000
3.344194 -68.353296 83.279131 0.000000 0.000000 0.000000
9.351471 -65.138172 101.153968 0.000000 0.000000 0.000000
4.894291 -65.589746 101.881468 0.000000 0.000000 0.000000
4.263364 -65.639490 99.651232 0.000000 0.000000 0.000000
6.075349 -67.499804 87.433779 0.000000 0.000000 0.000000
6.525021 -67.557100 85.954659 0.000000 0.000000 0.000000
5.218675 -66.732580 84.589442 0.000000 0.000000 0.000000
