# Event 4838
# Params: dx_requested=3.504589 dx_event(vote)=3.504589 rline(inlier)=3.504589 minvotes=4 nstart=2 cover=0.800 nlines=4
# HoughMemory: requested_MB=80.062 allocated_MB=80.062 num_x=128 directions=1281 coarsened=0 maxmem_MB=0.000
# N0=159 assigned=159 remaining_after_force=0
# Line 1: n=95 a=(1.414,-74.271,45.723) b=(0.084,-0.007,-0.996) start=(-3.670,-73.846,105.707) end=(4.528,-74.531,8.985)
# x y z globalTime peakAmplitude integratedCharge
0.249733 -74.394696 54.718232 0.000000 0.000000 0.000000
2.576940 -74.333130 52.272090 0.000000 0.000000 0.000000
1.891395 -74.370404 50.563205 0.000000 0.000000 0.000000
1.645454 -74.331104 48.539450 0.000000 0.000000 0.000000
3.344562 -74.329340 47.021013 0.000000 0.000000 0.000000
2.193598 -74.346040 45.263528 0.000000 0.000000 0.000000
2.313931 -74.290076 43.163696 0.000000 0.000000 0.000000
2.702913 -74.282990 41.490570 0.000000 0.000000 0.000000
4.734993 -74.123144 39.857715 0.000000 0.000000 0.000000
1.259018 -74.248640 39.751957 0.000000 0.000000 0.000000
4.977040 -74.138116 39.047181 0.000000 0.000000 0.000000
1.374390 -74.186700 38.026298 0.000000 0.000000 0.000000
0.161214 -74.256360 36.543494 0.000000 0.000000 0.000000
3.621581 -74.195434 34.818934 0.000000 0.000000 0.000000
0.187090 -74.263952 35.535500 0.000000 0.000000 0.000000
5.301908 -74.240460 32.786611 0.000000 0.000000 0.000000
0.438927 -74.217536 33.990159 0.000000 0.000000 0.000000
4.129141 -74.141300 31.580692 0.000000 0.000000 0.000000
0.984558 -74.218980 31.022844 0.000000 0.000000 0.000000
3.987599 -74.142240 30.068710 0.000000 0.000000 0.000000
2.996080 -74.219520 30.472409 0.000000 0.000000 0.000000
3.830279 -74.160534 27.721306 0.000000 0.000000 0.000000
0.291488 -74.221594 28.003347 0.000000 0.000000 0.000000
-5.065915 -73.297528 93.953782 0.000000 0.000000 0.000000
-3.569655 -73.375620 92.428680 0.000000 0.000000 0.000000
-3.936484 -73.505114 91.636330 0.000000 0.000000 0.000000
-4.607299 -73.529804 89.135247 0.000000 0.000000 0.000000
-3.014087 -73.621692 85.249062 0.000000 0.000000 0.000000
-1.452389 -73.877600 83.921633 0.000000 0.000000 0.000000
-4.615314 -73.720100 83.885532 0.000000 0.000000 0.000000
0.115957 -74.428912 26.068615 0.000000 0.000000 0.000000
4.846750 -74.361584 26.171851 0.000000 0.000000 0.000000
3.429278 -74.451000 23.990230 0.000000 0.000000 0.000000
4.547926 -74.383790 25.145333 0.000000 0.000000 0.000000
1.079567 -74.475994 23.326338 0.000000 0.000000 0.000000
4.595825 -74.329810 22.674771 0.000000 0.000000 0.000000
0.207626 -74.451140 21.308776 0.000000 0.000000 0.000000
6.205060 -74.385474 21.548297 0.000000 0.000000 0.000000
0.077667 -74.483484 18.618107 0.000000 0.000000 0.000000
4.611673 -74.362890 19.123228 0.000000 0.000000 0.000000
2.407427 -74.474384 17.852207 0.000000 0.000000 0.000000
5.829787 -74.402826 17.454368 0.000000 0.000000 0.000000
1.559801 -74.496484 16.279883 0.000000 0.000000 0.000000
4.730160 -74.379140 16.301625 0.000000 0.000000 0.000000
0.681142 -74.554834 13.488555 0.000000 0.000000 0.000000
4.738967 -74.419684 13.796857 0.000000 0.000000 0.000000
2.846859 -74.517414 12.339438 0.000000 0.000000 0.000000
4.864095 -74.445280 12.338677 0.000000 0.000000 0.000000
2.960639 -74.569200 9.973304 0.000000 0.000000 0.000000
4.039288 -74.495200 10.730019 0.000000 0.000000 0.000000
3.370345 -74.604474 8.887585 0.000000 0.000000 0.000000
6.002018 -74.610290 9.225441 0.000000 0.000000 0.000000
-2.939284 -73.971234 81.794060 0.000000 0.000000 0.000000
-0.112069 -74.007690 80.807733 0.000000 0.000000 0.000000
-2.118167 -74.085730 79.059226 0.000000 0.000000 0.000000
-0.358133 -74.112330 77.120043 0.000000 0.000000 0.000000
-0.062904 -74.186420 75.891965 0.000000 0.000000 0.000000
-0.852299 -74.218354 73.571997 0.000000 0.000000 0.000000
-2.699559 -74.239776 72.223856 0.000000 0.000000 0.000000
-1.808279 -74.325300 69.582790 0.000000 0.000000 0.000000
1.337739 -74.186084 69.659693 0.000000 0.000000 0.000000
-1.148886 -74.334656 68.121923 0.000000 0.000000 0.000000
1.307691 -74.386968 68.601765 0.000000 0.000000 0.000000
-1.203669 -74.382306 67.110008 0.000000 0.000000 0.000000
2.752076 -74.404296 66.131793 0.000000 0.000000 0.000000
-1.900222 -74.443512 64.228243 0.000000 0.000000 0.000000
0.328777 -74.441870 64.699299 0.000000 0.000000 0.000000
-2.651411 -74.549980 62.601206 0.000000 0.000000 0.000000
2.713619 -74.486440 62.959259 0.000000 0.000000 0.000000
3.183075 -74.543554 61.283183 0.000000 0.000000 0.000000
2.856536 -74.573300 60.083294 0.000000 0.000000 0.000000
2.653984 -74.599584 57.440366 0.000000 0.000000 0.000000
1.267898 -74.610712 55.706588 0.000000 0.000000 0.000000
5.732030 -74.327380 48.380402 0.000000 0.000000 0.000000
5.192434 -74.159540 47.848531 0.000000 0.000000 0.000000
6.129080 -74.292730 46.019466 0.000000 0.000000 0.000000
5.798954 -74.265374 43.040986 0.000000 0.000000 0.000000
5.954614 -74.251556 42.383231 0.000000 0.000000 0.000000
5.857610 -74.128704 37.464876 0.000000 0.000000 0.000000
-6.158211 -73.160656 97.610831 0.000000 0.000000 0.000000
-6.449930 -73.329236 96.630410 0.000000 0.000000 0.000000
-6.781800 -73.585706 87.730703 0.000000 0.000000 0.000000
-5.382247 -73.655944 86.300223 0.000000 0.000000 0.000000
-6.744276 -73.933796 82.048785 0.000000 0.000000 0.000000
-5.207554 -74.008588 80.762940 0.000000 0.000000 0.000000
-5.996234 -74.094020 78.823906 0.000000 0.000000 0.000000
-6.515070 -74.129810 77.557100 0.000000 0.000000 0.000000
-7.195753 -71.725488 105.392805 0.000000 0.000000 0.000000
-8.569853 -71.901060 102.934986 0.000000 0.000000 0.000000
-9.308957 -72.222160 100.959202 0.000000 0.000000 0.000000
-10.284346 -72.629432 99.395624 0.000000 0.000000 0.000000
-8.415582 -73.047644 97.431074 0.000000 0.000000 0.000000
-9.102287 -73.355260 96.899740 0.000000 0.000000 0.000000
-9.103525 -73.509500 95.100485 0.000000 0.000000 0.000000
-9.250790 -73.506390 92.128872 0.000000 0.000000 0.000000
# Line 2: n=64 a=(43.297,-78.702,151.828) b=(0.388,-0.048,0.920) start=(2.528,-73.643,55.119) end=(71.064,-82.148,217.693)
# x y z globalTime peakAmplitude integratedCharge
18.375000 -76.070809 94.500000 0.000000 0.000000 0.000000
20.125000 -76.177496 94.500000 0.000000 0.000000 0.000000
21.875000 -76.462166 98.000000 0.000000 0.000000 0.000000
21.875000 -76.397140 101.500000 0.000000 0.000000 0.000000
21.875000 -76.482230 105.000000 0.000000 0.000000 0.000000
23.625000 -76.391938 101.500000 0.000000 0.000000 0.000000
23.625000 -76.477028 105.000000 0.000000 0.000000 0.000000
25.375000 -76.696402 108.500000 0.000000 0.000000 0.000000
27.125000 -76.816835 112.000000 0.000000 0.000000 0.000000
27.125000 -76.862870 115.500000 0.000000 0.000000 0.000000
28.875000 -76.909993 115.500000 0.000000 0.000000 0.000000
28.875000 -76.906193 119.000000 0.000000 0.000000 0.000000
30.625000 -76.893276 115.500000 0.000000 0.000000 0.000000
30.625000 -76.889476 119.000000 0.000000 0.000000 0.000000
30.625000 -77.001356 122.500000 0.000000 0.000000 0.000000
32.375000 -77.285898 126.000000 0.000000 0.000000 0.000000
34.125000 -77.559280 129.500000 0.000000 0.000000 0.000000
34.125000 -77.625504 133.000000 0.000000 0.000000 0.000000
34.125000 -77.634184 136.500000 0.000000 0.000000 0.000000
35.875000 -77.623901 129.500000 0.000000 0.000000 0.000000
35.875000 -77.690125 133.000000 0.000000 0.000000 0.000000
35.875000 -77.698805 136.500000 0.000000 0.000000 0.000000
35.875000 -77.806305 140.000000 0.000000 0.000000 0.000000
37.625000 -77.892093 140.000000 0.000000 0.000000 0.000000
37.625000 -77.947406 143.500000 0.000000 0.000000 0.000000
39.375000 -77.925385 140.000000 0.000000 0.000000 0.000000
39.375000 -77.980698 143.500000 0.000000 0.000000 0.000000
41.125000 -78.182821 147.000000 0.000000 0.000000 0.000000
41.125000 -78.285559 150.500000 0.000000 0.000000 0.000000
42.875000 -78.407736 150.500000 0.000000 0.000000 0.000000
42.875000 -78.510963 154.000000 0.000000 0.000000 0.000000
44.625000 -78.601220 154.000000 0.000000 0.000000 0.000000
46.375000 -78.950091 157.500000 0.000000 0.000000 0.000000
46.375000 -78.999756 161.000000 0.000000 0.000000 0.000000
46.375000 -79.076889 164.500000 0.000000 0.000000 0.000000
48.125000 -79.016464 157.500000 0.000000 0.000000 0.000000
48.125000 -79.066129 161.000000 0.000000 0.000000 0.000000
48.125000 -79.143262 164.500000 0.000000 0.000000 0.000000
48.125000 -79.197519 168.000000 0.000000 0.000000 0.000000
49.875000 -79.247873 164.500000 0.000000 0.000000 0.000000
49.875000 -79.302130 168.000000 0.000000 0.000000 0.000000
53.375000 -79.700150 175.000000 0.000000 0.000000 0.000000
55.125000 -79.837782 175.000000 0.000000 0.000000 0.000000
55.125000 -79.932135 178.500000 0.000000 0.000000 0.000000
55.125000 -79.908438 182.000000 0.000000 0.000000 0.000000
56.875000 -80.071286 178.500000 0.000000 0.000000 0.000000
56.875000 -80.192456 185.500000 0.000000 0.000000 0.000000
58.625000 -80.471125 189.000000 0.000000 0.000000 0.000000
60.375000 -80.784847 192.500000 0.000000 0.000000 0.000000
62.125000 -81.010900 196.000000 0.000000 0.000000 0.000000
63.875000 -81.462946 199.500000 0.000000 0.000000 0.000000
63.875000 -81.487534 203.000000 0.000000 0.000000 0.000000
65.625000 -81.803406 206.500000 0.000000 0.000000 0.000000
67.375000 -81.978650 206.500000 0.000000 0.000000 0.000000
67.375000 -82.085370 210.000000 0.000000 0.000000 0.000000
69.125000 -82.330457 213.500000 0.000000 0.000000 0.000000
70.875000 -82.778218 217.000000 0.000000 0.000000 0.000000
72.625000 -82.812510 217.000000 0.000000 0.000000 0.000000
16.625000 -75.906673 87.500000 0.000000 0.000000 0.000000
16.625000 -75.973450 91.000000 0.000000 0.000000 0.000000
16.625000 -76.035467 94.500000 0.000000 0.000000 0.000000
18.375000 -76.008792 91.000000 0.000000 0.000000 0.000000
20.125000 -76.298362 101.500000 0.000000 0.000000 0.000000
5.230834 -74.254320 53.947389 0.000000 0.000000 0.000000
