# Event 82
# Params: dx_requested=3.363637 dx_event(vote)=3.363637 rline(inlier)=3.363637 minvotes=4 nstart=2 cover=0.800 nlines=4
# HoughMemory: requested_MB=80.062 allocated_MB=80.062 num_x=128 directions=1281 coarsened=0 maxmem_MB=0.000
# N0=164 assigned=164 remaining_after_force=0
# Line 1: n=108 a=(-3.849,-63.797,67.608) b=(0.038,-0.017,-0.999) start=(-9.675,-61.151,220.838) end=(-1.593,-64.821,8.276)
# x y z globalTime peakAmplitude integratedCharge
-0.620407 -63.755292 54.353875 0.000000 0.000000 0.000000
-6.249585 -63.717072 53.711340 0.000000 0.000000 0.000000
-2.942745 -63.756220 52.896490 0.000000 0.000000 0.000000
-4.639258 -63.789948 52.482519 0.000000 0.000000 0.000000
-2.305878 -63.753060 50.046715 0.000000 0.000000 0.000000
-2.054159 -63.909674 49.051189 0.000000 0.000000 0.000000
-3.058706 -63.923792 47.718275 0.000000 0.000000 0.000000
-4.149818 -63.869452 47.663123 0.000000 0.000000 0.000000
-3.106292 -63.962280 46.174944 0.000000 0.000000 0.000000
-4.586713 -63.932868 45.832132 0.000000 0.000000 0.000000
-0.872735 -63.968232 43.766928 0.000000 0.000000 0.000000
-3.778897 -63.998676 43.178084 0.000000 0.000000 0.000000
-1.784502 -64.023864 42.133312 0.000000 0.000000 0.000000
-3.648811 -63.982746 42.565305 0.000000 0.000000 0.000000
-0.156305 -64.057288 39.861992 0.000000 0.000000 0.000000
-5.242220 -64.019520 40.001805 0.000000 0.000000 0.000000
-3.079117 -64.133136 38.399461 0.000000 0.000000 0.000000
-3.822407 -64.106520 39.140867 0.000000 0.000000 0.000000
-1.649562 -64.181312 36.974951 0.000000 0.000000 0.000000
-4.218131 -64.168432 36.044164 0.000000 0.000000 0.000000
-1.360130 -64.248626 35.181159 0.000000 0.000000 0.000000
-4.441582 -64.230180 34.847520 0.000000 0.000000 0.000000
-1.616195 -64.354700 32.628368 0.000000 0.000000 0.000000
-1.441117 -64.408154 31.401289 0.000000 0.000000 0.000000
-1.235896 -64.416944 30.322475 0.000000 0.000000 0.000000
-1.380939 -64.510780 27.720063 0.000000 0.000000 0.000000
-5.821342 -63.310706 110.161965 0.000000 0.000000 0.000000
-5.368339 -63.267536 108.032698 0.000000 0.000000 0.000000
-5.053179 -63.278156 106.272238 0.000000 0.000000 0.000000
-6.382270 -63.294146 104.574670 0.000000 0.000000 0.000000
-4.671185 -63.259894 102.798885 0.000000 0.000000 0.000000
-5.777838 -63.277200 101.981485 0.000000 0.000000 0.000000
-5.081444 -63.271228 99.251464 0.000000 0.000000 0.000000
-3.080268 -63.305932 97.933504 0.000000 0.000000 0.000000
-5.106831 -63.276708 98.539350 0.000000 0.000000 0.000000
-6.071007 -63.298426 96.203686 0.000000 0.000000 0.000000
-2.728157 -63.338276 94.032646 0.000000 0.000000 0.000000
-4.981045 -63.320984 95.010579 0.000000 0.000000 0.000000
-3.055285 -63.298974 92.593509 0.000000 0.000000 0.000000
-4.651616 -63.300910 92.549335 0.000000 0.000000 0.000000
-5.339038 -63.338240 91.327656 0.000000 0.000000 0.000000
-4.423080 -63.317724 88.792480 0.000000 0.000000 0.000000
-5.393640 -63.338146 87.825523 0.000000 0.000000 0.000000
-6.317486 -63.357336 85.434418 0.000000 0.000000 0.000000
-6.394060 -63.383380 83.875698 0.000000 0.000000 0.000000
-4.146455 -64.703320 25.837342 0.000000 0.000000 0.000000
-0.301301 -64.686370 25.708817 0.000000 0.000000 0.000000
-3.127359 -64.745620 23.877949 0.000000 0.000000 0.000000
-1.002965 -64.830160 22.517538 0.000000 0.000000 0.000000
-2.513521 -64.853820 20.585213 0.000000 0.000000 0.000000
-2.351754 -64.920320 19.038439 0.000000 0.000000 0.000000
-0.838403 -65.078254 16.770093 0.000000 0.000000 0.000000
-0.715862 -65.136800 15.100344 0.000000 0.000000 0.000000
-3.209717 -65.232006 14.733091 0.000000 0.000000 0.000000
-3.040711 -65.213476 12.039149 0.000000 0.000000 0.000000
-0.417328 -65.318146 9.887898 0.000000 0.000000 0.000000
-2.484648 -65.545660 8.254467 0.000000 0.000000 0.000000
-5.063594 -63.534094 82.712120 0.000000 0.000000 0.000000
-6.235601 -63.562012 80.421534 0.000000 0.000000 0.000000
-2.396770 -63.622924 79.787302 0.000000 0.000000 0.000000
-4.111283 -63.593060 78.932150 0.000000 0.000000 0.000000
-1.731149 -63.665260 78.093212 0.000000 0.000000 0.000000
-6.857543 -63.649420 77.305018 0.000000 0.000000 0.000000
-5.207562 -63.589270 75.417065 0.000000 0.000000 0.000000
-3.195016 -63.589252 74.511876 0.000000 0.000000 0.000000
-5.046802 -63.644256 73.899737 0.000000 0.000000 0.000000
-4.175141 -63.644996 71.472436 0.000000 0.000000 0.000000
-2.300330 -63.584720 71.408336 0.000000 0.000000 0.000000
-5.192018 -63.674580 69.658318 0.000000 0.000000 0.000000
-3.294054 -63.682480 70.381582 0.000000 0.000000 0.000000
-4.766577 -63.731134 68.247543 0.000000 0.000000 0.000000
-1.054065 -63.718800 67.831140 0.000000 0.000000 0.000000
-5.708458 -63.746868 66.414916 0.000000 0.000000 0.000000
-5.659157 -63.745252 65.178868 0.000000 0.000000 0.000000
-2.881208 -63.769550 65.087086 0.000000 0.000000 0.000000
-5.093770 -63.791736 62.344736 0.000000 0.000000 0.000000
-2.931550 -63.796014 62.703162 0.000000 0.000000 0.000000
-5.739251 -63.778968 61.076496 0.000000 0.000000 0.000000
-1.293890 -63.818396 61.727565 0.000000 0.000000 0.000000
-4.410338 -63.819568 59.474769 0.000000 0.000000 0.000000
-1.253647 -63.890026 59.876626 0.000000 0.000000 0.000000
-4.848010 -63.851246 57.216813 0.000000 0.000000 0.000000
-1.868983 -63.869640 57.371476 0.000000 0.000000 0.000000
-6.417539 -63.867652 55.990529 0.000000 0.000000 0.000000
-0.135613 -63.842248 55.363405 0.000000 0.000000 0.000000
-6.677978 -61.393652 138.316105 0.000000 0.000000 0.000000
-6.768657 -61.951606 135.896186 0.000000 0.000000 0.000000
-5.476030 -62.311572 134.676866 0.000000 0.000000 0.000000
-5.737754 -62.969800 130.127644 0.000000 0.000000 0.000000
-6.086160 -63.176460 128.371614 0.000000 0.000000 0.000000
-5.809258 -63.312908 126.410678 0.000000 0.000000 0.000000
-6.397180 -63.450354 122.690443 0.000000 0.000000 0.000000
-6.632604 -63.461360 121.175086 0.000000 0.000000 0.000000
-5.285415 -63.487066 119.292410 0.000000 0.000000 0.000000
-4.433197 -63.484180 117.278499 0.000000 0.000000 0.000000
-5.098487 -63.471044 114.818337 0.000000 0.000000 0.000000
-6.771750 -63.476000 113.370200 0.000000 0.000000 0.000000
-27.125000 -79.987000 220.500000 0.000000 0.000000 0.000000
-25.375000 -79.221094 217.000000 0.000000 0.000000 0.000000
-23.625000 -77.849334 210.000000 0.000000 0.000000 0.000000
-21.875000 -76.482574 203.000000 0.000000 0.000000 0.000000
-20.125000 -75.228031 196.000000 0.000000 0.000000 0.000000
-18.375000 -73.826709 189.000000 0.000000 0.000000 0.000000
-4.140593 -62.550634 133.235602 0.000000 0.000000 0.000000
-4.805722 -62.741094 131.131616 0.000000 0.000000 0.000000
-3.311909 -63.385860 124.137908 0.000000 0.000000 0.000000
-3.858312 -63.448530 124.688452 0.000000 0.000000 0.000000
-3.613690 -63.484120 111.381733 0.000000 0.000000 0.000000
# Line 2: n=56 a=(-2.666,-63.604,79.319) b=(0.044,0.023,0.999) start=(-5.783,-65.200,9.299) end=(0.580,-61.941,152.246)
# x y z globalTime peakAmplitude integratedCharge
-6.629035 -63.814954 51.185625 0.000000 0.000000 0.000000
-6.293865 -63.874274 49.739343 0.000000 0.000000 0.000000
-5.969557 -64.235534 33.016696 0.000000 0.000000 0.000000
-6.718826 -64.315656 31.570928 0.000000 0.000000 0.000000
-5.323342 -64.388336 29.540596 0.000000 0.000000 0.000000
-6.813461 -64.458924 28.293718 0.000000 0.000000 0.000000
-2.353030 -63.389600 110.803992 0.000000 0.000000 0.000000
-0.339573 -63.306690 108.644817 0.000000 0.000000 0.000000
-2.742640 -63.249390 107.284151 0.000000 0.000000 0.000000
-2.008555 -63.281244 105.552658 0.000000 0.000000 0.000000
-0.559022 -63.229040 103.983865 0.000000 0.000000 0.000000
-0.162964 -63.280000 101.256744 0.000000 0.000000 0.000000
-1.041793 -63.272326 100.337929 0.000000 0.000000 0.000000
-2.564514 -63.251446 95.834412 0.000000 0.000000 0.000000
-0.120196 -63.381660 90.642452 0.000000 0.000000 0.000000
-1.718182 -63.353614 89.526561 0.000000 0.000000 0.000000
-1.993372 -63.421704 86.801033 0.000000 0.000000 0.000000
-0.165072 -63.389520 85.513325 0.000000 0.000000 0.000000
-1.641792 -63.430616 84.675882 0.000000 0.000000 0.000000
-0.353585 -58.908172 145.941946 0.000000 0.000000 0.000000
-0.239290 -59.543756 144.155879 0.000000 0.000000 0.000000
-4.812847 -64.764020 24.275928 0.000000 0.000000 0.000000
-4.755962 -64.756500 22.699118 0.000000 0.000000 0.000000
-5.851383 -64.889344 20.655383 0.000000 0.000000 0.000000
-4.417414 -64.902996 19.997315 0.000000 0.000000 0.000000
-5.569619 -64.996520 17.042145 0.000000 0.000000 0.000000
-5.271199 -65.090534 16.176467 0.000000 0.000000 0.000000
-6.806473 -65.142920 14.020824 0.000000 0.000000 0.000000
-4.316142 -65.226340 11.918812 0.000000 0.000000 0.000000
-6.203954 -65.352680 11.134501 0.000000 0.000000 0.000000
-4.667873 -65.432020 9.254470 0.000000 0.000000 0.000000
-1.724923 -63.529644 82.621674 0.000000 0.000000 0.000000
-0.356003 -63.609076 77.728801 0.000000 0.000000 0.000000
-0.943973 -63.587652 73.269270 0.000000 0.000000 0.000000
-0.273373 -63.780084 66.717076 0.000000 0.000000 0.000000
-1.092007 -62.127560 134.519985 0.000000 0.000000 0.000000
-0.824071 -62.393316 132.426157 0.000000 0.000000 0.000000
-0.647845 -62.622626 130.741776 0.000000 0.000000 0.000000
-1.131415 -62.840400 129.223129 0.000000 0.000000 0.000000
-1.514131 -63.121814 127.985622 0.000000 0.000000 0.000000
-1.002263 -63.447070 122.954609 0.000000 0.000000 0.000000
-1.070428 -63.504266 120.545110 0.000000 0.000000 0.000000
-0.321302 -63.485150 119.191348 0.000000 0.000000 0.000000
-1.304485 -63.440650 117.590349 0.000000 0.000000 0.000000
-0.713740 -63.512494 114.836260 0.000000 0.000000 0.000000
-1.519113 -63.513690 113.847683 0.000000 0.000000 0.000000
-2.448652 -63.542260 112.332461 0.000000 0.000000 0.000000
-2.189130 -56.218714 152.238852 0.000000 0.000000 0.000000
-2.399158 -56.794312 149.917002 0.000000 0.000000 0.000000
-1.259109 -57.626220 149.181234 0.000000 0.000000 0.000000
-0.287065 -58.350306 146.578576 0.000000 0.000000 0.000000
-2.344272 -60.190680 141.741913 0.000000 0.000000 0.000000
-3.204024 -60.830500 139.467569 0.000000 0.000000 0.000000
-2.983500 -61.552620 137.773299 0.000000 0.000000 0.000000
-2.890231 -61.813684 135.957929 0.000000 0.000000 0.000000
-2.740141 -63.203800 125.800356 0.000000 0.000000 0.000000
