# Event 1021
# Params: dx_requested=3.630815 dx_event(vote)=3.630815 rline(inlier)=3.630815 minvotes=4 nstart=2 cover=0.800 nlines=4
# HoughMemory: requested_MB=80.062 allocated_MB=80.062 num_x=128 directions=1281 coarsened=0 maxmem_MB=0.000
# N0=114 assigned=114 remaining_after_force=0
# Line 1: n=50 a=(42.551,-61.309,127.202) b=(0.405,0.093,0.909) start=(-0.675,-71.251,30.205) end=(84.221,-51.724,220.707)
# x y z globalTime peakAmplitude integratedCharge
16.625000 -66.997084 73.500000 0.000000 0.000000 0.000000
18.375000 -66.889620 73.500000 0.000000 0.000000 0.000000
18.375000 -66.752540 77.000000 0.000000 0.000000 0.000000
20.125000 -66.363113 80.500000 0.000000 0.000000 0.000000
23.625000 -65.470100 84.000000 0.000000 0.000000 0.000000
23.625000 -65.387360 87.500000 0.000000 0.000000 0.000000
25.375000 -65.069957 91.000000 0.000000 0.000000 0.000000
27.125000 -64.654571 94.500000 0.000000 0.000000 0.000000
28.875000 -64.239968 98.000000 0.000000 0.000000 0.000000
30.625000 -63.927781 101.500000 0.000000 0.000000 0.000000
32.375000 -63.378250 105.000000 0.000000 0.000000 0.000000
34.125000 -62.724890 108.500000 0.000000 0.000000 0.000000
34.125000 -62.640610 112.000000 0.000000 0.000000 0.000000
35.875000 -62.268650 115.500000 0.000000 0.000000 0.000000
37.625000 -61.976090 119.000000 0.000000 0.000000 0.000000
39.375000 -61.630683 122.500000 0.000000 0.000000 0.000000
41.125000 -61.255807 126.000000 0.000000 0.000000 0.000000
42.875000 -60.675478 129.500000 0.000000 0.000000 0.000000
60.375000 -56.691983 164.500000 0.000000 0.000000 0.000000
60.375000 -56.524935 168.000000 0.000000 0.000000 0.000000
62.125000 -56.414060 168.000000 0.000000 0.000000 0.000000
62.125000 -56.320890 171.500000 0.000000 0.000000 0.000000
63.875000 -55.998902 175.000000 0.000000 0.000000 0.000000
65.625000 -55.756699 178.500000 0.000000 0.000000 0.000000
67.375000 -55.321020 182.000000 0.000000 0.000000 0.000000
69.125000 -55.058040 185.500000 0.000000 0.000000 0.000000
69.125000 -55.023777 189.000000 0.000000 0.000000 0.000000
70.875000 -54.934657 185.500000 0.000000 0.000000 0.000000
70.875000 -54.900394 189.000000 0.000000 0.000000 0.000000
72.625000 -54.597608 192.500000 0.000000 0.000000 0.000000
72.625000 -54.507315 196.000000 0.000000 0.000000 0.000000
74.375000 -54.161569 199.500000 0.000000 0.000000 0.000000
76.125000 -53.824616 203.000000 0.000000 0.000000 0.000000
77.875000 -53.438143 210.000000 0.000000 0.000000 0.000000
79.625000 -53.286272 206.500000 0.000000 0.000000 0.000000
79.625000 -53.322252 210.000000 0.000000 0.000000 0.000000
81.375000 -53.046506 213.500000 0.000000 0.000000 0.000000
83.125000 -52.781988 217.000000 0.000000 0.000000 0.000000
84.875000 -52.549272 220.500000 0.000000 0.000000 0.000000
4.499798 -70.438666 48.674827 0.000000 0.000000 0.000000
5.453572 -70.335992 46.533767 0.000000 0.000000 0.000000
5.988844 -70.279394 45.025529 0.000000 0.000000 0.000000
5.169097 -70.284106 43.593030 0.000000 0.000000 0.000000
4.818220 -70.275830 41.943959 0.000000 0.000000 0.000000
4.266805 -70.306304 39.775515 0.000000 0.000000 0.000000
4.027516 -70.298090 38.364810 0.000000 0.000000 0.000000
6.477776 -70.360888 37.071154 0.000000 0.000000 0.000000
5.414917 -70.396720 35.217064 0.000000 0.000000 0.000000
4.522996 -70.392236 32.704009 0.000000 0.000000 0.000000
4.230852 -70.456806 27.937820 0.000000 0.000000 0.000000
# Line 2: n=64 a=(-1.686,-72.644,76.489) b=(0.230,0.081,-0.970) start=(-8.347,-74.978,104.542) end=(13.701,-67.252,11.684)
# x y z globalTime peakAmplitude integratedCharge
6.311339 -70.694680 53.868813 0.000000 0.000000 0.000000
3.045186 -70.793940 53.577936 0.000000 0.000000 0.000000
4.555491 -70.602832 52.251280 0.000000 0.000000 0.000000
1.668413 -70.625904 52.758320 0.000000 0.000000 0.000000
3.766906 -70.508294 50.407333 0.000000 0.000000 0.000000
2.597084 -70.555256 51.125306 0.000000 0.000000 0.000000
-4.654643 -74.394306 99.256834 0.000000 0.000000 0.000000
-6.416445 -74.229260 98.710817 0.000000 0.000000 0.000000
-5.912202 -74.157600 95.986261 0.000000 0.000000 0.000000
-4.643990 -73.951130 94.099918 0.000000 0.000000 0.000000
-5.791003 -73.771984 93.224149 0.000000 0.000000 0.000000
-3.896023 -73.626708 91.381405 0.000000 0.000000 0.000000
-6.269920 -73.481286 89.626898 0.000000 0.000000 0.000000
-4.732109 -73.324176 87.612774 0.000000 0.000000 0.000000
-0.879324 -73.231600 85.438349 0.000000 0.000000 0.000000
-4.538976 -73.251532 85.591926 0.000000 0.000000 0.000000
-1.157474 -73.118024 84.190093 0.000000 0.000000 0.000000
-5.488332 -73.137354 83.259022 0.000000 0.000000 0.000000
-5.779930 -73.097412 82.157207 0.000000 0.000000 0.000000
-1.370845 -73.142240 82.051782 0.000000 0.000000 0.000000
-4.181358 -72.968744 79.920552 0.000000 0.000000 0.000000
-1.281241 -72.996840 80.082303 0.000000 0.000000 0.000000
-0.103089 -72.861200 79.442171 0.000000 0.000000 0.000000
-0.268459 -72.679000 76.534183 0.000000 0.000000 0.000000
-2.677666 -72.552228 74.555006 0.000000 0.000000 0.000000
-1.595835 -72.399890 72.902371 0.000000 0.000000 0.000000
-1.786935 -72.237680 71.611952 0.000000 0.000000 0.000000
1.944267 -72.166880 71.522873 0.000000 0.000000 0.000000
-2.657566 -72.111600 70.233100 0.000000 0.000000 0.000000
1.641428 -72.078448 70.298817 0.000000 0.000000 0.000000
0.265028 -71.939428 68.291834 0.000000 0.000000 0.000000
-2.049493 -71.828940 67.072275 0.000000 0.000000 0.000000
1.507622 -71.824884 66.334331 0.000000 0.000000 0.000000
0.895647 -71.649786 64.108277 0.000000 0.000000 0.000000
2.164914 -71.601008 62.251939 0.000000 0.000000 0.000000
2.142418 -71.470648 61.992102 0.000000 0.000000 0.000000
3.091559 -71.339460 58.964415 0.000000 0.000000 0.000000
1.881778 -71.231390 57.701093 0.000000 0.000000 0.000000
3.713735 -71.124494 58.283691 0.000000 0.000000 0.000000
4.440071 -71.016360 55.602654 0.000000 0.000000 0.000000
-8.707196 -75.699100 104.396454 0.000000 0.000000 0.000000
-9.305340 -75.227454 103.626187 0.000000 0.000000 0.000000
-8.633778 -74.989320 101.134450 0.000000 0.000000 0.000000
-7.310521 -74.743908 100.359763 0.000000 0.000000 0.000000
-9.414463 -74.551208 98.197563 0.000000 0.000000 0.000000
0.772229 -70.463040 48.803865 0.000000 0.000000 0.000000
1.297351 -70.394030 47.294614 0.000000 0.000000 0.000000
6.200007 -70.413568 32.152455 0.000000 0.000000 0.000000
4.975244 -70.435760 29.575154 0.000000 0.000000 0.000000
6.196981 -70.717266 26.874816 0.000000 0.000000 0.000000
4.220524 -70.735590 24.064140 0.000000 0.000000 0.000000
4.222102 -70.822430 23.499322 0.000000 0.000000 0.000000
4.427332 -70.851586 20.429027 0.000000 0.000000 0.000000
5.072038 -70.936760 19.605601 0.000000 0.000000 0.000000
6.605799 -71.010240 17.157432 0.000000 0.000000 0.000000
6.715590 -71.043988 15.596354 0.000000 0.000000 0.000000
4.859924 -71.093866 14.048347 0.000000 0.000000 0.000000
6.851367 -71.184088 12.531445 0.000000 0.000000 0.000000
3.645370 -71.298144 10.825947 0.000000 0.000000 0.000000
5.452276 -71.366552 9.382959 0.000000 0.000000 0.000000
3.184282 -72.290656 72.798281 0.000000 0.000000 0.000000
-3.088498 -71.981336 68.283859 0.000000 0.000000 0.000000
-3.243867 -71.773620 65.180139 0.000000 0.000000 0.000000
0.233875 -71.101740 56.122962 0.000000 0.000000 0.000000
