# Event 65
# Params: dx_requested=3.389234 dx_event(vote)=3.389234 rline(inlier)=3.389234 minvotes=4 nstart=2 cover=0.800 nlines=4
# HoughMemory: requested_MB=80.062 allocated_MB=80.062 num_x=128 directions=1281 coarsened=0 maxmem_MB=0.000
# N0=126 assigned=126 remaining_after_force=0
# Line 1: n=110 a=(-2.571,-73.597,89.114) b=(0.013,0.012,-1.000) start=(-4.220,-75.217,220.593) end=(-1.558,-72.602,8.377)
# x y z globalTime peakAmplitude integratedCharge
-1.433162 -72.901428 53.983007 0.000000 0.000000 0.000000
-1.732153 -72.871044 51.873553 0.000000 0.000000 0.000000
-1.650921 -72.882904 51.117670 0.000000 0.000000 0.000000
-1.370094 -72.900080 47.151615 0.000000 0.000000 0.000000
-1.469785 -72.868432 46.103493 0.000000 0.000000 0.000000
-2.222219 -72.883472 43.019658 0.000000 0.000000 0.000000
-3.263322 -72.851300 42.487482 0.000000 0.000000 0.000000
-2.581108 -72.847534 40.338085 0.000000 0.000000 0.000000
-1.104272 -72.828710 38.102907 0.000000 0.000000 0.000000
-2.626198 -72.874396 36.179950 0.000000 0.000000 0.000000
-1.483219 -72.925268 35.460931 0.000000 0.000000 0.000000
-1.183288 -72.903300 33.617996 0.000000 0.000000 0.000000
-2.071320 -72.889550 31.722216 0.000000 0.000000 0.000000
-3.119910 -72.952728 29.211416 0.000000 0.000000 0.000000
-0.400049 -73.609560 110.549140 0.000000 0.000000 0.000000
-4.157937 -73.414654 110.745770 0.000000 0.000000 0.000000
-2.759894 -73.581556 109.216846 0.000000 0.000000 0.000000
-4.605256 -73.282428 109.070097 0.000000 0.000000 0.000000
-2.582915 -73.533886 107.356352 0.000000 0.000000 0.000000
-4.898246 -73.367376 106.882243 0.000000 0.000000 0.000000
-1.882240 -73.491748 105.240522 0.000000 0.000000 0.000000
-4.033189 -73.286500 105.734769 0.000000 0.000000 0.000000
-1.802539 -73.466534 103.174814 0.000000 0.000000 0.000000
-5.995544 -73.373346 102.973707 0.000000 0.000000 0.000000
-2.938664 -73.433216 101.466658 0.000000 0.000000 0.000000
-0.790355 -73.452540 99.987164 0.000000 0.000000 0.000000
-5.630109 -73.101752 99.256061 0.000000 0.000000 0.000000
-3.096905 -73.437720 98.710560 0.000000 0.000000 0.000000
-0.584276 -73.422080 96.376620 0.000000 0.000000 0.000000
-1.947311 -73.399540 94.103571 0.000000 0.000000 0.000000
-1.388091 -73.346580 92.455403 0.000000 0.000000 0.000000
-0.942738 -73.344354 91.231499 0.000000 0.000000 0.000000
-2.724591 -73.330188 89.007595 0.000000 0.000000 0.000000
-0.664588 -73.288680 86.894226 0.000000 0.000000 0.000000
-2.782350 -73.292510 86.474601 0.000000 0.000000 0.000000
-1.496369 -73.297220 84.458400 0.000000 0.000000 0.000000
-2.075317 -76.334500 151.158354 0.000000 0.000000 0.000000
-3.351690 -76.131066 148.479662 0.000000 0.000000 0.000000
-0.657492 -75.918554 147.431099 0.000000 0.000000 0.000000
-3.256730 -75.669560 145.203711 0.000000 0.000000 0.000000
-2.103379 -75.375440 143.221347 0.000000 0.000000 0.000000
-3.420615 -75.082208 141.391110 0.000000 0.000000 0.000000
-2.658978 -74.771644 140.418616 0.000000 0.000000 0.000000
-3.214815 -73.152948 26.724301 0.000000 0.000000 0.000000
-1.169813 -73.151630 24.579553 0.000000 0.000000 0.000000
-0.651525 -73.181214 23.259082 0.000000 0.000000 0.000000
-1.560442 -73.212336 21.379146 0.000000 0.000000 0.000000
-1.765832 -73.230768 19.568586 0.000000 0.000000 0.000000
-2.310540 -73.280554 18.027670 0.000000 0.000000 0.000000
-0.812138 -73.326354 15.443685 0.000000 0.000000 0.000000
-1.022311 -73.329194 13.447006 0.000000 0.000000 0.000000
-2.892731 -73.417236 12.518804 0.000000 0.000000 0.000000
-2.253084 -73.434980 9.958083 0.000000 0.000000 0.000000
-0.451204 -73.414840 82.247173 0.000000 0.000000 0.000000
-3.218004 -73.421734 79.962653 0.000000 0.000000 0.000000
-1.457954 -73.411820 78.877038 0.000000 0.000000 0.000000
-2.196362 -73.355194 77.664065 0.000000 0.000000 0.000000
-0.846432 -73.346000 75.623368 0.000000 0.000000 0.000000
-2.025092 -73.281140 73.259908 0.000000 0.000000 0.000000
-1.854099 -73.254388 71.282351 0.000000 0.000000 0.000000
-2.172847 -73.254360 70.187517 0.000000 0.000000 0.000000
-3.380759 -73.202000 68.484627 0.000000 0.000000 0.000000
-3.349312 -73.177580 66.050677 0.000000 0.000000 0.000000
-2.438329 -73.198860 64.499363 0.000000 0.000000 0.000000
-2.042958 -73.207770 62.794397 0.000000 0.000000 0.000000
-1.657316 -73.177216 58.791563 0.000000 0.000000 0.000000
-3.161735 -73.140880 57.076224 0.000000 0.000000 0.000000
-1.872672 -73.130688 56.293028 0.000000 0.000000 0.000000
-2.391853 -74.663294 138.911577 0.000000 0.000000 0.000000
-0.808991 -74.352860 137.096368 0.000000 0.000000 0.000000
-5.935075 -73.414904 137.026086 0.000000 0.000000 0.000000
-2.122992 -74.112928 134.334035 0.000000 0.000000 0.000000
-6.788116 -73.921052 134.764151 0.000000 0.000000 0.000000
-2.515771 -73.912806 132.627256 0.000000 0.000000 0.000000
-5.098731 -73.886248 133.483488 0.000000 0.000000 0.000000
-2.147276 -73.871650 130.994601 0.000000 0.000000 0.000000
-4.240209 -73.900048 131.174284 0.000000 0.000000 0.000000
-0.668451 -73.895624 129.675853 0.000000 0.000000 0.000000
-3.792835 -73.883636 129.795840 0.000000 0.000000 0.000000
-0.555039 -73.930188 127.764952 0.000000 0.000000 0.000000
-5.054469 -73.843506 127.685041 0.000000 0.000000 0.000000
-2.299644 -73.908710 125.632147 0.000000 0.000000 0.000000
-3.820982 -73.898486 125.940378 0.000000 0.000000 0.000000
-2.626879 -73.905020 124.315287 0.000000 0.000000 0.000000
-4.793722 -73.756188 124.932484 0.000000 0.000000 0.000000
-0.679811 -73.906390 122.682766 0.000000 0.000000 0.000000
-4.012166 -73.830960 122.317216 0.000000 0.000000 0.000000
-4.504519 -73.863540 120.221903 0.000000 0.000000 0.000000
-6.875965 -73.850196 118.318129 0.000000 0.000000 0.000000
-0.502126 -73.887980 117.605026 0.000000 0.000000 0.000000
-6.677795 -73.771612 117.317789 0.000000 0.000000 0.000000
-2.033868 -73.834430 114.752240 0.000000 0.000000 0.000000
-4.885941 -73.939404 116.002109 0.000000 0.000000 0.000000
-2.468545 -73.829370 114.288165 0.000000 0.000000 0.000000
-4.407300 -73.825464 113.164712 0.000000 0.000000 0.000000
-0.324008 -73.803680 112.175745 0.000000 0.000000 0.000000
-3.610891 -73.615754 111.972571 0.000000 0.000000 0.000000
-34.125000 -52.289823 220.500000 0.000000 0.000000 0.000000
-28.875000 -54.724830 210.000000 0.000000 0.000000 0.000000
-25.375000 -57.175040 199.500000 0.000000 0.000000 0.000000
-21.875000 -59.639397 189.000000 0.000000 0.000000 0.000000
-16.625000 -63.222836 175.000000 0.000000 0.000000 0.000000
-0.130808 -72.888500 48.350494 0.000000 0.000000 0.000000
-0.134267 -72.922924 27.925322 0.000000 0.000000 0.000000
-3.578932 -70.960376 144.157815 0.000000 0.000000 0.000000
-6.146478 -71.284490 141.689440 0.000000 0.000000 0.000000
-0.257813 -73.535192 8.381903 0.000000 0.000000 0.000000
-0.246307 -73.162304 61.557593 0.000000 0.000000 0.000000
-8.583552 -68.946386 152.553324 0.000000 0.000000 0.000000
-9.056571 -69.459484 150.608513 0.000000 0.000000 0.000000
# Line 2: n=16 a=(1.054,-76.041,144.801) b=(0.114,-0.079,0.990) start=(-3.948,-72.581,101.453) end=(3.082,-77.443,162.381)
# x y z globalTime peakAmplitude integratedCharge
-6.832636 -73.304400 101.727785 0.000000 0.000000 0.000000
2.649504 -77.880126 162.396330 0.000000 0.000000 0.000000
2.380532 -77.517120 160.478112 0.000000 0.000000 0.000000
3.310565 -77.339556 159.299442 0.000000 0.000000 0.000000
1.911294 -77.295130 156.854878 0.000000 0.000000 0.000000
1.093948 -77.094050 155.035716 0.000000 0.000000 0.000000
0.546918 -76.930926 153.613340 0.000000 0.000000 0.000000
2.867036 -76.674732 151.695844 0.000000 0.000000 0.000000
0.502364 -76.442750 149.756323 0.000000 0.000000 0.000000
1.549837 -76.191740 148.934005 0.000000 0.000000 0.000000
1.754812 -75.934704 147.145329 0.000000 0.000000 0.000000
0.902653 -75.665936 144.688667 0.000000 0.000000 0.000000
2.144720 -75.433900 143.878415 0.000000 0.000000 0.000000
2.318740 -75.199840 141.853442 0.000000 0.000000 0.000000
-0.168299 -73.878290 120.696868 0.000000 0.000000 0.000000
-0.071212 -73.865754 118.755091 0.000000 0.000000 0.000000
