# Event 1248
# Params: dx_requested=3.089008 dx_event(vote)=3.089008 rline(inlier)=3.089008 minvotes=4 nstart=2 cover=0.800 nlines=4
# HoughMemory: requested_MB=80.062 allocated_MB=80.062 num_x=128 directions=1281 coarsened=0 maxmem_MB=0.000
# N0=126 assigned=126 remaining_after_force=0
# Line 1: n=64 a=(2.253,-70.665,40.573) b=(0.215,0.026,0.976) start=(-4.928,-71.540,7.896) end=(9.907,-69.732,75.405)
# x y z globalTime peakAmplitude integratedCharge
3.809674 -70.283654 54.080786 0.000000 0.000000 0.000000
4.551055 -70.337006 53.063825 0.000000 0.000000 0.000000
5.530219 -70.392994 50.149135 0.000000 0.000000 0.000000
2.241661 -70.365580 50.779311 0.000000 0.000000 0.000000
4.962440 -70.418540 49.498272 0.000000 0.000000 0.000000
3.219294 -70.409650 48.633681 0.000000 0.000000 0.000000
4.893918 -70.428528 47.904151 0.000000 0.000000 0.000000
3.578125 -70.476600 45.344952 0.000000 0.000000 0.000000
2.221751 -70.543890 43.067916 0.000000 0.000000 0.000000
1.130606 -70.596790 42.090735 0.000000 0.000000 0.000000
0.856270 -70.622552 40.268201 0.000000 0.000000 0.000000
2.548604 -70.669506 38.775163 0.000000 0.000000 0.000000
3.414957 -70.716656 36.238576 0.000000 0.000000 0.000000
3.045689 -70.763312 35.176344 0.000000 0.000000 0.000000
-0.292914 -70.791406 34.520157 0.000000 0.000000 0.000000
3.073896 -70.795480 33.141709 0.000000 0.000000 0.000000
-0.694355 -70.811760 32.859618 0.000000 0.000000 0.000000
0.454612 -70.821020 32.015733 0.000000 0.000000 0.000000
0.725215 -70.749884 30.452270 0.000000 0.000000 0.000000
-1.413050 -70.856116 30.403275 0.000000 0.000000 0.000000
-2.545235 -70.911360 28.331353 0.000000 0.000000 0.000000
-1.374819 -71.090906 26.072134 0.000000 0.000000 0.000000
-1.858865 -71.099100 24.137480 0.000000 0.000000 0.000000
-3.822559 -71.043440 22.889774 0.000000 0.000000 0.000000
-2.733791 -71.118444 22.665029 0.000000 0.000000 0.000000
-2.685488 -71.133106 20.326291 0.000000 0.000000 0.000000
-1.774514 -71.218866 19.069826 0.000000 0.000000 0.000000
-4.019847 -71.245920 16.972157 0.000000 0.000000 0.000000
-1.379754 -71.313336 17.364530 0.000000 0.000000 0.000000
-5.526210 -71.253528 15.007653 0.000000 0.000000 0.000000
-1.967892 -71.337330 15.319540 0.000000 0.000000 0.000000
-4.438523 -71.344036 14.096230 0.000000 0.000000 0.000000
-2.741122 -71.462744 13.370538 0.000000 0.000000 0.000000
-4.776794 -71.565992 12.620269 0.000000 0.000000 0.000000
-0.638343 -71.515490 12.842918 0.000000 0.000000 0.000000
-3.911839 -71.502410 10.442306 0.000000 0.000000 0.000000
-5.590060 -71.654944 8.044928 0.000000 0.000000 0.000000
-2.308952 -71.720044 9.064366 0.000000 0.000000 0.000000
4.763176 -70.133814 65.358475 0.000000 0.000000 0.000000
6.156544 -70.227624 62.572025 0.000000 0.000000 0.000000
5.459972 -70.319672 61.997455 0.000000 0.000000 0.000000
3.879539 -70.340040 59.749817 0.000000 0.000000 0.000000
5.950403 -70.406660 58.071269 0.000000 0.000000 0.000000
5.384342 -70.474476 55.595302 0.000000 0.000000 0.000000
10.282095 -69.570196 75.318012 0.000000 0.000000 0.000000
9.023610 -69.685010 73.295661 0.000000 0.000000 0.000000
8.774714 -69.739380 72.476992 0.000000 0.000000 0.000000
8.099663 -69.793768 69.700178 0.000000 0.000000 0.000000
9.072928 -69.876770 68.707668 0.000000 0.000000 0.000000
8.792127 -69.953254 66.522387 0.000000 0.000000 0.000000
9.818066 -70.008280 65.305101 0.000000 0.000000 0.000000
10.010555 -70.096660 63.660662 0.000000 0.000000 0.000000
8.326101 -70.138680 61.948386 0.000000 0.000000 0.000000
8.643179 -70.194190 57.679361 0.000000 0.000000 0.000000
7.702139 -70.236792 56.482304 0.000000 0.000000 0.000000
1.569443 -70.321228 52.255321 0.000000 0.000000 0.000000
0.356717 -70.492828 47.667282 0.000000 0.000000 0.000000
0.293167 -70.529510 45.498333 0.000000 0.000000 0.000000
6.006922 -70.421528 43.002506 0.000000 0.000000 0.000000
-2.853309 -70.686640 37.431654 0.000000 0.000000 0.000000
-6.369143 -71.103968 20.901952 0.000000 0.000000 0.000000
-5.374569 -71.239686 19.369620 0.000000 0.000000 0.000000
-0.256047 -71.575800 9.942446 0.000000 0.000000 0.000000
9.880150 -70.137806 59.709450 0.000000 0.000000 0.000000
# Line 2: n=62 a=(-49.484,-64.918,117.070) b=(0.452,-0.049,-0.891) start=(-82.581,-61.337,182.252) end=(-3.111,-69.935,25.742)
# x y z globalTime peakAmplitude integratedCharge
-83.125000 -61.787870 182.000000 0.000000 0.000000 0.000000
-81.375000 -61.829254 182.000000 0.000000 0.000000 0.000000
-77.875000 -62.113605 171.500000 0.000000 0.000000 0.000000
-77.875000 -62.084296 175.000000 0.000000 0.000000 0.000000
-76.125000 -62.292777 168.000000 0.000000 0.000000 0.000000
-76.125000 -62.183719 171.500000 0.000000 0.000000 0.000000
-74.375000 -62.469171 164.500000 0.000000 0.000000 0.000000
-74.375000 -62.397394 168.000000 0.000000 0.000000 0.000000
-72.625000 -62.659723 161.000000 0.000000 0.000000 0.000000
-72.625000 -62.552393 164.500000 0.000000 0.000000 0.000000
-70.875000 -62.844497 157.500000 0.000000 0.000000 0.000000
-70.875000 -62.755124 161.000000 0.000000 0.000000 0.000000
-69.125000 -63.006112 154.000000 0.000000 0.000000 0.000000
-69.125000 -62.943178 157.500000 0.000000 0.000000 0.000000
-65.625000 -63.193390 147.000000 0.000000 0.000000 0.000000
-65.625000 -63.088977 154.000000 0.000000 0.000000 0.000000
-63.875000 -63.315521 147.000000 0.000000 0.000000 0.000000
-62.125000 -63.686344 136.500000 0.000000 0.000000 0.000000
-60.375000 -63.730992 133.000000 0.000000 0.000000 0.000000
-60.375000 -63.706468 136.500000 0.000000 0.000000 0.000000
-58.625000 -63.853668 129.500000 0.000000 0.000000 0.000000
-58.625000 -63.791950 133.000000 0.000000 0.000000 0.000000
-56.875000 -63.952140 129.500000 0.000000 0.000000 0.000000
-56.875000 -63.890422 133.000000 0.000000 0.000000 0.000000
-55.125000 -63.921948 129.500000 0.000000 0.000000 0.000000
-55.125000 -63.860230 133.000000 0.000000 0.000000 0.000000
-51.625000 -64.365909 119.000000 0.000000 0.000000 0.000000
-49.875000 -64.602417 115.500000 0.000000 0.000000 0.000000
-49.875000 -64.502585 119.000000 0.000000 0.000000 0.000000
-48.125000 -64.689807 115.500000 0.000000 0.000000 0.000000
-46.375000 -64.983830 112.000000 0.000000 0.000000 0.000000
-44.625000 -65.143514 108.500000 0.000000 0.000000 0.000000
-44.625000 -65.055584 112.000000 0.000000 0.000000 0.000000
-42.875000 -65.304907 105.000000 0.000000 0.000000 0.000000
-42.875000 -65.246285 108.500000 0.000000 0.000000 0.000000
-41.125000 -65.516388 101.500000 0.000000 0.000000 0.000000
-41.125000 -65.398242 105.000000 0.000000 0.000000 0.000000
-39.375000 -65.772010 94.500000 0.000000 0.000000 0.000000
-39.375000 -65.724878 98.000000 0.000000 0.000000 0.000000
-39.375000 -65.623160 101.500000 0.000000 0.000000 0.000000
-37.625000 -66.047574 91.000000 0.000000 0.000000 0.000000
-37.625000 -65.928516 94.500000 0.000000 0.000000 0.000000
-34.125000 -66.598248 84.000000 0.000000 0.000000 0.000000
-34.125000 -66.480983 87.500000 0.000000 0.000000 0.000000
-32.375000 -66.711081 84.000000 0.000000 0.000000 0.000000
-30.625000 -67.112271 77.000000 0.000000 0.000000 0.000000
-30.625000 -67.020837 80.500000 0.000000 0.000000 0.000000
-28.875000 -67.271804 73.500000 0.000000 0.000000 0.000000
-28.875000 -67.201358 77.000000 0.000000 0.000000 0.000000
-27.125000 -67.451710 70.000000 0.000000 0.000000 0.000000
-27.125000 -67.379480 73.500000 0.000000 0.000000 0.000000
-25.375000 -67.523847 70.000000 0.000000 0.000000 0.000000
-23.625000 -68.129648 63.000000 0.000000 0.000000 0.000000
-21.875000 -68.286227 59.500000 0.000000 0.000000 0.000000
-21.875000 -68.225186 63.000000 0.000000 0.000000 0.000000
-20.125000 -68.397412 59.500000 0.000000 0.000000 0.000000
-18.375000 -68.772235 56.000000 0.000000 0.000000 0.000000
-2.697632 -70.852148 31.566903 0.000000 0.000000 0.000000
-77.875000 -62.058069 178.500000 0.000000 0.000000 0.000000
-76.125000 -62.154410 175.000000 0.000000 0.000000 0.000000
-76.125000 -62.128183 178.500000 0.000000 0.000000 0.000000
-5.514631 -71.044770 24.582847 0.000000 0.000000 0.000000
