# Event 2090
# Params: dx_requested=3.372668 dx_event(vote)=3.372668 rline(inlier)=3.372668 minvotes=4 nstart=2 cover=0.800 nlines=4
# HoughMemory: requested_MB=80.062 allocated_MB=80.062 num_x=128 directions=1281 coarsened=0 maxmem_MB=0.000
# N0=94 assigned=94 remaining_after_force=0
# Line 1: n=83 a=(1.255,-77.444,66.938) b=(0.011,0.027,-1.000) start=(0.620,-78.976,124.505) end=(1.903,-75.880,8.142)
# x y z globalTime peakAmplitude integratedCharge
0.374879 -76.467376 53.734837 0.000000 0.000000 0.000000
0.495956 -76.450994 53.105373 0.000000 0.000000 0.000000
0.878605 -76.436040 50.570867 0.000000 0.000000 0.000000
0.945798 -76.462860 48.448006 0.000000 0.000000 0.000000
3.248638 -76.476320 46.693131 0.000000 0.000000 0.000000
0.282757 -76.472510 44.755405 0.000000 0.000000 0.000000
0.727080 -76.496080 43.423979 0.000000 0.000000 0.000000
2.818977 -76.468240 42.152610 0.000000 0.000000 0.000000
0.554018 -76.480468 40.250693 0.000000 0.000000 0.000000
3.148264 -76.478000 37.824683 0.000000 0.000000 0.000000
3.075557 -76.474200 37.019359 0.000000 0.000000 0.000000
1.168830 -76.498828 34.872087 0.000000 0.000000 0.000000
1.140164 -76.526104 32.681691 0.000000 0.000000 0.000000
2.883564 -76.493354 31.141491 0.000000 0.000000 0.000000
1.728702 -76.529880 29.231947 0.000000 0.000000 0.000000
0.332686 -76.561460 28.313952 0.000000 0.000000 0.000000
2.318204 -79.414832 110.235106 0.000000 0.000000 0.000000
-1.237032 -79.453564 109.790398 0.000000 0.000000 0.000000
1.642812 -79.171728 108.108854 0.000000 0.000000 0.000000
-0.116304 -79.252210 107.913151 0.000000 0.000000 0.000000
1.360634 -79.049914 106.438022 0.000000 0.000000 0.000000
-0.256146 -79.070060 106.458517 0.000000 0.000000 0.000000
1.314391 -78.741880 104.375950 0.000000 0.000000 0.000000
-1.639512 -78.783130 105.579769 0.000000 0.000000 0.000000
1.353327 -78.568520 103.981168 0.000000 0.000000 0.000000
-1.483585 -78.640516 103.221602 0.000000 0.000000 0.000000
2.143169 -78.382416 101.122996 0.000000 0.000000 0.000000
2.231278 -78.163476 100.448057 0.000000 0.000000 0.000000
1.239982 -77.978340 98.466270 0.000000 0.000000 0.000000
0.872696 -77.798890 96.067427 0.000000 0.000000 0.000000
1.940583 -77.589580 94.734302 0.000000 0.000000 0.000000
1.096349 -77.418610 92.830840 0.000000 0.000000 0.000000
2.984820 -77.208480 91.317558 0.000000 0.000000 0.000000
3.272549 -77.033044 89.489901 0.000000 0.000000 0.000000
3.155427 -76.881610 87.354223 0.000000 0.000000 0.000000
0.474244 -76.729950 85.710911 0.000000 0.000000 0.000000
1.153232 -76.708044 84.331932 0.000000 0.000000 0.000000
1.266201 -76.728448 26.785877 0.000000 0.000000 0.000000
0.378049 -76.775928 24.747585 0.000000 0.000000 0.000000
1.065732 -76.841688 22.122625 0.000000 0.000000 0.000000
3.156537 -76.837800 20.397511 0.000000 0.000000 0.000000
3.832807 -76.737536 20.755293 0.000000 0.000000 0.000000
0.110611 -76.882840 19.802876 0.000000 0.000000 0.000000
2.566797 -76.988044 16.955548 0.000000 0.000000 0.000000
0.157684 -77.018860 15.509146 0.000000 0.000000 0.000000
0.750233 -77.109140 13.339098 0.000000 0.000000 0.000000
2.021673 -77.119086 12.608975 0.000000 0.000000 0.000000
0.194086 -77.225340 9.886717 0.000000 0.000000 0.000000
0.687987 -77.300390 8.090414 0.000000 0.000000 0.000000
0.317070 -76.867620 82.536387 0.000000 0.000000 0.000000
0.696089 -76.849090 81.082775 0.000000 0.000000 0.000000
0.139764 -76.796484 78.190458 0.000000 0.000000 0.000000
1.698994 -76.782434 77.700646 0.000000 0.000000 0.000000
2.756186 -76.773560 74.934215 0.000000 0.000000 0.000000
0.122164 -76.730756 73.196137 0.000000 0.000000 0.000000
2.277423 -76.718836 72.097963 0.000000 0.000000 0.000000
2.397194 -76.719172 69.756098 0.000000 0.000000 0.000000
2.899764 -76.669340 68.675068 0.000000 0.000000 0.000000
2.149360 -76.692408 66.465635 0.000000 0.000000 0.000000
2.781818 -76.655108 64.066987 0.000000 0.000000 0.000000
2.434191 -76.693226 63.371326 0.000000 0.000000 0.000000
1.683608 -76.711652 61.024067 0.000000 0.000000 0.000000
1.133116 -76.708124 59.245844 0.000000 0.000000 0.000000
1.223230 -76.678460 57.583481 0.000000 0.000000 0.000000
2.845969 -76.686120 55.282005 0.000000 0.000000 0.000000
-0.136449 -80.899848 122.505171 0.000000 0.000000 0.000000
-0.709267 -80.506092 118.900741 0.000000 0.000000 0.000000
-1.073959 -80.242328 115.043092 0.000000 0.000000 0.000000
-1.383853 -80.048328 113.675731 0.000000 0.000000 0.000000
2.482406 -79.867800 111.431355 0.000000 0.000000 0.000000
-1.453849 -79.883332 112.668329 0.000000 0.000000 0.000000
5.642989 -76.659968 23.854416 0.000000 0.000000 0.000000
6.302978 -76.768928 23.130297 0.000000 0.000000 0.000000
4.622509 -76.798880 19.718387 0.000000 0.000000 0.000000
5.571094 -76.978820 18.097919 0.000000 0.000000 0.000000
5.286719 -76.843720 15.182394 0.000000 0.000000 0.000000
5.268069 -76.974334 14.226038 0.000000 0.000000 0.000000
5.170428 -77.004388 12.433912 0.000000 0.000000 0.000000
6.316192 -77.277044 10.856141 0.000000 0.000000 0.000000
5.550750 -77.280488 8.819046 0.000000 0.000000 0.000000
-2.231852 -81.015400 124.419364 0.000000 0.000000 0.000000
-2.061837 -80.684234 121.349137 0.000000 0.000000 0.000000
-2.653792 -80.365350 117.823147 0.000000 0.000000 0.000000
# Line 2: n=11 a=(24.739,-64.211,196.318) b=(0.210,0.100,0.973) start=(14.849,-68.946,150.473) end=(29.981,-61.700,220.621)
# x y z globalTime peakAmplitude integratedCharge
14.875000 -69.257895 150.500000 0.000000 0.000000 0.000000
20.125000 -66.418276 175.000000 0.000000 0.000000 0.000000
21.875000 -65.427561 182.000000 0.000000 0.000000 0.000000
23.625000 -64.650166 189.000000 0.000000 0.000000 0.000000
23.625000 -64.535063 192.500000 0.000000 0.000000 0.000000
25.375000 -63.549121 203.000000 0.000000 0.000000 0.000000
27.125000 -62.979068 206.500000 0.000000 0.000000 0.000000
27.125000 -62.881153 210.000000 0.000000 0.000000 0.000000
28.875000 -62.427353 213.500000 0.000000 0.000000 0.000000
28.875000 -62.312917 217.000000 0.000000 0.000000 0.000000
30.625000 -61.877808 220.500000 0.000000 0.000000 0.000000
