# Event 2153
# Params: dx_requested=3.729796 dx_event(vote)=3.729796 rline(inlier)=3.729796 minvotes=4 nstart=2 cover=0.800 nlines=4
# HoughMemory: requested_MB=80.062 allocated_MB=80.062 num_x=128 directions=1281 coarsened=0 maxmem_MB=0.000
# N0=115 assigned=115 remaining_after_force=0
# Line 1: n=95 a=(-3.352,-76.911,66.304) b=(0.063,-0.046,0.997) start=(-6.981,-74.224,8.606) end=(0.584,-79.824,128.861)
# x y z globalTime peakAmplitude integratedCharge
-6.502965 -75.343952 53.518639 0.000000 0.000000 0.000000
-5.408365 -75.367572 52.933693 0.000000 0.000000 0.000000
-3.634237 -75.351606 51.311559 0.000000 0.000000 0.000000
-3.766077 -75.355206 49.507449 0.000000 0.000000 0.000000
-5.142622 -75.367926 46.632743 0.000000 0.000000 0.000000
-6.604569 -75.375488 44.985665 0.000000 0.000000 0.000000
-4.346729 -75.368354 44.467012 0.000000 0.000000 0.000000
-4.998517 -75.361036 42.010450 0.000000 0.000000 0.000000
-5.626741 -75.352894 40.803364 0.000000 0.000000 0.000000
-4.216490 -75.337940 39.036372 0.000000 0.000000 0.000000
-4.972240 -75.383856 36.964765 0.000000 0.000000 0.000000
-5.976745 -75.404212 34.925048 0.000000 0.000000 0.000000
-6.305196 -75.400708 32.690075 0.000000 0.000000 0.000000
-6.311420 -75.392750 31.332182 0.000000 0.000000 0.000000
-4.427473 -75.400800 29.871153 0.000000 0.000000 0.000000
-4.333199 -75.416748 27.394549 0.000000 0.000000 0.000000
2.084112 -80.098780 110.927418 0.000000 0.000000 0.000000
1.206971 -79.838104 108.739279 0.000000 0.000000 0.000000
0.058873 -79.616590 106.067252 0.000000 0.000000 0.000000
-1.408759 -79.321320 104.895990 0.000000 0.000000 0.000000
0.581273 -79.218914 103.573345 0.000000 0.000000 0.000000
-1.888026 -79.048510 102.516765 0.000000 0.000000 0.000000
1.020896 -78.991974 101.934463 0.000000 0.000000 0.000000
-2.353454 -78.985334 101.703056 0.000000 0.000000 0.000000
0.532032 -78.804516 99.201513 0.000000 0.000000 0.000000
-3.097699 -78.804492 99.499514 0.000000 0.000000 0.000000
-0.424055 -78.619440 97.332125 0.000000 0.000000 0.000000
-0.194131 -78.445514 96.611001 0.000000 0.000000 0.000000
1.804240 -78.227630 95.188116 0.000000 0.000000 0.000000
-0.737258 -78.268072 94.765478 0.000000 0.000000 0.000000
-2.708087 -78.044708 93.119393 0.000000 0.000000 0.000000
-1.605312 -77.847400 90.827186 0.000000 0.000000 0.000000
-3.028891 -77.633692 88.717735 0.000000 0.000000 0.000000
-0.555441 -77.460820 87.273733 0.000000 0.000000 0.000000
-3.910686 -77.315954 87.888682 0.000000 0.000000 0.000000
-3.372073 -77.263134 86.348770 0.000000 0.000000 0.000000
-4.243045 -77.147760 85.605175 0.000000 0.000000 0.000000
-2.431306 -77.085906 83.457990 0.000000 0.000000 0.000000
-3.819244 -75.589666 25.976691 0.000000 0.000000 0.000000
-4.428254 -75.644854 24.711394 0.000000 0.000000 0.000000
-5.646452 -75.698920 23.243169 0.000000 0.000000 0.000000
-3.613455 -75.700312 20.620023 0.000000 0.000000 0.000000
-5.624649 -75.692626 19.700885 0.000000 0.000000 0.000000
-5.476126 -75.755792 17.927870 0.000000 0.000000 0.000000
-3.423994 -75.725532 18.179908 0.000000 0.000000 0.000000
-6.135835 -75.737908 15.764748 0.000000 0.000000 0.000000
-6.647462 -75.819152 13.815195 0.000000 0.000000 0.000000
-5.590728 -75.870280 12.558876 0.000000 0.000000 0.000000
-6.717006 -75.894312 10.645620 0.000000 0.000000 0.000000
-5.801775 -76.028260 9.066598 0.000000 0.000000 0.000000
-5.511090 -76.946594 82.893519 0.000000 0.000000 0.000000
-1.723730 -76.988280 82.915652 0.000000 0.000000 0.000000
-1.403128 -76.786414 80.293827 0.000000 0.000000 0.000000
-3.172128 -76.612470 78.489169 0.000000 0.000000 0.000000
-6.153702 -76.389612 76.635077 0.000000 0.000000 0.000000
-2.966561 -76.387354 77.055042 0.000000 0.000000 0.000000
-5.520734 -76.153924 74.721280 0.000000 0.000000 0.000000
-3.655984 -75.931830 73.858263 0.000000 0.000000 0.000000
-6.372989 -75.685656 71.838044 0.000000 0.000000 0.000000
-4.092409 -75.574292 69.486048 0.000000 0.000000 0.000000
-4.572817 -75.560186 68.193060 0.000000 0.000000 0.000000
-4.039299 -75.586120 66.394484 0.000000 0.000000 0.000000
-4.908238 -75.533264 65.028497 0.000000 0.000000 0.000000
-5.059805 -75.542956 63.416729 0.000000 0.000000 0.000000
-5.707594 -75.574006 61.064582 0.000000 0.000000 0.000000
-5.298569 -75.579380 59.681038 0.000000 0.000000 0.000000
-4.068252 -75.551440 57.253870 0.000000 0.000000 0.000000
-6.225630 -75.563788 55.663446 0.000000 0.000000 0.000000
0.290411 -81.544360 119.576962 0.000000 0.000000 0.000000
1.336135 -81.300900 117.559384 0.000000 0.000000 0.000000
1.412226 -81.071704 115.108824 0.000000 0.000000 0.000000
1.682248 -80.823380 113.910458 0.000000 0.000000 0.000000
1.235378 -80.561146 112.345354 0.000000 0.000000 0.000000
3.069159 -79.390220 105.057537 0.000000 0.000000 0.000000
3.412169 -78.705066 97.769176 0.000000 0.000000 0.000000
3.248848 -78.439728 95.882874 0.000000 0.000000 0.000000
-6.464721 -77.001746 84.692909 0.000000 0.000000 0.000000
-2.151728 -75.728736 18.919409 0.000000 0.000000 0.000000
-0.207343 -75.752940 16.422066 0.000000 0.000000 0.000000
-2.199516 -75.864892 13.482382 0.000000 0.000000 0.000000
-1.130679 -75.920800 11.738261 0.000000 0.000000 0.000000
-0.753375 -75.968380 10.487874 0.000000 0.000000 0.000000
-1.356197 -76.031520 8.167999 0.000000 0.000000 0.000000
-6.217752 -76.790754 81.043681 0.000000 0.000000 0.000000
-6.392753 -76.567388 78.419154 0.000000 0.000000 0.000000
6.232257 -81.535052 128.400723 0.000000 0.000000 0.000000
4.689265 -81.712188 125.991312 0.000000 0.000000 0.000000
4.089778 -81.701220 124.295891 0.000000 0.000000 0.000000
4.792178 -81.736700 122.239184 0.000000 0.000000 0.000000
5.300686 -81.815264 120.773481 0.000000 0.000000 0.000000
6.155863 -81.617626 119.565334 0.000000 0.000000 0.000000
5.027939 -81.326386 116.791741 0.000000 0.000000 0.000000
5.999342 -81.039654 115.078647 0.000000 0.000000 0.000000
5.584719 -80.924714 113.635256 0.000000 0.000000 0.000000
9.787585 -81.330520 128.212361 0.000000 0.000000 0.000000
# Line 2: n=20 a=(-56.000,-54.423,150.850) b=(0.519,-0.214,-0.828) start=(-97.321,-37.347,216.767) end=(-16.353,-70.807,87.603)
# x y z globalTime peakAmplitude integratedCharge
-97.125000 -37.770836 217.000000 0.000000 0.000000 0.000000
-95.375000 -38.442103 213.500000 0.000000 0.000000 0.000000
-88.375000 -41.174308 203.000000 0.000000 0.000000 0.000000
-77.875000 -45.395807 185.500000 0.000000 0.000000 0.000000
-76.125000 -46.204747 182.000000 0.000000 0.000000 0.000000
-70.875000 -48.177701 175.000000 0.000000 0.000000 0.000000
-69.125000 -48.902182 171.500000 0.000000 0.000000 0.000000
-62.125000 -51.676800 161.000000 0.000000 0.000000 0.000000
-60.375000 -52.415659 157.500000 0.000000 0.000000 0.000000
-58.625000 -53.220607 154.000000 0.000000 0.000000 0.000000
-55.125000 -54.508848 150.500000 0.000000 0.000000 0.000000
-53.375000 -55.218280 147.000000 0.000000 0.000000 0.000000
-51.625000 -56.035336 143.500000 0.000000 0.000000 0.000000
-44.625000 -58.964103 133.000000 0.000000 0.000000 0.000000
-42.875000 -59.734456 129.500000 0.000000 0.000000 0.000000
-34.125000 -63.481751 115.500000 0.000000 0.000000 0.000000
-27.125000 -66.544248 105.000000 0.000000 0.000000 0.000000
-20.125000 -69.372498 94.500000 0.000000 0.000000 0.000000
-18.375000 -70.152417 91.000000 0.000000 0.000000 0.000000
-16.625000 -71.066760 87.500000 0.000000 0.000000 0.000000
