# Event 3889
# Params: dx_requested=3.328029 dx_event(vote)=3.328029 rline(inlier)=3.328029 minvotes=4 nstart=2 cover=0.800 nlines=4
# HoughMemory: requested_MB=80.062 allocated_MB=80.062 num_x=128 directions=1281 coarsened=0 maxmem_MB=0.000
# N0=87 assigned=87 remaining_after_force=0
# Line 1: n=66 a=(-4.846,-81.714,54.524) b=(-0.001,-0.008,-1.000) start=(-4.788,-81.243,114.824) end=(-4.892,-82.076,8.089)
# x y z globalTime peakAmplitude integratedCharge
-4.756951 -81.375840 51.872870 0.000000 0.000000 0.000000
-5.964626 -81.393970 50.202323 0.000000 0.000000 0.000000
-5.337406 -81.454272 49.232609 0.000000 0.000000 0.000000
-3.841883 -81.473300 47.421474 0.000000 0.000000 0.000000
-4.258045 -81.489264 45.411373 0.000000 0.000000 0.000000
-4.724194 -81.524592 43.695474 0.000000 0.000000 0.000000
-6.299623 -81.478064 42.719295 0.000000 0.000000 0.000000
-3.994004 -81.542054 39.933125 0.000000 0.000000 0.000000
-6.027332 -81.647080 37.878987 0.000000 0.000000 0.000000
-5.317864 -81.583472 37.342212 0.000000 0.000000 0.000000
-4.338278 -81.650910 34.715823 0.000000 0.000000 0.000000
-6.079784 -81.698260 33.021986 0.000000 0.000000 0.000000
-4.264666 -81.770060 32.107179 0.000000 0.000000 0.000000
-4.321177 -81.769916 30.401909 0.000000 0.000000 0.000000
-3.778468 -81.807604 27.512217 0.000000 0.000000 0.000000
-3.713060 -82.018960 100.272079 0.000000 0.000000 0.000000
-4.028896 -81.887304 97.280881 0.000000 0.000000 0.000000
-5.625918 -81.862380 96.079312 0.000000 0.000000 0.000000
-4.174289 -81.849096 94.432366 0.000000 0.000000 0.000000
-5.044050 -81.784380 92.173052 0.000000 0.000000 0.000000
-5.056153 -81.658044 90.941646 0.000000 0.000000 0.000000
-5.222054 -81.559820 88.736880 0.000000 0.000000 0.000000
-4.198686 -81.430384 87.960813 0.000000 0.000000 0.000000
-4.956366 -81.342272 86.043004 0.000000 0.000000 0.000000
-3.939824 -81.277780 84.419315 0.000000 0.000000 0.000000
-4.183668 -82.047168 26.093148 0.000000 0.000000 0.000000
-6.768118 -82.095356 23.333861 0.000000 0.000000 0.000000
-3.599413 -82.164556 21.101026 0.000000 0.000000 0.000000
-3.607640 -82.168024 19.931366 0.000000 0.000000 0.000000
-6.206882 -82.266720 17.859910 0.000000 0.000000 0.000000
-3.638714 -82.360160 15.290138 0.000000 0.000000 0.000000
-4.006051 -82.443060 13.735721 0.000000 0.000000 0.000000
-4.380788 -82.467060 12.091219 0.000000 0.000000 0.000000
-6.347143 -82.523792 10.266048 0.000000 0.000000 0.000000
-5.527436 -82.633270 8.094290 0.000000 0.000000 0.000000
-6.021438 -81.429046 81.874738 0.000000 0.000000 0.000000
-3.824177 -81.444256 80.577244 0.000000 0.000000 0.000000
-4.160172 -81.454432 78.820477 0.000000 0.000000 0.000000
-5.753972 -81.464120 76.436790 0.000000 0.000000 0.000000
-6.331958 -81.432404 75.893342 0.000000 0.000000 0.000000
-6.250485 -81.416968 74.059364 0.000000 0.000000 0.000000
-4.458665 -81.424820 71.304719 0.000000 0.000000 0.000000
-5.228381 -81.430408 69.512957 0.000000 0.000000 0.000000
-4.899203 -81.475586 65.940258 0.000000 0.000000 0.000000
-4.098274 -81.463208 64.919662 0.000000 0.000000 0.000000
-4.909393 -81.468520 63.379586 0.000000 0.000000 0.000000
-4.014004 -81.465856 61.633279 0.000000 0.000000 0.000000
-4.165703 -81.550628 60.209966 0.000000 0.000000 0.000000
-5.833191 -81.554600 57.490566 0.000000 0.000000 0.000000
-6.862687 -81.311126 54.691420 0.000000 0.000000 0.000000
-6.852986 -82.074396 25.224337 0.000000 0.000000 0.000000
-6.694770 -81.469952 68.314794 0.000000 0.000000 0.000000
-6.741947 -81.556220 56.421401 0.000000 0.000000 0.000000
-8.363943 -82.350788 109.519088 0.000000 0.000000 0.000000
-8.773143 -82.392432 108.750838 0.000000 0.000000 0.000000
-9.626459 -82.417520 106.851146 0.000000 0.000000 0.000000
-8.172055 -82.340772 105.244864 0.000000 0.000000 0.000000
-8.390541 -82.265270 103.773883 0.000000 0.000000 0.000000
-7.785181 -82.231620 102.109585 0.000000 0.000000 0.000000
-9.495711 -82.206556 99.756461 0.000000 0.000000 0.000000
-7.822589 -82.162506 97.600887 0.000000 0.000000 0.000000
-9.017622 -82.130080 96.810271 0.000000 0.000000 0.000000
-9.224856 -82.119116 95.138639 0.000000 0.000000 0.000000
-10.145575 -82.145360 114.836404 0.000000 0.000000 0.000000
-9.409348 -82.218860 113.862184 0.000000 0.000000 0.000000
-9.281570 -82.389040 111.914578 0.000000 0.000000 0.000000
# Line 2: n=21 a=(30.375,-72.155,176.833) b=(0.383,0.079,0.920) start=(15.008,-75.336,139.911) end=(45.475,-69.029,213.114)
# x y z globalTime peakAmplitude integratedCharge
14.875000 -75.719044 140.000000 0.000000 0.000000 0.000000
16.625000 -75.315244 143.500000 0.000000 0.000000 0.000000
18.375000 -74.886240 147.000000 0.000000 0.000000 0.000000
20.125000 -74.151465 154.000000 0.000000 0.000000 0.000000
21.875000 -73.794302 157.500000 0.000000 0.000000 0.000000
23.625000 -73.439926 161.000000 0.000000 0.000000 0.000000
25.375000 -73.040821 164.500000 0.000000 0.000000 0.000000
27.125000 -72.685443 168.000000 0.000000 0.000000 0.000000
27.125000 -72.556812 171.500000 0.000000 0.000000 0.000000
28.875000 -72.399582 171.500000 0.000000 0.000000 0.000000
30.625000 -72.040421 175.000000 0.000000 0.000000 0.000000
30.625000 -71.956605 178.500000 0.000000 0.000000 0.000000
32.375000 -71.546524 182.000000 0.000000 0.000000 0.000000
34.125000 -71.251352 185.500000 0.000000 0.000000 0.000000
35.875000 -70.930494 189.000000 0.000000 0.000000 0.000000
37.625000 -70.699988 192.500000 0.000000 0.000000 0.000000
39.375000 -70.222250 199.500000 0.000000 0.000000 0.000000
41.125000 -70.006100 203.000000 0.000000 0.000000 0.000000
42.875000 -69.736880 206.500000 0.000000 0.000000 0.000000
44.625000 -69.471756 210.000000 0.000000 0.000000 0.000000
44.625000 -69.402606 213.500000 0.000000 0.000000 0.000000
