# Event 1309
# Params: dx_requested=3.480951 dx_event(vote)=3.480951 rline(inlier)=3.480951 minvotes=4 nstart=2 cover=0.800 nlines=4
# HoughMemory: requested_MB=80.062 allocated_MB=80.062 num_x=128 directions=1281 coarsened=0 maxmem_MB=0.000
# N0=120 assigned=120 remaining_after_force=0
# Line 1: n=91 a=(4.197,-84.818,65.491) b=(0.034,-0.031,0.999) start=(2.271,-83.039,8.561) end=(6.162,-86.635,123.621)
# x y z globalTime peakAmplitude integratedCharge
5.123064 -84.233606 54.786748 0.000000 0.000000 0.000000
2.132803 -84.286816 53.748648 0.000000 0.000000 0.000000
5.416139 -84.225524 51.889193 0.000000 0.000000 0.000000
1.068850 -84.221148 52.526970 0.000000 0.000000 0.000000
4.245508 -84.182116 51.447684 0.000000 0.000000 0.000000
0.295812 -84.174450 50.304293 0.000000 0.000000 0.000000
5.532997 -84.164220 48.775965 0.000000 0.000000 0.000000
2.159414 -84.184272 49.203091 0.000000 0.000000 0.000000
3.826833 -84.170966 47.164759 0.000000 0.000000 0.000000
2.153458 -84.190394 47.473417 0.000000 0.000000 0.000000
5.377414 -84.131146 45.033683 0.000000 0.000000 0.000000
0.770844 -84.167160 45.018268 0.000000 0.000000 0.000000
1.690057 -84.167608 43.294163 0.000000 0.000000 0.000000
4.794425 -84.137396 42.052070 0.000000 0.000000 0.000000
0.516138 -84.117420 41.497260 0.000000 0.000000 0.000000
5.754003 -84.044970 40.297991 0.000000 0.000000 0.000000
3.387113 -84.151820 39.888340 0.000000 0.000000 0.000000
4.039269 -84.042180 38.734231 0.000000 0.000000 0.000000
3.223117 -84.062084 38.515959 0.000000 0.000000 0.000000
4.475495 -84.020568 36.957297 0.000000 0.000000 0.000000
2.244132 -84.060140 37.436547 0.000000 0.000000 0.000000
3.765969 -84.056464 35.104301 0.000000 0.000000 0.000000
2.890985 -84.085364 34.855490 0.000000 0.000000 0.000000
3.197419 -84.073560 33.824552 0.000000 0.000000 0.000000
5.064913 -84.049926 29.477353 0.000000 0.000000 0.000000
6.103199 -86.840386 110.680645 0.000000 0.000000 0.000000
5.579225 -86.558716 108.639561 0.000000 0.000000 0.000000
6.515965 -86.275434 106.289585 0.000000 0.000000 0.000000
4.419638 -86.096192 104.619586 0.000000 0.000000 0.000000
6.831511 -85.909920 103.027755 0.000000 0.000000 0.000000
6.611985 -85.831440 101.681661 0.000000 0.000000 0.000000
6.505731 -85.757868 99.357627 0.000000 0.000000 0.000000
4.439893 -85.696912 97.681008 0.000000 0.000000 0.000000
3.783281 -85.612896 96.957507 0.000000 0.000000 0.000000
4.343098 -85.544244 93.850747 0.000000 0.000000 0.000000
4.955379 -85.451568 92.968558 0.000000 0.000000 0.000000
5.815355 -85.403834 91.230004 0.000000 0.000000 0.000000
3.605707 -85.306488 89.029627 0.000000 0.000000 0.000000
4.883374 -85.224006 87.789117 0.000000 0.000000 0.000000
6.434382 -85.145746 85.489676 0.000000 0.000000 0.000000
4.969882 -85.064360 84.390819 0.000000 0.000000 0.000000
3.987809 -84.298730 22.299214 0.000000 0.000000 0.000000
4.024255 -84.327532 20.988495 0.000000 0.000000 0.000000
4.224455 -85.174816 81.665168 0.000000 0.000000 0.000000
4.954390 -85.113556 79.996554 0.000000 0.000000 0.000000
5.330906 -85.040014 79.432544 0.000000 0.000000 0.000000
6.634050 -84.997168 76.578240 0.000000 0.000000 0.000000
6.650654 -84.924848 74.972022 0.000000 0.000000 0.000000
6.500646 -84.883380 74.121626 0.000000 0.000000 0.000000
5.839480 -84.819330 71.337973 0.000000 0.000000 0.000000
2.672734 -84.757148 70.536428 0.000000 0.000000 0.000000
4.130654 -84.724640 69.780348 0.000000 0.000000 0.000000
3.100988 -84.780820 68.820338 0.000000 0.000000 0.000000
3.700489 -84.729080 68.844478 0.000000 0.000000 0.000000
4.152702 -84.663336 66.768571 0.000000 0.000000 0.000000
1.103954 -84.663256 65.252079 0.000000 0.000000 0.000000
4.361448 -84.608892 64.297163 0.000000 0.000000 0.000000
2.178873 -84.678240 62.842763 0.000000 0.000000 0.000000
6.417497 -84.632354 62.941788 0.000000 0.000000 0.000000
1.180513 -84.570234 60.625764 0.000000 0.000000 0.000000
4.993179 -84.534094 61.680745 0.000000 0.000000 0.000000
3.049988 -84.575512 60.007885 0.000000 0.000000 0.000000
6.662298 -84.558220 60.059566 0.000000 0.000000 0.000000
0.994971 -84.547180 57.789659 0.000000 0.000000 0.000000
3.569684 -84.483624 57.290981 0.000000 0.000000 0.000000
2.514210 -84.553070 55.259773 0.000000 0.000000 0.000000
6.496779 -84.460260 56.302799 0.000000 0.000000 0.000000
4.560531 -87.872590 113.412800 0.000000 0.000000 0.000000
6.632756 -87.376460 112.013405 0.000000 0.000000 0.000000
6.141546 -84.116580 43.995893 0.000000 0.000000 0.000000
6.222155 -84.042530 33.645656 0.000000 0.000000 0.000000
5.730351 -84.050634 31.246602 0.000000 0.000000 0.000000
5.250930 -84.015588 28.674040 0.000000 0.000000 0.000000
2.910808 -87.279194 109.826082 0.000000 0.000000 0.000000
6.540167 -84.180300 26.582019 0.000000 0.000000 0.000000
5.604319 -84.255066 25.126561 0.000000 0.000000 0.000000
6.934159 -84.346088 19.298484 0.000000 0.000000 0.000000
6.666913 -84.428326 17.862562 0.000000 0.000000 0.000000
5.566698 -84.397644 16.270078 0.000000 0.000000 0.000000
6.816900 -84.464112 14.673753 0.000000 0.000000 0.000000
5.995237 -84.528940 11.612431 0.000000 0.000000 0.000000
5.713334 -84.587610 10.145650 0.000000 0.000000 0.000000
4.311224 -84.681220 8.440582 0.000000 0.000000 0.000000
2.796654 -90.372160 123.617577 0.000000 0.000000 0.000000
1.649835 -89.968726 122.565043 0.000000 0.000000 0.000000
2.971567 -89.596570 120.922754 0.000000 0.000000 0.000000
2.273791 -89.230896 119.140831 0.000000 0.000000 0.000000
1.735757 -88.837744 117.858600 0.000000 0.000000 0.000000
2.799670 -88.481536 116.055049 0.000000 0.000000 0.000000
2.900130 -88.105652 114.374458 0.000000 0.000000 0.000000
3.231281 -87.764100 112.497759 0.000000 0.000000 0.000000
# Line 2: n=29 a=(36.363,-71.720,169.431) b=(0.449,0.189,0.873) start=(3.851,-85.418,106.137) end=(62.439,-60.734,220.194)
# x y z globalTime peakAmplitude integratedCharge
14.875000 -80.861512 126.000000 0.000000 0.000000 0.000000
16.625000 -80.018490 129.500000 0.000000 0.000000 0.000000
18.375000 -79.291840 133.000000 0.000000 0.000000 0.000000
20.125000 -78.425880 136.500000 0.000000 0.000000 0.000000
21.875000 -77.596613 140.000000 0.000000 0.000000 0.000000
23.625000 -76.758765 143.500000 0.000000 0.000000 0.000000
25.375000 -76.074520 147.000000 0.000000 0.000000 0.000000
27.125000 -75.403820 150.500000 0.000000 0.000000 0.000000
30.625000 -73.899423 157.500000 0.000000 0.000000 0.000000
32.375000 -73.113462 161.000000 0.000000 0.000000 0.000000
34.125000 -72.368842 164.500000 0.000000 0.000000 0.000000
35.875000 -71.664097 168.000000 0.000000 0.000000 0.000000
37.625000 -70.984671 171.500000 0.000000 0.000000 0.000000
39.375000 -70.292644 175.000000 0.000000 0.000000 0.000000
41.125000 -69.510142 178.500000 0.000000 0.000000 0.000000
42.875000 -68.733914 182.000000 0.000000 0.000000 0.000000
44.625000 -68.028030 185.500000 0.000000 0.000000 0.000000
46.375000 -67.275751 189.000000 0.000000 0.000000 0.000000
48.125000 -66.622492 192.500000 0.000000 0.000000 0.000000
49.875000 -65.976135 196.000000 0.000000 0.000000 0.000000
51.625000 -65.388479 199.500000 0.000000 0.000000 0.000000
53.375000 -64.686469 203.000000 0.000000 0.000000 0.000000
55.125000 -64.070560 206.500000 0.000000 0.000000 0.000000
56.875000 -63.368039 210.000000 0.000000 0.000000 0.000000
58.625000 -62.696835 213.500000 0.000000 0.000000 0.000000
60.375000 -61.932610 217.000000 0.000000 0.000000 0.000000
62.125000 -61.401916 220.500000 0.000000 0.000000 0.000000
3.382784 -86.892694 109.178847 0.000000 0.000000 0.000000
2.031213 -86.546386 107.316254 0.000000 0.000000 0.000000
