# Event 3866
# Params: dx_requested=3.595390 dx_event(vote)=3.595390 rline(inlier)=3.595390 minvotes=4 nstart=2 cover=0.800 nlines=4
# HoughMemory: requested_MB=80.062 allocated_MB=80.062 num_x=128 directions=1281 coarsened=0 maxmem_MB=0.000
# N0=112 assigned=112 remaining_after_force=0
# Line 1: n=73 a=(-0.484,-65.847,86.831) b=(0.047,0.051,0.998) start=(-4.026,-69.644,11.997) end=(2.242,-62.925,144.423)
# x y z globalTime peakAmplitude integratedCharge
-3.424266 -67.187220 54.790547 0.000000 0.000000 0.000000
-0.639102 -67.237884 52.822929 0.000000 0.000000 0.000000
-2.756153 -67.256726 51.219320 0.000000 0.000000 0.000000
-0.380939 -67.323236 48.860698 0.000000 0.000000 0.000000
-2.934335 -67.409332 47.683230 0.000000 0.000000 0.000000
-0.385768 -67.473810 45.619580 0.000000 0.000000 0.000000
-1.476726 -67.508720 43.209550 0.000000 0.000000 0.000000
-2.047374 -67.602546 42.239762 0.000000 0.000000 0.000000
-1.202185 -67.652220 40.615613 0.000000 0.000000 0.000000
-1.529208 -67.673504 39.194620 0.000000 0.000000 0.000000
-0.625648 -67.752380 36.904600 0.000000 0.000000 0.000000
-1.812679 -67.820550 34.466493 0.000000 0.000000 0.000000
-3.073642 -68.051392 30.094029 0.000000 0.000000 0.000000
-1.772658 -68.138740 28.574910 0.000000 0.000000 0.000000
1.455895 -65.539392 110.469818 0.000000 0.000000 0.000000
-1.890833 -65.710950 110.717022 0.000000 0.000000 0.000000
-1.336096 -65.848940 108.106736 0.000000 0.000000 0.000000
-0.627927 -65.887964 105.132521 0.000000 0.000000 0.000000
-1.454093 -65.969104 103.207643 0.000000 0.000000 0.000000
-2.430970 -66.009606 101.275622 0.000000 0.000000 0.000000
-2.448389 -66.068048 100.375328 0.000000 0.000000 0.000000
-2.405531 -66.124286 97.668954 0.000000 0.000000 0.000000
-1.777975 -66.207544 96.974459 0.000000 0.000000 0.000000
-0.351458 -66.240440 95.168288 0.000000 0.000000 0.000000
-3.065106 -66.259888 92.426202 0.000000 0.000000 0.000000
-3.266425 -66.313708 91.187842 0.000000 0.000000 0.000000
-0.318120 -66.357120 89.474153 0.000000 0.000000 0.000000
-2.679891 -66.391852 87.967748 0.000000 0.000000 0.000000
-1.592871 -66.447712 86.361543 0.000000 0.000000 0.000000
-1.802167 -66.494446 83.414573 0.000000 0.000000 0.000000
4.113851 -60.566174 144.215252 0.000000 0.000000 0.000000
5.379104 -60.743020 141.347667 0.000000 0.000000 0.000000
3.853713 -60.715784 140.177437 0.000000 0.000000 0.000000
-1.961547 -68.429730 25.962542 0.000000 0.000000 0.000000
-1.461549 -68.472780 24.136129 0.000000 0.000000 0.000000
-3.404294 -69.109936 11.940794 0.000000 0.000000 0.000000
-2.811255 -66.707288 82.305777 0.000000 0.000000 0.000000
-2.893339 -66.738250 81.134218 0.000000 0.000000 0.000000
-2.199345 -66.763532 78.349175 0.000000 0.000000 0.000000
-0.683775 -66.754072 76.845860 0.000000 0.000000 0.000000
-0.474288 -66.828180 75.819474 0.000000 0.000000 0.000000
-2.737592 -66.864404 73.271613 0.000000 0.000000 0.000000
-3.133967 -66.892932 71.389128 0.000000 0.000000 0.000000
-0.894897 -66.922340 69.641674 0.000000 0.000000 0.000000
-0.570182 -66.974268 68.917575 0.000000 0.000000 0.000000
-2.008497 -67.025208 66.417919 0.000000 0.000000 0.000000
-2.877449 -67.114434 65.242945 0.000000 0.000000 0.000000
-0.828390 -67.171644 62.885393 0.000000 0.000000 0.000000
-2.560552 -67.201874 61.984991 0.000000 0.000000 0.000000
-1.529439 -67.302784 60.107846 0.000000 0.000000 0.000000
-2.831222 -67.315520 57.129400 0.000000 0.000000 0.000000
-1.673746 -67.392100 56.671500 0.000000 0.000000 0.000000
4.410316 -61.602856 136.667373 0.000000 0.000000 0.000000
4.123544 -62.346406 133.569374 0.000000 0.000000 0.000000
5.842819 -62.708880 131.197535 0.000000 0.000000 0.000000
0.771328 -62.846766 131.608612 0.000000 0.000000 0.000000
2.343873 -63.071296 129.463381 0.000000 0.000000 0.000000
3.597693 -63.210040 127.935612 0.000000 0.000000 0.000000
0.604768 -63.311444 128.051861 0.000000 0.000000 0.000000
3.597439 -63.443188 126.155161 0.000000 0.000000 0.000000
0.599072 -63.582336 126.665962 0.000000 0.000000 0.000000
3.674449 -63.742010 124.947787 0.000000 0.000000 0.000000
2.903410 -63.821680 123.562732 0.000000 0.000000 0.000000
0.378799 -64.060016 122.355870 0.000000 0.000000 0.000000
1.689029 -64.353680 120.529926 0.000000 0.000000 0.000000
2.671723 -64.576060 119.321835 0.000000 0.000000 0.000000
0.232953 -64.786896 117.545551 0.000000 0.000000 0.000000
-1.421407 -64.942720 116.941805 0.000000 0.000000 0.000000
1.869923 -65.026140 115.777948 0.000000 0.000000 0.000000
-0.817500 -65.159814 115.339872 0.000000 0.000000 0.000000
0.749146 -65.278254 113.559437 0.000000 0.000000 0.000000
-0.674655 -65.441572 113.948608 0.000000 0.000000 0.000000
1.779460 -65.542608 111.364605 0.000000 0.000000 0.000000
# Line 2: n=20 a=(2.302,-65.916,64.093) b=(0.071,0.063,0.995) start=(-1.629,-69.389,9.337) end=(8.646,-60.311,152.441)
# x y z globalTime peakAmplitude integratedCharge
-0.701359 -67.853986 33.236376 0.000000 0.000000 0.000000
-0.753154 -67.960206 31.769631 0.000000 0.000000 0.000000
-0.661746 -68.589990 23.008451 0.000000 0.000000 0.000000
-0.387483 -68.681610 21.604965 0.000000 0.000000 0.000000
-0.383723 -68.819446 19.122856 0.000000 0.000000 0.000000
-0.520959 -68.840436 17.624789 0.000000 0.000000 0.000000
-0.119292 -68.912214 15.834696 0.000000 0.000000 0.000000
-0.948519 -68.992460 13.773986 0.000000 0.000000 0.000000
-2.065960 -69.211328 10.352759 0.000000 0.000000 0.000000
-2.426025 -69.393354 9.393993 0.000000 0.000000 0.000000
6.671594 -61.226600 137.862275 0.000000 0.000000 0.000000
6.908702 -61.983436 135.263087 0.000000 0.000000 0.000000
6.482302 -62.971360 129.181289 0.000000 0.000000 0.000000
7.481106 -60.164344 145.155681 0.000000 0.000000 0.000000
9.376409 -60.488806 143.933349 0.000000 0.000000 0.000000
8.884657 -60.563276 138.366298 0.000000 0.000000 0.000000
8.624532 -58.933246 152.355239 0.000000 0.000000 0.000000
10.245346 -59.118220 150.025803 0.000000 0.000000 0.000000
9.838638 -59.506304 149.196909 0.000000 0.000000 0.000000
10.375823 -59.848932 146.769911 0.000000 0.000000 0.000000
# Line 3: n=19 a=(-44.112,-81.916,174.350) b=(0.542,0.199,-0.816) start=(-74.687,-93.136,220.399) end=(-0.247,-65.817,108.282)
# x y z globalTime peakAmplitude integratedCharge
-74.375000 -93.571939 220.500000 0.000000 0.000000 0.000000
-72.625000 -92.768286 217.000000 0.000000 0.000000 0.000000
-70.875000 -91.861703 213.500000 0.000000 0.000000 0.000000
-65.625000 -89.819200 206.500000 0.000000 0.000000 0.000000
-58.625000 -87.059500 196.000000 0.000000 0.000000 0.000000
-53.375000 -85.085610 189.000000 0.000000 0.000000 0.000000
-51.625000 -84.247427 185.500000 0.000000 0.000000 0.000000
-46.375000 -82.414447 178.500000 0.000000 0.000000 0.000000
-44.625000 -81.674614 175.000000 0.000000 0.000000 0.000000
-39.375000 -79.918844 168.000000 0.000000 0.000000 0.000000
-32.375000 -77.526934 157.500000 0.000000 0.000000 0.000000
-30.625000 -76.831516 154.000000 0.000000 0.000000 0.000000
-28.875000 -76.331351 150.500000 0.000000 0.000000 0.000000
-25.375000 -75.138413 147.000000 0.000000 0.000000 0.000000
-23.625000 -74.603326 143.500000 0.000000 0.000000 0.000000
-21.875000 -74.064865 140.000000 0.000000 0.000000 0.000000
-9.656563 -69.647986 121.950215 0.000000 0.000000 0.000000
-3.086059 -65.893292 106.378705 0.000000 0.000000 0.000000
-3.115662 -65.692272 111.357751 0.000000 0.000000 0.000000
