# Event 2243
# Params: dx_requested=3.586498 dx_event(vote)=3.586498 rline(inlier)=3.586498 minvotes=4 nstart=2 cover=0.800 nlines=4
# HoughMemory: requested_MB=80.062 allocated_MB=80.062 num_x=128 directions=1281 coarsened=0 maxmem_MB=0.000
# N0=155 assigned=155 remaining_after_force=0
# Line 1: n=105 a=(4.501,-73.390,60.336) b=(0.049,0.016,0.999) start=(1.931,-74.240,8.226) end=(7.676,-72.339,124.715)
# x y z globalTime peakAmplitude integratedCharge
6.787358 -73.127612 54.988105 0.000000 0.000000 0.000000
1.819508 -73.128400 54.482534 0.000000 0.000000 0.000000
5.015864 -73.170886 52.508582 0.000000 0.000000 0.000000
2.251874 -73.161854 52.040009 0.000000 0.000000 0.000000
6.185469 -73.217160 50.521625 0.000000 0.000000 0.000000
2.269127 -73.203220 51.395873 0.000000 0.000000 0.000000
5.744741 -73.253912 48.383653 0.000000 0.000000 0.000000
0.973722 -73.257600 48.608654 0.000000 0.000000 0.000000
3.603270 -73.336200 47.172052 0.000000 0.000000 0.000000
0.436119 -73.364500 46.715878 0.000000 0.000000 0.000000
5.079750 -73.396148 44.972185 0.000000 0.000000 0.000000
2.008670 -73.362220 46.171121 0.000000 0.000000 0.000000
6.903138 -73.386320 43.547409 0.000000 0.000000 0.000000
1.078963 -73.409400 43.254184 0.000000 0.000000 0.000000
4.409965 -73.476140 42.307177 0.000000 0.000000 0.000000
2.050305 -73.482100 42.274832 0.000000 0.000000 0.000000
6.249665 -73.522820 39.783090 0.000000 0.000000 0.000000
2.052497 -73.553040 40.791220 0.000000 0.000000 0.000000
6.550567 -73.535174 38.176088 0.000000 0.000000 0.000000
0.389651 -73.523376 38.473450 0.000000 0.000000 0.000000
3.873821 -73.578120 37.140253 0.000000 0.000000 0.000000
2.556663 -73.614260 37.436557 0.000000 0.000000 0.000000
4.525800 -73.694380 34.850668 0.000000 0.000000 0.000000
2.733322 -73.689340 34.665401 0.000000 0.000000 0.000000
5.182384 -73.722400 32.810162 0.000000 0.000000 0.000000
2.354510 -73.737908 32.791020 0.000000 0.000000 0.000000
4.175819 -73.789050 31.526425 0.000000 0.000000 0.000000
1.290067 -73.802814 31.488636 0.000000 0.000000 0.000000
4.033219 -73.862994 29.526912 0.000000 0.000000 0.000000
3.038665 -73.845520 30.268867 0.000000 0.000000 0.000000
4.117658 -73.905610 27.696810 0.000000 0.000000 0.000000
1.857248 -73.896192 28.005476 0.000000 0.000000 0.000000
5.042653 -72.931774 109.978781 0.000000 0.000000 0.000000
6.461871 -72.881292 109.081245 0.000000 0.000000 0.000000
5.775481 -72.803620 106.797887 0.000000 0.000000 0.000000
5.650457 -72.741674 104.749447 0.000000 0.000000 0.000000
5.713002 -72.549188 99.828445 0.000000 0.000000 0.000000
4.470216 -72.487792 97.484254 0.000000 0.000000 0.000000
5.524185 -72.427680 96.248928 0.000000 0.000000 0.000000
5.587967 -72.393592 94.746790 0.000000 0.000000 0.000000
5.496635 -72.455750 92.135385 0.000000 0.000000 0.000000
4.411787 -72.454608 91.278394 0.000000 0.000000 0.000000
4.749107 -72.464794 89.061593 0.000000 0.000000 0.000000
5.175213 -72.450892 87.155863 0.000000 0.000000 0.000000
3.887071 -72.519480 85.292641 0.000000 0.000000 0.000000
6.520180 -72.533060 83.463426 0.000000 0.000000 0.000000
0.084935 -74.182320 26.573176 0.000000 0.000000 0.000000
4.870146 -74.184716 26.638667 0.000000 0.000000 0.000000
2.881237 -74.283588 24.339353 0.000000 0.000000 0.000000
1.270280 -74.358466 22.797919 0.000000 0.000000 0.000000
5.348916 -74.301380 22.918146 0.000000 0.000000 0.000000
1.959745 -74.413120 20.711129 0.000000 0.000000 0.000000
5.555319 -74.393476 20.898178 0.000000 0.000000 0.000000
2.719769 -74.484120 19.050691 0.000000 0.000000 0.000000
5.192824 -74.484000 19.125869 0.000000 0.000000 0.000000
0.815965 -74.602490 17.946551 0.000000 0.000000 0.000000
1.684337 -74.691010 15.422784 0.000000 0.000000 0.000000
2.802778 -74.791864 13.291256 0.000000 0.000000 0.000000
3.967542 -74.775988 13.612214 0.000000 0.000000 0.000000
2.668043 -74.870026 12.544010 0.000000 0.000000 0.000000
3.386448 -74.991040 10.581056 0.000000 0.000000 0.000000
3.920459 -74.977246 11.021788 0.000000 0.000000 0.000000
2.644319 -75.153100 8.885717 0.000000 0.000000 0.000000
5.366092 -72.765716 82.673671 0.000000 0.000000 0.000000
4.068936 -72.790360 79.901115 0.000000 0.000000 0.000000
4.023495 -72.766668 78.316484 0.000000 0.000000 0.000000
6.236925 -72.814074 76.526654 0.000000 0.000000 0.000000
2.492734 -72.870764 75.833477 0.000000 0.000000 0.000000
4.746118 -72.816320 74.786127 0.000000 0.000000 0.000000
5.022948 -72.880480 73.537990 0.000000 0.000000 0.000000
1.795225 -72.925446 71.258538 0.000000 0.000000 0.000000
6.901331 -72.893560 71.346868 0.000000 0.000000 0.000000
2.215712 -72.961846 69.927405 0.000000 0.000000 0.000000
6.829567 -72.882264 70.614808 0.000000 0.000000 0.000000
3.718336 -72.956176 68.075013 0.000000 0.000000 0.000000
3.009778 -73.031134 66.947829 0.000000 0.000000 0.000000
6.191453 -73.003820 66.340592 0.000000 0.000000 0.000000
2.409154 -73.076184 64.377598 0.000000 0.000000 0.000000
5.540774 -73.010186 64.378492 0.000000 0.000000 0.000000
2.018141 -73.150910 62.458982 0.000000 0.000000 0.000000
6.145044 -73.128992 62.684629 0.000000 0.000000 0.000000
3.088478 -73.212040 61.766150 0.000000 0.000000 0.000000
4.189433 -73.201120 60.983309 0.000000 0.000000 0.000000
6.130170 -73.178240 59.434756 0.000000 0.000000 0.000000
2.247719 -73.298360 57.469201 0.000000 0.000000 0.000000
5.641056 -73.269172 57.083264 0.000000 0.000000 0.000000
1.096783 -73.332910 56.532240 0.000000 0.000000 0.000000
3.731514 -73.305460 56.282390 0.000000 0.000000 0.000000
10.112215 -73.022736 109.677358 0.000000 0.000000 0.000000
10.376211 -72.981524 108.524525 0.000000 0.000000 0.000000
10.206456 -72.959252 106.801000 0.000000 0.000000 0.000000
7.108428 -72.885100 105.013115 0.000000 0.000000 0.000000
7.870388 -73.317280 124.720950 0.000000 0.000000 0.000000
8.878233 -73.304316 122.424038 0.000000 0.000000 0.000000
9.868336 -73.253644 120.757227 0.000000 0.000000 0.000000
9.057696 -73.212024 119.723466 0.000000 0.000000 0.000000
7.681856 -73.168460 117.344617 0.000000 0.000000 0.000000
8.913149 -73.121130 115.604982 0.000000 0.000000 0.000000
7.554513 -73.105530 113.034139 0.000000 0.000000 0.000000
9.782534 -73.077636 111.962610 0.000000 0.000000 0.000000
6.771639 -74.206556 24.474889 0.000000 0.000000 0.000000
5.464411 -74.564148 18.200951 0.000000 0.000000 0.000000
5.878262 -74.656286 15.874120 0.000000 0.000000 0.000000
6.513631 -74.873956 12.894495 0.000000 0.000000 0.000000
6.101992 -75.151200 8.034930 0.000000 0.000000 0.000000
# Line 2: n=22 a=(2.093,-72.677,89.550) b=(0.069,0.005,0.998) start=(0.002,-72.827,59.270) end=(3.790,-72.555,114.110)
# x y z globalTime peakAmplitude integratedCharge
4.084133 -72.667994 103.985872 0.000000 0.000000 0.000000
3.967443 -72.624194 101.725220 0.000000 0.000000 0.000000
0.403858 -72.304846 101.299128 0.000000 0.000000 0.000000
1.805660 -72.349506 99.435381 0.000000 0.000000 0.000000
3.445966 -72.437208 97.250010 0.000000 0.000000 0.000000
2.918421 -72.421044 96.402127 0.000000 0.000000 0.000000
3.312584 -72.412372 95.240067 0.000000 0.000000 0.000000
1.628763 -72.425900 92.622496 0.000000 0.000000 0.000000
2.886126 -72.436176 91.492000 0.000000 0.000000 0.000000
2.092647 -72.455004 89.641466 0.000000 0.000000 0.000000
0.940925 -72.529572 87.510640 0.000000 0.000000 0.000000
0.658209 -72.519544 85.454937 0.000000 0.000000 0.000000
2.164452 -72.568592 83.794170 0.000000 0.000000 0.000000
0.704399 -72.779360 81.516217 0.000000 0.000000 0.000000
1.264821 -72.781146 79.835369 0.000000 0.000000 0.000000
1.619574 -72.845910 78.822520 0.000000 0.000000 0.000000
1.613524 -72.861400 77.579381 0.000000 0.000000 0.000000
0.340635 -72.879200 74.001239 0.000000 0.000000 0.000000
1.103071 -72.951056 67.939579 0.000000 0.000000 0.000000
0.870156 -73.217680 59.211576 0.000000 0.000000 0.000000
4.232672 -73.252130 114.082811 0.000000 0.000000 0.000000
3.997399 -73.176056 111.251720 0.000000 0.000000 0.000000
# Line 3: n=28 a=(-46.634,-61.297,178.759) b=(0.523,-0.111,-0.845) start=(-72.976,-55.684,221.301) end=(-16.258,-67.770,129.701)
# x y z globalTime peakAmplitude integratedCharge
-72.625000 -56.112832 220.500000 0.000000 0.000000 0.000000
-70.875000 -56.409748 217.000000 0.000000 0.000000 0.000000
-70.875000 -56.238128 220.500000 0.000000 0.000000 0.000000
-69.125000 -56.809105 213.500000 0.000000 0.000000 0.000000
-65.625000 -57.315854 210.000000 0.000000 0.000000 0.000000
-63.875000 -57.601929 206.500000 0.000000 0.000000 0.000000
-62.125000 -58.065641 203.000000 0.000000 0.000000 0.000000
-60.375000 -58.164661 203.000000 0.000000 0.000000 0.000000
-56.875000 -58.929017 196.000000 0.000000 0.000000 0.000000
-55.125000 -59.315740 192.500000 0.000000 0.000000 0.000000
-53.375000 -59.722890 189.000000 0.000000 0.000000 0.000000
-51.625000 -60.132985 185.500000 0.000000 0.000000 0.000000
-49.875000 -60.566270 182.000000 0.000000 0.000000 0.000000
-48.125000 -60.731625 182.000000 0.000000 0.000000 0.000000
-46.375000 -61.164448 178.500000 0.000000 0.000000 0.000000
-44.625000 -61.478857 175.000000 0.000000 0.000000 0.000000
-42.875000 -61.930899 171.500000 0.000000 0.000000 0.000000
-39.375000 -62.660758 168.000000 0.000000 0.000000 0.000000
-37.625000 -63.124270 164.500000 0.000000 0.000000 0.000000
-34.125000 -63.948761 157.500000 0.000000 0.000000 0.000000
-30.625000 -64.659628 154.000000 0.000000 0.000000 0.000000
-28.875000 -65.150268 150.500000 0.000000 0.000000 0.000000
-27.125000 -65.526932 147.000000 0.000000 0.000000 0.000000
-21.875000 -66.668816 140.000000 0.000000 0.000000 0.000000
-20.125000 -67.104238 136.500000 0.000000 0.000000 0.000000
-18.375000 -67.517824 133.000000 0.000000 0.000000 0.000000
-16.625000 -67.967652 129.500000 0.000000 0.000000 0.000000
-74.375000 -56.180200 220.500000 0.000000 0.000000 0.000000
