# Event 1050
# Params: dx_requested=3.364608 dx_event(vote)=3.364608 rline(inlier)=3.364608 minvotes=4 nstart=2 cover=0.800 nlines=4
# HoughMemory: requested_MB=80.062 allocated_MB=80.062 num_x=128 directions=1281 coarsened=0 maxmem_MB=0.000
# N0=157 assigned=157 remaining_after_force=0
# Line 1: n=137 a=(3.267,-74.758,63.504) b=(0.009,-0.002,-1.000) start=(2.643,-74.613,134.968) end=(3.742,-74.867,9.062)
# x y z globalTime peakAmplitude integratedCharge
4.730292 -74.472784 54.030538 0.000000 0.000000 0.000000
3.262527 -74.505970 54.084742 0.000000 0.000000 0.000000
4.691548 -74.463996 53.069659 0.000000 0.000000 0.000000
2.376752 -74.460230 52.217747 0.000000 0.000000 0.000000
4.557128 -74.498520 50.070382 0.000000 0.000000 0.000000
3.340317 -74.477906 51.352572 0.000000 0.000000 0.000000
4.014175 -74.533068 49.232028 0.000000 0.000000 0.000000
1.756799 -74.518268 49.691134 0.000000 0.000000 0.000000
3.847836 -74.556366 47.818299 0.000000 0.000000 0.000000
0.984847 -74.581232 46.982405 0.000000 0.000000 0.000000
5.713037 -74.548834 44.856578 0.000000 0.000000 0.000000
2.936241 -74.591456 46.183422 0.000000 0.000000 0.000000
3.297734 -74.534124 43.056998 0.000000 0.000000 0.000000
4.014114 -74.515960 41.622860 0.000000 0.000000 0.000000
3.423966 -74.609626 42.719437 0.000000 0.000000 0.000000
4.913244 -74.546400 40.781653 0.000000 0.000000 0.000000
3.089417 -74.557460 40.289961 0.000000 0.000000 0.000000
6.197168 -74.560528 37.854121 0.000000 0.000000 0.000000
2.867716 -74.615826 37.917544 0.000000 0.000000 0.000000
4.133206 -74.617420 36.781347 0.000000 0.000000 0.000000
0.331226 -74.660272 36.228697 0.000000 0.000000 0.000000
5.884736 -74.626246 35.059138 0.000000 0.000000 0.000000
0.173499 -74.664930 35.681497 0.000000 0.000000 0.000000
4.090959 -74.647486 32.825027 0.000000 0.000000 0.000000
0.665542 -74.695214 33.048942 0.000000 0.000000 0.000000
5.231839 -74.701874 32.100396 0.000000 0.000000 0.000000
1.779704 -74.731946 31.757560 0.000000 0.000000 0.000000
5.452512 -74.714954 30.411665 0.000000 0.000000 0.000000
2.018786 -74.830670 29.808995 0.000000 0.000000 0.000000
3.584941 -74.695368 28.703585 0.000000 0.000000 0.000000
1.540204 -74.786036 28.336626 0.000000 0.000000 0.000000
3.304257 -75.020740 109.724317 0.000000 0.000000 0.000000
6.244423 -74.399060 108.268759 0.000000 0.000000 0.000000
2.779194 -74.990960 108.802248 0.000000 0.000000 0.000000
3.996168 -74.487660 106.053438 0.000000 0.000000 0.000000
3.288718 -74.885644 106.910573 0.000000 0.000000 0.000000
5.582126 -74.640300 105.611726 0.000000 0.000000 0.000000
0.224368 -74.752080 104.675471 0.000000 0.000000 0.000000
5.718216 -74.587440 102.692976 0.000000 0.000000 0.000000
1.931274 -74.653254 102.830592 0.000000 0.000000 0.000000
4.097478 -74.541736 101.912475 0.000000 0.000000 0.000000
2.033155 -74.568226 101.315864 0.000000 0.000000 0.000000
6.171077 -74.516944 100.137883 0.000000 0.000000 0.000000
2.114046 -74.535680 99.891369 0.000000 0.000000 0.000000
5.542558 -74.530280 98.414192 0.000000 0.000000 0.000000
1.255241 -74.604126 97.870519 0.000000 0.000000 0.000000
4.815173 -74.483814 96.765944 0.000000 0.000000 0.000000
0.928623 -74.551000 95.966050 0.000000 0.000000 0.000000
4.303687 -74.502930 94.579746 0.000000 0.000000 0.000000
3.176116 -74.580866 95.076503 0.000000 0.000000 0.000000
5.721095 -74.506980 92.611367 0.000000 0.000000 0.000000
2.037312 -74.513620 92.379533 0.000000 0.000000 0.000000
3.668534 -74.500340 90.518516 0.000000 0.000000 0.000000
3.424889 -74.513244 91.708739 0.000000 0.000000 0.000000
5.382511 -74.465576 89.191817 0.000000 0.000000 0.000000
0.235456 -74.496644 89.630682 0.000000 0.000000 0.000000
5.770883 -74.464734 87.555676 0.000000 0.000000 0.000000
1.151066 -74.498486 87.863683 0.000000 0.000000 0.000000
6.359155 -74.479864 86.362618 0.000000 0.000000 0.000000
1.234965 -74.507208 85.076399 0.000000 0.000000 0.000000
5.779568 -74.450320 83.343249 0.000000 0.000000 0.000000
1.040095 -74.556696 83.746035 0.000000 0.000000 0.000000
3.080519 -74.871406 26.729400 0.000000 0.000000 0.000000
4.842557 -74.864660 26.940126 0.000000 0.000000 0.000000
0.184006 -75.056480 23.960191 0.000000 0.000000 0.000000
4.787579 -74.991070 25.179353 0.000000 0.000000 0.000000
2.925959 -75.080854 23.330515 0.000000 0.000000 0.000000
5.454008 -75.020208 22.832444 0.000000 0.000000 0.000000
1.655876 -75.116080 20.760472 0.000000 0.000000 0.000000
5.551771 -75.081152 20.950607 0.000000 0.000000 0.000000
1.601864 -75.165160 19.530448 0.000000 0.000000 0.000000
5.817128 -75.120014 19.948638 0.000000 0.000000 0.000000
0.445046 -75.117260 17.518671 0.000000 0.000000 0.000000
4.501946 -75.200666 17.244879 0.000000 0.000000 0.000000
1.510524 -75.166240 16.224422 0.000000 0.000000 0.000000
3.648696 -75.229120 16.483187 0.000000 0.000000 0.000000
2.981727 -75.278876 14.694712 0.000000 0.000000 0.000000
5.675870 -75.264294 13.348962 0.000000 0.000000 0.000000
1.589510 -75.337176 12.590137 0.000000 0.000000 0.000000
6.209186 -75.328034 12.634797 0.000000 0.000000 0.000000
2.658767 -75.390500 9.941259 0.000000 0.000000 0.000000
6.560383 -75.393854 10.245866 0.000000 0.000000 0.000000
2.763184 -75.599908 9.054536 0.000000 0.000000 0.000000
4.354472 -75.557916 9.498445 0.000000 0.000000 0.000000
2.872495 -74.668440 81.620287 0.000000 0.000000 0.000000
5.027331 -74.659814 81.918013 0.000000 0.000000 0.000000
0.722177 -74.684864 80.355682 0.000000 0.000000 0.000000
6.065618 -74.619416 80.549108 0.000000 0.000000 0.000000
0.652967 -74.650806 79.282459 0.000000 0.000000 0.000000
3.834650 -74.633540 78.462356 0.000000 0.000000 0.000000
3.237677 -74.643066 76.457555 0.000000 0.000000 0.000000
4.509222 -74.623292 76.802618 0.000000 0.000000 0.000000
0.525189 -74.574188 75.515976 0.000000 0.000000 0.000000
3.936990 -74.559034 75.732981 0.000000 0.000000 0.000000
1.119603 -74.635144 73.072296 0.000000 0.000000 0.000000
6.396627 -74.576832 73.068892 0.000000 0.000000 0.000000
1.771625 -74.655744 71.186531 0.000000 0.000000 0.000000
6.487378 -74.604888 72.185571 0.000000 0.000000 0.000000
0.575074 -74.577546 70.305967 0.000000 0.000000 0.000000
5.150037 -74.537812 69.696216 0.000000 0.000000 0.000000
1.365821 -74.596252 68.868022 0.000000 0.000000 0.000000
3.858201 -74.581196 68.218152 0.000000 0.000000 0.000000
2.970260 -74.637970 66.417700 0.000000 0.000000 0.000000
5.549956 -74.577532 66.997978 0.000000 0.000000 0.000000
1.808364 -74.611536 65.242600 0.000000 0.000000 0.000000
6.075459 -74.573608 64.599112 0.000000 0.000000 0.000000
2.804849 -74.619910 63.523920 0.000000 0.000000 0.000000
3.678857 -74.602484 62.357986 0.000000 0.000000 0.000000
0.435948 -74.642060 61.331090 0.000000 0.000000 0.000000
3.954000 -74.625700 60.554368 0.000000 0.000000 0.000000
2.772997 -74.607092 58.917379 0.000000 0.000000 0.000000
5.040224 -74.642828 59.985462 0.000000 0.000000 0.000000
2.197751 -74.658490 58.252922 0.000000 0.000000 0.000000
3.791053 -74.669128 57.348056 0.000000 0.000000 0.000000
2.562745 -74.702746 56.728727 0.000000 0.000000 0.000000
3.838790 -74.646308 55.708925 0.000000 0.000000 0.000000
0.585490 -75.431300 123.787401 0.000000 0.000000 0.000000
0.993574 -75.389920 122.483771 0.000000 0.000000 0.000000
2.708432 -75.373768 121.187072 0.000000 0.000000 0.000000
-0.052328 -75.409912 121.124020 0.000000 0.000000 0.000000
0.889548 -75.377436 118.441001 0.000000 0.000000 0.000000
1.884819 -75.343506 117.114161 0.000000 0.000000 0.000000
2.337029 -75.343372 115.393302 0.000000 0.000000 0.000000
0.330831 -75.303510 113.812650 0.000000 0.000000 0.000000
0.051167 -75.282836 111.726300 0.000000 0.000000 0.000000
6.730467 -74.544770 43.812387 0.000000 0.000000 0.000000
-2.400095 -74.114710 134.922619 0.000000 0.000000 0.000000
-3.327489 -74.687690 132.411310 0.000000 0.000000 0.000000
-3.091826 -75.058790 131.372161 0.000000 0.000000 0.000000
-2.867861 -75.240826 129.684491 0.000000 0.000000 0.000000
-3.085186 -75.391076 127.282291 0.000000 0.000000 0.000000
-3.376983 -75.430676 125.415847 0.000000 0.000000 0.000000
-1.147702 -75.454956 124.175228 0.000000 0.000000 0.000000
-2.236660 -75.453440 122.454943 0.000000 0.000000 0.000000
-3.445642 -75.379548 119.416848 0.000000 0.000000 0.000000
-2.558604 -75.374994 117.124562 0.000000 0.000000 0.000000
-0.123487 -75.445680 115.139473 0.000000 0.000000 0.000000
# Line 2: n=20 a=(26.075,-67.151,187.425) b=(0.259,0.071,0.963) start=(14.320,-70.396,143.637) end=(35.011,-64.683,220.714)
# x y z globalTime peakAmplitude integratedCharge
14.875000 -70.562726 143.500000 0.000000 0.000000 0.000000
14.875000 -70.456810 147.000000 0.000000 0.000000 0.000000
16.625000 -69.960670 150.500000 0.000000 0.000000 0.000000
16.625000 -69.804408 154.000000 0.000000 0.000000 0.000000
18.375000 -69.302271 157.500000 0.000000 0.000000 0.000000
20.125000 -68.718631 164.500000 0.000000 0.000000 0.000000
21.875000 -68.116901 171.500000 0.000000 0.000000 0.000000
23.625000 -67.586588 178.500000 0.000000 0.000000 0.000000
25.375000 -67.050560 185.500000 0.000000 0.000000 0.000000
27.125000 -66.580960 192.500000 0.000000 0.000000 0.000000
27.125000 -66.489298 196.000000 0.000000 0.000000 0.000000
28.875000 -66.106515 199.500000 0.000000 0.000000 0.000000
30.625000 -65.819658 203.000000 0.000000 0.000000 0.000000
30.625000 -65.722875 206.500000 0.000000 0.000000 0.000000
32.375000 -65.435266 210.000000 0.000000 0.000000 0.000000
32.375000 -65.309543 213.500000 0.000000 0.000000 0.000000
34.125000 -65.063495 217.000000 0.000000 0.000000 0.000000
34.125000 -64.980017 220.500000 0.000000 0.000000 0.000000
35.875000 -65.014282 217.000000 0.000000 0.000000 0.000000
35.875000 -64.930804 220.500000 0.000000 0.000000 0.000000
