# Event 3957
# Params: dx_requested=3.421819 dx_event(vote)=3.421819 rline(inlier)=3.421819 minvotes=4 nstart=2 cover=0.800 nlines=4
# HoughMemory: requested_MB=80.062 allocated_MB=80.062 num_x=128 directions=1281 coarsened=0 maxmem_MB=0.000
# N0=59 assigned=59 remaining_after_force=0
# Line 1: n=42 a=(1.933,-76.505,41.880) b=(0.007,-0.027,1.000) start=(1.691,-75.609,8.384) end=(2.209,-77.530,80.195)
# x y z globalTime peakAmplitude integratedCharge
0.929643 -76.514044 54.742705 0.000000 0.000000 0.000000
0.058204 -76.347580 53.016285 0.000000 0.000000 0.000000
2.932593 -76.207892 50.280580 0.000000 0.000000 0.000000
3.240638 -76.057392 48.714576 0.000000 0.000000 0.000000
1.901188 -75.938848 46.825117 0.000000 0.000000 0.000000
3.447039 -75.789026 46.144668 0.000000 0.000000 0.000000
1.392975 -75.666894 43.423625 0.000000 0.000000 0.000000
3.263806 -75.606520 41.714950 0.000000 0.000000 0.000000
2.991476 -75.630084 40.134207 0.000000 0.000000 0.000000
2.254621 -75.621264 38.095782 0.000000 0.000000 0.000000
2.787193 -75.648896 36.130114 0.000000 0.000000 0.000000
1.675723 -75.708808 34.384934 0.000000 0.000000 0.000000
1.220509 -75.685290 32.512265 0.000000 0.000000 0.000000
2.734351 -75.732934 30.792705 0.000000 0.000000 0.000000
1.466021 -75.737760 29.696135 0.000000 0.000000 0.000000
0.469101 -75.764844 27.701138 0.000000 0.000000 0.000000
1.433666 -76.065748 26.746745 0.000000 0.000000 0.000000
2.841874 -76.069146 24.456462 0.000000 0.000000 0.000000
1.203565 -76.132770 22.602657 0.000000 0.000000 0.000000
2.407796 -76.231232 21.396405 0.000000 0.000000 0.000000
0.274116 -76.260412 19.484140 0.000000 0.000000 0.000000
3.057272 -76.314780 17.321492 0.000000 0.000000 0.000000
1.645748 -76.364220 15.402545 0.000000 0.000000 0.000000
1.427504 -76.413840 14.632958 0.000000 0.000000 0.000000
0.288949 -76.461872 12.861238 0.000000 0.000000 0.000000
3.088028 -76.512420 10.772390 0.000000 0.000000 0.000000
1.567037 -76.650940 8.357063 0.000000 0.000000 0.000000
2.226113 -78.229780 75.020666 0.000000 0.000000 0.000000
3.439435 -78.091712 72.822769 0.000000 0.000000 0.000000
2.161053 -77.968774 72.479964 0.000000 0.000000 0.000000
3.444741 -77.818970 69.705562 0.000000 0.000000 0.000000
1.674094 -77.722528 68.232644 0.000000 0.000000 0.000000
1.737865 -77.592736 66.167904 0.000000 0.000000 0.000000
1.873158 -77.457104 64.352489 0.000000 0.000000 0.000000
3.308455 -77.366766 62.780889 0.000000 0.000000 0.000000
1.130379 -77.278000 61.309643 0.000000 0.000000 0.000000
0.340940 -77.135876 58.971744 0.000000 0.000000 0.000000
0.128923 -77.027912 57.491828 0.000000 0.000000 0.000000
1.915682 -76.859954 55.621672 0.000000 0.000000 0.000000
0.159613 -78.607880 80.181277 0.000000 0.000000 0.000000
0.858154 -78.502148 79.038368 0.000000 0.000000 0.000000
0.429254 -78.348940 77.316769 0.000000 0.000000 0.000000
# Line 2: n=17 a=(29.750,-61.346,154.000) b=(0.241,0.121,0.963) start=(16.621,-67.930,101.485) end=(46.470,-52.962,220.881)
# x y z globalTime peakAmplitude integratedCharge
16.625000 -68.061148 101.500000 0.000000 0.000000 0.000000
18.375000 -67.057745 108.500000 0.000000 0.000000 0.000000
20.125000 -66.226665 115.500000 0.000000 0.000000 0.000000
21.875000 -65.292535 122.500000 0.000000 0.000000 0.000000
23.625000 -64.422617 129.500000 0.000000 0.000000 0.000000
25.375000 -63.500498 136.500000 0.000000 0.000000 0.000000
27.125000 -62.530343 143.500000 0.000000 0.000000 0.000000
32.375000 -59.953964 164.500000 0.000000 0.000000 0.000000
34.125000 -59.033444 171.500000 0.000000 0.000000 0.000000
35.875000 -58.265650 178.500000 0.000000 0.000000 0.000000
37.625000 -57.403187 185.500000 0.000000 0.000000 0.000000
39.375000 -56.370263 192.500000 0.000000 0.000000 0.000000
41.125000 -55.795555 199.500000 0.000000 0.000000 0.000000
42.875000 -54.935947 206.500000 0.000000 0.000000 0.000000
42.875000 -54.872764 210.000000 0.000000 0.000000 0.000000
44.625000 -54.079694 213.500000 0.000000 0.000000 0.000000
48.125000 -53.223184 220.500000 0.000000 0.000000 0.000000
