# Event 523
# Params: dx_requested=3.393457 dx_event(vote)=3.393457 rline(inlier)=3.393457 minvotes=4 nstart=2 cover=0.800 nlines=4
# HoughMemory: requested_MB=80.062 allocated_MB=80.062 num_x=128 directions=1281 coarsened=0 maxmem_MB=0.000
# N0=107 assigned=107 remaining_after_force=0
# Line 1: n=62 a=(-8.099,-64.156,86.947) b=(0.046,0.015,0.999) start=(-10.648,-64.988,31.861) end=(-5.893,-63.436,134.635)
# x y z globalTime peakAmplitude integratedCharge
-6.002437 -64.002960 106.443110 0.000000 0.000000 0.000000
-6.779614 -64.079804 102.564847 0.000000 0.000000 0.000000
-6.461879 -64.130488 102.085032 0.000000 0.000000 0.000000
-3.793133 -62.088220 134.517955 0.000000 0.000000 0.000000
-5.206156 -62.312280 132.795175 0.000000 0.000000 0.000000
-6.506788 -62.588996 131.983403 0.000000 0.000000 0.000000
-4.883447 -62.777940 129.430456 0.000000 0.000000 0.000000
-3.646005 -62.889074 127.728802 0.000000 0.000000 0.000000
-4.985107 -63.052752 125.460768 0.000000 0.000000 0.000000
-5.300809 -63.263848 124.877482 0.000000 0.000000 0.000000
-6.876461 -63.355792 122.404913 0.000000 0.000000 0.000000
-4.845066 -63.525006 120.867284 0.000000 0.000000 0.000000
-5.203498 -63.645886 118.410199 0.000000 0.000000 0.000000
-6.562676 -63.745472 116.858113 0.000000 0.000000 0.000000
-6.679051 -63.864570 114.935698 0.000000 0.000000 0.000000
-4.395497 -63.964386 114.478737 0.000000 0.000000 0.000000
-4.913038 -64.034388 112.510668 0.000000 0.000000 0.000000
-7.310028 -64.191852 110.023715 0.000000 0.000000 0.000000
-10.131214 -64.232214 108.158695 0.000000 0.000000 0.000000
-10.169213 -64.263366 107.184612 0.000000 0.000000 0.000000
-9.477375 -64.328254 105.622328 0.000000 0.000000 0.000000
-9.279211 -64.359852 103.302087 0.000000 0.000000 0.000000
-9.385960 -64.430164 101.197009 0.000000 0.000000 0.000000
-7.931548 -64.515780 99.732532 0.000000 0.000000 0.000000
-8.152181 -64.576104 97.281808 0.000000 0.000000 0.000000
-10.405398 -64.607200 96.497944 0.000000 0.000000 0.000000
-8.014110 -64.598646 94.386999 0.000000 0.000000 0.000000
-10.194038 -64.546954 92.201844 0.000000 0.000000 0.000000
-8.254299 -64.556104 90.362542 0.000000 0.000000 0.000000
-8.961909 -64.522448 89.878104 0.000000 0.000000 0.000000
-7.111714 -64.496624 86.812199 0.000000 0.000000 0.000000
-7.731697 -64.465720 85.239575 0.000000 0.000000 0.000000
-9.335357 -64.458190 84.126142 0.000000 0.000000 0.000000
-8.885647 -64.449836 81.582811 0.000000 0.000000 0.000000
-7.855721 -64.435566 81.155743 0.000000 0.000000 0.000000
-8.561763 -64.439136 78.736842 0.000000 0.000000 0.000000
-7.614095 -64.434466 77.694488 0.000000 0.000000 0.000000
-9.070010 -64.423760 74.869443 0.000000 0.000000 0.000000
-7.430873 -64.424316 73.179430 0.000000 0.000000 0.000000
-10.105581 -64.423828 71.527828 0.000000 0.000000 0.000000
-8.034578 -64.391424 69.318639 0.000000 0.000000 0.000000
-9.742148 -64.386860 68.213434 0.000000 0.000000 0.000000
-7.947377 -64.388860 66.497477 0.000000 0.000000 0.000000
-9.877940 -64.427808 64.928528 0.000000 0.000000 0.000000
-7.869089 -64.387250 63.592871 0.000000 0.000000 0.000000
-9.084508 -64.417352 60.546650 0.000000 0.000000 0.000000
-9.396000 -64.398932 58.919446 0.000000 0.000000 0.000000
-9.959587 -64.358920 58.125435 0.000000 0.000000 0.000000
-9.863946 -64.406128 55.587235 0.000000 0.000000 0.000000
-9.448535 -64.464480 54.116503 0.000000 0.000000 0.000000
-10.182983 -64.448530 52.592314 0.000000 0.000000 0.000000
-9.817117 -64.525580 50.568978 0.000000 0.000000 0.000000
-9.302438 -64.518120 45.713202 0.000000 0.000000 0.000000
-9.214130 -64.544056 44.429553 0.000000 0.000000 0.000000
-9.920510 -64.537310 42.726003 0.000000 0.000000 0.000000
-9.947801 -64.559876 39.867808 0.000000 0.000000 0.000000
-10.439066 -64.583752 38.002547 0.000000 0.000000 0.000000
-9.353196 -64.641060 36.484576 0.000000 0.000000 0.000000
-9.731937 -64.773652 33.406725 0.000000 0.000000 0.000000
-10.164259 -64.776840 31.835565 0.000000 0.000000 0.000000
-9.452801 -64.093756 113.448627 0.000000 0.000000 0.000000
-9.007767 -64.132540 112.701816 0.000000 0.000000 0.000000
# Line 2: n=29 a=(-7.850,-64.872,36.941) b=(0.056,0.014,0.998) start=(-9.485,-65.291,8.031) end=(-3.708,-63.810,110.179)
# x y z globalTime peakAmplitude integratedCharge
-3.872467 -63.896406 110.189727 0.000000 0.000000 0.000000
-3.601197 -63.918848 108.145494 0.000000 0.000000 0.000000
-3.699692 -64.036492 104.390078 0.000000 0.000000 0.000000
-7.359639 -64.488860 48.336716 0.000000 0.000000 0.000000
-7.906279 -64.513714 46.957211 0.000000 0.000000 0.000000
-8.406107 -64.715606 35.462265 0.000000 0.000000 0.000000
-9.111112 -64.806494 30.088050 0.000000 0.000000 0.000000
-8.331271 -64.882654 27.802999 0.000000 0.000000 0.000000
-8.354767 -64.890784 25.703905 0.000000 0.000000 0.000000
-7.299446 -64.944166 24.200147 0.000000 0.000000 0.000000
-9.464282 -65.030194 23.026304 0.000000 0.000000 0.000000
-8.176187 -65.079632 20.692930 0.000000 0.000000 0.000000
-9.231922 -65.167706 18.896975 0.000000 0.000000 0.000000
-7.836427 -65.153454 16.821991 0.000000 0.000000 0.000000
-9.091308 -65.267346 15.829260 0.000000 0.000000 0.000000
-9.196644 -65.311220 13.986039 0.000000 0.000000 0.000000
-8.640154 -65.366340 12.636192 0.000000 0.000000 0.000000
-10.266803 -65.470300 10.687893 0.000000 0.000000 0.000000
-9.310141 -65.623304 8.025926 0.000000 0.000000 0.000000
-3.806471 -64.848720 23.835218 0.000000 0.000000 0.000000
-6.031859 -64.968372 22.524190 0.000000 0.000000 0.000000
-4.909770 -65.050524 21.288454 0.000000 0.000000 0.000000
-6.413137 -65.154468 19.746642 0.000000 0.000000 0.000000
-6.069356 -65.194708 18.197691 0.000000 0.000000 0.000000
-5.992094 -65.156220 16.364589 0.000000 0.000000 0.000000
-5.498994 -65.208080 14.395767 0.000000 0.000000 0.000000
-3.611823 -65.360192 12.023774 0.000000 0.000000 0.000000
-4.263263 -65.400610 10.912900 0.000000 0.000000 0.000000
-6.191729 -65.483764 8.802734 0.000000 0.000000 0.000000
# Line 3: n=16 a=(-30.406,-74.241,174.781) b=(0.284,0.126,-0.950) start=(-44.112,-80.345,220.676) end=(-17.828,-68.639,132.662)
# x y z globalTime peakAmplitude integratedCharge
-44.625000 -80.514232 220.500000 0.000000 0.000000 0.000000
-42.875000 -80.031634 217.000000 0.000000 0.000000 0.000000
-41.125000 -79.143950 210.000000 0.000000 0.000000 0.000000
-39.375000 -78.343388 206.500000 0.000000 0.000000 0.000000
-37.625000 -77.498400 199.500000 0.000000 0.000000 0.000000
-34.125000 -75.908960 189.000000 0.000000 0.000000 0.000000
-32.375000 -74.979099 182.000000 0.000000 0.000000 0.000000
-30.625000 -74.133643 175.000000 0.000000 0.000000 0.000000
-28.875000 -73.402572 168.000000 0.000000 0.000000 0.000000
-28.875000 -73.452807 171.500000 0.000000 0.000000 0.000000
-27.125000 -72.487442 161.000000 0.000000 0.000000 0.000000
-21.875000 -70.289447 143.500000 0.000000 0.000000 0.000000
-21.875000 -70.409395 147.000000 0.000000 0.000000 0.000000
-20.125000 -69.573080 140.000000 0.000000 0.000000 0.000000
-18.375000 -68.884385 133.000000 0.000000 0.000000 0.000000
-16.625000 -68.800330 133.000000 0.000000 0.000000 0.000000
