# Event 5389
# Params: dx_requested=3.394611 dx_event(vote)=3.394611 rline(inlier)=3.394611 minvotes=4 nstart=2 cover=0.800 nlines=4
# HoughMemory: requested_MB=80.062 allocated_MB=80.062 num_x=128 directions=1281 coarsened=0 maxmem_MB=0.000
# N0=120 assigned=120 remaining_after_force=0
# Line 1: n=109 a=(-0.778,-69.076,77.982) b=(0.018,-0.007,1.000) start=(-2.019,-68.563,8.941) end=(0.442,-69.580,145.797)
# x y z globalTime peakAmplitude integratedCharge
-2.381945 -68.703614 54.178040 0.000000 0.000000 0.000000
-2.377276 -68.664612 53.067177 0.000000 0.000000 0.000000
-0.519140 -68.660150 50.899234 0.000000 0.000000 0.000000
-3.288505 -68.642664 49.514265 0.000000 0.000000 0.000000
-2.775464 -68.667540 47.266131 0.000000 0.000000 0.000000
-0.872592 -68.726940 45.239052 0.000000 0.000000 0.000000
-2.105845 -68.669428 44.150416 0.000000 0.000000 0.000000
-1.509347 -68.705426 41.320883 0.000000 0.000000 0.000000
-2.373657 -68.702314 40.896551 0.000000 0.000000 0.000000
-2.243456 -68.737708 38.069115 0.000000 0.000000 0.000000
-2.753656 -68.708790 36.766538 0.000000 0.000000 0.000000
-2.815893 -68.748176 34.460526 0.000000 0.000000 0.000000
-1.932739 -68.775740 33.593959 0.000000 0.000000 0.000000
-2.042595 -68.784472 31.753182 0.000000 0.000000 0.000000
-0.955102 -68.758648 30.114394 0.000000 0.000000 0.000000
-0.153428 -68.780590 28.048313 0.000000 0.000000 0.000000
0.085699 -68.991600 109.762906 0.000000 0.000000 0.000000
-2.716997 -69.000048 110.332320 0.000000 0.000000 0.000000
1.916851 -68.974810 109.196855 0.000000 0.000000 0.000000
-0.749813 -68.965008 107.908564 0.000000 0.000000 0.000000
1.842437 -68.930940 107.483346 0.000000 0.000000 0.000000
-0.536000 -68.964860 107.229433 0.000000 0.000000 0.000000
2.453561 -68.811676 105.146086 0.000000 0.000000 0.000000
-1.673468 -68.868604 105.664559 0.000000 0.000000 0.000000
0.842004 -68.891640 103.843986 0.000000 0.000000 0.000000
-2.613318 -68.842706 103.446485 0.000000 0.000000 0.000000
2.307582 -68.825920 102.206802 0.000000 0.000000 0.000000
-1.816131 -68.837610 101.726459 0.000000 0.000000 0.000000
2.099365 -68.812786 99.334308 0.000000 0.000000 0.000000
-1.994728 -68.861860 100.422665 0.000000 0.000000 0.000000
0.150963 -68.878124 97.472961 0.000000 0.000000 0.000000
-0.668374 -68.812548 98.302722 0.000000 0.000000 0.000000
3.175807 -68.867114 95.560962 0.000000 0.000000 0.000000
-0.301626 -68.831910 96.873700 0.000000 0.000000 0.000000
0.600537 -68.831568 95.070930 0.000000 0.000000 0.000000
-2.732271 -68.807916 94.610649 0.000000 0.000000 0.000000
3.224543 -68.808374 92.032298 0.000000 0.000000 0.000000
-0.164161 -68.810100 93.381166 0.000000 0.000000 0.000000
0.059548 -68.807386 90.902297 0.000000 0.000000 0.000000
-0.166070 -68.812860 90.738906 0.000000 0.000000 0.000000
0.963243 -68.770484 89.297833 0.000000 0.000000 0.000000
-0.835940 -68.765174 88.878949 0.000000 0.000000 0.000000
2.627242 -68.781550 87.869626 0.000000 0.000000 0.000000
-0.085740 -68.765600 87.999225 0.000000 0.000000 0.000000
0.207493 -68.749090 85.756045 0.000000 0.000000 0.000000
-0.373282 -68.761554 85.579487 0.000000 0.000000 0.000000
1.735876 -68.702906 84.488940 0.000000 0.000000 0.000000
-0.878549 -68.763200 84.048091 0.000000 0.000000 0.000000
-3.119158 -68.997290 26.381858 0.000000 0.000000 0.000000
-0.135192 -69.025544 23.806138 0.000000 0.000000 0.000000
-2.202897 -69.051910 23.186993 0.000000 0.000000 0.000000
-1.254117 -69.101060 20.553112 0.000000 0.000000 0.000000
-0.069226 -69.136320 19.328478 0.000000 0.000000 0.000000
-2.737024 -69.149476 17.469604 0.000000 0.000000 0.000000
-3.381958 -69.235640 16.080335 0.000000 0.000000 0.000000
-1.526591 -69.278936 14.507878 0.000000 0.000000 0.000000
-0.136528 -69.284594 11.605712 0.000000 0.000000 0.000000
-1.448175 -69.314086 10.554182 0.000000 0.000000 0.000000
-2.996475 -69.405316 8.952008 0.000000 0.000000 0.000000
-1.433056 -68.869574 82.570495 0.000000 0.000000 0.000000
0.682092 -68.881628 82.591583 0.000000 0.000000 0.000000
-0.335865 -68.896840 79.921302 0.000000 0.000000 0.000000
3.001221 -68.901404 80.106818 0.000000 0.000000 0.000000
-2.629255 -68.868592 78.689117 0.000000 0.000000 0.000000
1.821480 -68.989576 78.579201 0.000000 0.000000 0.000000
-0.086023 -68.859484 77.634318 0.000000 0.000000 0.000000
-3.359193 -68.840234 75.253081 0.000000 0.000000 0.000000
2.938923 -68.791626 74.736524 0.000000 0.000000 0.000000
-0.119997 -68.825208 73.782213 0.000000 0.000000 0.000000
-2.408824 -68.814532 72.256227 0.000000 0.000000 0.000000
-3.394760 -68.853028 70.017348 0.000000 0.000000 0.000000
-1.742661 -68.806690 67.662182 0.000000 0.000000 0.000000
-1.391665 -68.786566 66.339694 0.000000 0.000000 0.000000
-2.476489 -68.836572 65.472984 0.000000 0.000000 0.000000
-0.977866 -68.857404 63.585008 0.000000 0.000000 0.000000
-2.475750 -68.888990 60.905144 0.000000 0.000000 0.000000
-1.992028 -68.865888 59.201595 0.000000 0.000000 0.000000
-1.420827 -68.878528 58.444362 0.000000 0.000000 0.000000
-3.085264 -68.866926 56.392564 0.000000 0.000000 0.000000
-1.134005 -71.685412 136.533113 0.000000 0.000000 0.000000
-2.214635 -71.415270 133.748097 0.000000 0.000000 0.000000
-1.820025 -71.046500 129.824400 0.000000 0.000000 0.000000
-2.130846 -70.883008 127.200541 0.000000 0.000000 0.000000
-3.073534 -70.620776 125.587359 0.000000 0.000000 0.000000
-3.081510 -70.423694 123.635529 0.000000 0.000000 0.000000
-0.632849 -70.211176 123.183127 0.000000 0.000000 0.000000
-0.948320 -70.032060 121.238448 0.000000 0.000000 0.000000
2.410345 -69.240772 119.720308 0.000000 0.000000 0.000000
-2.511676 -69.816430 118.290607 0.000000 0.000000 0.000000
2.725877 -69.331180 117.609093 0.000000 0.000000 0.000000
-0.766485 -69.622780 117.391685 0.000000 0.000000 0.000000
0.950663 -69.299164 114.760830 0.000000 0.000000 0.000000
-2.219964 -69.436132 116.060115 0.000000 0.000000 0.000000
3.192372 -69.214856 114.198730 0.000000 0.000000 0.000000
-1.764506 -69.240490 113.271506 0.000000 0.000000 0.000000
2.743060 -69.173516 112.086967 0.000000 0.000000 0.000000
-0.152962 -69.193980 111.405186 0.000000 0.000000 0.000000
-3.804483 -72.365156 145.853071 0.000000 0.000000 0.000000
-3.899561 -72.171314 143.901494 0.000000 0.000000 0.000000
-4.878126 -72.045560 141.501806 0.000000 0.000000 0.000000
-6.918330 -71.836866 140.308265 0.000000 0.000000 0.000000
3.433725 -68.791192 73.560972 0.000000 0.000000 0.000000
-3.748861 -71.897546 138.845341 0.000000 0.000000 0.000000
-4.450292 -71.697876 136.475473 0.000000 0.000000 0.000000
-2.717129 -71.534368 135.302482 0.000000 0.000000 0.000000
-4.112213 -71.539032 135.296965 0.000000 0.000000 0.000000
-6.441641 -71.360840 132.439965 0.000000 0.000000 0.000000
-2.996801 -71.202410 131.861433 0.000000 0.000000 0.000000
-5.927820 -71.185626 130.709344 0.000000 0.000000 0.000000
# Line 2: n=11 a=(27.920,-54.694,196.000) b=(0.341,0.150,0.928) start=(16.379,-59.776,164.576) end=(36.995,-50.699,220.708)
# x y z globalTime peakAmplitude integratedCharge
16.625000 -59.865527 164.500000 0.000000 0.000000 0.000000
20.125000 -58.143390 175.000000 0.000000 0.000000 0.000000
21.875000 -57.454452 178.500000 0.000000 0.000000 0.000000
23.625000 -56.445355 185.500000 0.000000 0.000000 0.000000
25.375000 -55.728728 189.000000 0.000000 0.000000 0.000000
28.875000 -54.068286 199.500000 0.000000 0.000000 0.000000
30.625000 -53.455979 203.000000 0.000000 0.000000 0.000000
32.375000 -52.478802 210.000000 0.000000 0.000000 0.000000
34.125000 -51.886566 213.500000 0.000000 0.000000 0.000000
35.875000 -51.266551 217.000000 0.000000 0.000000 0.000000
37.625000 -50.844967 220.500000 0.000000 0.000000 0.000000
