# Event 4281
# Params: dx_requested=3.448506 dx_event(vote)=3.448506 rline(inlier)=3.448506 minvotes=4 nstart=2 cover=0.800 nlines=4
# HoughMemory: requested_MB=80.062 allocated_MB=80.062 num_x=128 directions=1281 coarsened=0 maxmem_MB=0.000
# N0=166 assigned=166 remaining_after_force=0
# Line 1: n=141 a=(0.107,-75.547,64.831) b=(-0.000,0.017,1.000) start=(0.132,-76.483,8.179) end=(0.075,-74.346,137.545)
# x y z globalTime peakAmplitude integratedCharge
2.689838 -75.551812 53.806950 0.000000 0.000000 0.000000
-2.370507 -75.574080 53.530809 0.000000 0.000000 0.000000
2.513184 -75.525940 52.389283 0.000000 0.000000 0.000000
-0.693486 -75.605120 53.162792 0.000000 0.000000 0.000000
2.400123 -75.574012 50.544811 0.000000 0.000000 0.000000
-1.775658 -75.538320 50.934372 0.000000 0.000000 0.000000
2.599390 -75.573600 49.229769 0.000000 0.000000 0.000000
-1.575427 -75.566632 49.486021 0.000000 0.000000 0.000000
0.367104 -75.657532 46.776506 0.000000 0.000000 0.000000
-0.612199 -75.639300 47.050971 0.000000 0.000000 0.000000
1.762285 -75.701794 45.346532 0.000000 0.000000 0.000000
-0.681329 -75.680680 45.204814 0.000000 0.000000 0.000000
0.764654 -75.660960 43.440754 0.000000 0.000000 0.000000
-1.245532 -75.698900 44.177236 0.000000 0.000000 0.000000
1.764627 -75.717340 42.212119 0.000000 0.000000 0.000000
-1.366225 -75.696912 41.459096 0.000000 0.000000 0.000000
1.585315 -75.740240 40.304379 0.000000 0.000000 0.000000
-3.006167 -75.688760 39.736688 0.000000 0.000000 0.000000
0.216903 -75.749096 38.111223 0.000000 0.000000 0.000000
-2.266010 -75.814050 38.640615 0.000000 0.000000 0.000000
1.642179 -75.735540 36.003437 0.000000 0.000000 0.000000
-2.584288 -75.788648 36.531322 0.000000 0.000000 0.000000
1.438534 -75.794324 34.876447 0.000000 0.000000 0.000000
-2.309407 -75.740546 34.320115 0.000000 0.000000 0.000000
2.717720 -75.834100 33.772136 0.000000 0.000000 0.000000
-0.128940 -75.848492 32.827807 0.000000 0.000000 0.000000
3.369228 -75.879688 30.908142 0.000000 0.000000 0.000000
-1.075138 -75.882770 31.952946 0.000000 0.000000 0.000000
1.453678 -75.916816 29.148630 0.000000 0.000000 0.000000
-1.441881 -75.898114 29.850626 0.000000 0.000000 0.000000
0.958441 -75.941492 27.825848 0.000000 0.000000 0.000000
-0.635457 -75.902288 28.313451 0.000000 0.000000 0.000000
1.831084 -74.810192 110.383963 0.000000 0.000000 0.000000
2.887497 -74.969714 108.128991 0.000000 0.000000 0.000000
-2.764435 -75.073346 108.885068 0.000000 0.000000 0.000000
1.356600 -75.098846 107.135185 0.000000 0.000000 0.000000
-3.056113 -75.139924 106.540759 0.000000 0.000000 0.000000
0.182280 -75.093170 105.423130 0.000000 0.000000 0.000000
-1.414272 -75.123370 104.696137 0.000000 0.000000 0.000000
0.814702 -75.093872 103.569491 0.000000 0.000000 0.000000
-1.120893 -75.122308 102.987106 0.000000 0.000000 0.000000
0.264049 -75.090936 101.463481 0.000000 0.000000 0.000000
-1.012784 -75.088330 101.854384 0.000000 0.000000 0.000000
3.024312 -75.071240 99.492705 0.000000 0.000000 0.000000
-3.025462 -75.127728 99.563425 0.000000 0.000000 0.000000
0.727444 -75.123010 97.748436 0.000000 0.000000 0.000000
0.990187 -75.116956 95.598709 0.000000 0.000000 0.000000
-0.118119 -75.157648 96.167508 0.000000 0.000000 0.000000
0.602738 -75.095330 93.807094 0.000000 0.000000 0.000000
-0.239195 -75.192028 95.056349 0.000000 0.000000 0.000000
0.429634 -75.163226 92.844603 0.000000 0.000000 0.000000
-0.219424 -75.199664 92.225236 0.000000 0.000000 0.000000
1.195353 -75.182666 90.584146 0.000000 0.000000 0.000000
2.832641 -75.173992 89.624499 0.000000 0.000000 0.000000
-1.121199 -75.229052 89.354866 0.000000 0.000000 0.000000
0.521401 -75.228144 87.605049 0.000000 0.000000 0.000000
-0.442139 -75.223664 88.152860 0.000000 0.000000 0.000000
1.492675 -75.215440 86.080997 0.000000 0.000000 0.000000
-2.195026 -75.221314 85.764993 0.000000 0.000000 0.000000
2.482024 -75.228772 84.035351 0.000000 0.000000 0.000000
-2.790778 -75.277668 83.476056 0.000000 0.000000 0.000000
-1.590315 -76.114716 26.403335 0.000000 0.000000 0.000000
2.155766 -76.207060 26.023649 0.000000 0.000000 0.000000
-1.869582 -76.229132 23.778134 0.000000 0.000000 0.000000
1.770305 -76.223280 24.614668 0.000000 0.000000 0.000000
-0.543641 -76.409520 23.094086 0.000000 0.000000 0.000000
1.611440 -76.310706 23.234583 0.000000 0.000000 0.000000
1.031325 -76.334796 20.841838 0.000000 0.000000 0.000000
-3.060996 -76.321772 18.670591 0.000000 0.000000 0.000000
0.196340 -76.412160 19.674699 0.000000 0.000000 0.000000
-0.907298 -76.427660 18.217389 0.000000 0.000000 0.000000
2.383693 -76.492272 17.818850 0.000000 0.000000 0.000000
-1.153561 -76.411774 15.845894 0.000000 0.000000 0.000000
1.071554 -76.558184 15.662435 0.000000 0.000000 0.000000
-0.793631 -76.497106 13.713323 0.000000 0.000000 0.000000
3.147003 -76.611280 13.565966 0.000000 0.000000 0.000000
-1.905426 -76.721166 11.769751 0.000000 0.000000 0.000000
2.047630 -76.677430 12.415822 0.000000 0.000000 0.000000
-1.673383 -76.668688 10.799984 0.000000 0.000000 0.000000
0.624437 -76.750100 9.892253 0.000000 0.000000 0.000000
-1.955322 -76.811090 8.183191 0.000000 0.000000 0.000000
2.656913 -76.854968 8.598791 0.000000 0.000000 0.000000
-2.869271 -75.432490 82.820520 0.000000 0.000000 0.000000
0.308390 -75.415290 82.718785 0.000000 0.000000 0.000000
-0.350864 -75.445120 80.566095 0.000000 0.000000 0.000000
2.551833 -75.449660 79.935818 0.000000 0.000000 0.000000
-2.791856 -75.464136 78.833184 0.000000 0.000000 0.000000
1.934209 -75.485552 78.799117 0.000000 0.000000 0.000000
-2.526510 -75.443120 77.004609 0.000000 0.000000 0.000000
1.014218 -75.491724 76.555577 0.000000 0.000000 0.000000
-0.384306 -75.478564 74.748266 0.000000 0.000000 0.000000
3.242552 -75.450634 75.642806 0.000000 0.000000 0.000000
-1.587637 -75.521936 73.754806 0.000000 0.000000 0.000000
2.872020 -75.481024 72.985916 0.000000 0.000000 0.000000
-1.223683 -75.517950 72.148754 0.000000 0.000000 0.000000
1.608409 -75.525012 72.463212 0.000000 0.000000 0.000000
-2.006683 -75.574786 70.624407 0.000000 0.000000 0.000000
2.086411 -75.526660 69.314429 0.000000 0.000000 0.000000
-2.381540 -75.537348 68.099753 0.000000 0.000000 0.000000
0.410866 -75.605328 68.532242 0.000000 0.000000 0.000000
-0.110429 -75.562012 66.276181 0.000000 0.000000 0.000000
2.007718 -75.591740 65.940472 0.000000 0.000000 0.000000
-1.347390 -75.649286 65.310709 0.000000 0.000000 0.000000
2.532475 -75.587820 64.786345 0.000000 0.000000 0.000000
-2.046033 -75.580432 62.385333 0.000000 0.000000 0.000000
0.833975 -75.675020 62.907243 0.000000 0.000000 0.000000
-0.675286 -75.594036 61.874691 0.000000 0.000000 0.000000
1.639941 -75.719550 61.467964 0.000000 0.000000 0.000000
-0.615182 -75.706524 58.896672 0.000000 0.000000 0.000000
1.824942 -75.735820 59.479483 0.000000 0.000000 0.000000
-1.756140 -75.690300 57.408842 0.000000 0.000000 0.000000
0.215140 -75.739740 57.237246 0.000000 0.000000 0.000000
-1.237977 -75.753106 56.284323 0.000000 0.000000 0.000000
1.198016 -75.763276 56.065048 0.000000 0.000000 0.000000
1.784005 -73.620788 128.019411 0.000000 0.000000 0.000000
1.186062 -73.788400 125.640349 0.000000 0.000000 0.000000
0.360895 -73.914228 124.917116 0.000000 0.000000 0.000000
2.010067 -74.045800 122.886556 0.000000 0.000000 0.000000
1.178292 -74.337390 119.736865 0.000000 0.000000 0.000000
1.096632 -74.453376 117.423757 0.000000 0.000000 0.000000
-1.360096 -74.442712 117.623400 0.000000 0.000000 0.000000
0.891291 -74.601060 115.268803 0.000000 0.000000 0.000000
-2.515428 -75.086260 115.101791 0.000000 0.000000 0.000000
0.357216 -74.737880 113.496145 0.000000 0.000000 0.000000
-1.172905 -75.176480 114.109086 0.000000 0.000000 0.000000
0.154110 -74.872880 112.328496 0.000000 0.000000 0.000000
-2.607626 -75.095704 112.149161 0.000000 0.000000 0.000000
-3.291781 -75.142188 98.293707 0.000000 0.000000 0.000000
-3.410921 -75.214856 91.652320 0.000000 0.000000 0.000000
-3.346875 -76.276844 21.362033 0.000000 0.000000 0.000000
5.668167 -73.869788 137.540077 0.000000 0.000000 0.000000
3.755531 -73.803956 136.318524 0.000000 0.000000 0.000000
4.529553 -73.581244 134.569276 0.000000 0.000000 0.000000
5.697857 -73.468854 133.388987 0.000000 0.000000 0.000000
4.776384 -73.382580 130.717691 0.000000 0.000000 0.000000
4.272611 -73.497004 129.261020 0.000000 0.000000 0.000000
6.113116 -73.616730 127.726318 0.000000 0.000000 0.000000
6.284258 -73.754230 125.943186 0.000000 0.000000 0.000000
3.781604 -73.825640 123.627324 0.000000 0.000000 0.000000
5.267495 -73.939148 122.222867 0.000000 0.000000 0.000000
3.379229 -74.182348 120.203433 0.000000 0.000000 0.000000
# Line 2: n=25 a=(-22.752,-81.491,157.842) b=(0.411,0.118,-0.904) start=(-51.315,-89.726,220.686) end=(-1.223,-75.284,110.475)
# x y z globalTime peakAmplitude integratedCharge
-49.875000 -89.556854 217.000000 0.000000 0.000000 0.000000
-48.125000 -88.926102 213.500000 0.000000 0.000000 0.000000
-46.375000 -88.387223 210.000000 0.000000 0.000000 0.000000
-41.125000 -86.514023 196.000000 0.000000 0.000000 0.000000
-37.625000 -85.445211 189.000000 0.000000 0.000000 0.000000
-34.125000 -84.453662 182.000000 0.000000 0.000000 0.000000
-32.375000 -83.951288 178.500000 0.000000 0.000000 0.000000
-30.625000 -83.520999 175.000000 0.000000 0.000000 0.000000
-28.875000 -83.073332 171.500000 0.000000 0.000000 0.000000
-27.125000 -82.666405 168.000000 0.000000 0.000000 0.000000
-25.375000 -82.233810 164.500000 0.000000 0.000000 0.000000
-23.625000 -81.899451 161.000000 0.000000 0.000000 0.000000
-21.875000 -81.532682 157.500000 0.000000 0.000000 0.000000
-20.125000 -81.169348 154.000000 0.000000 0.000000 0.000000
-18.375000 -80.753643 150.500000 0.000000 0.000000 0.000000
-3.278451 -74.990496 109.578912 0.000000 0.000000 0.000000
-4.642880 -76.760280 123.949113 0.000000 0.000000 0.000000
-6.171579 -77.204300 122.791832 0.000000 0.000000 0.000000
-5.317367 -77.050274 121.372608 0.000000 0.000000 0.000000
-4.688136 -76.947580 118.475632 0.000000 0.000000 0.000000
-4.095923 -76.451984 116.739469 0.000000 0.000000 0.000000
-5.549484 -75.912116 115.728525 0.000000 0.000000 0.000000
-3.925325 -74.890186 113.733458 0.000000 0.000000 0.000000
-51.625000 -90.070972 220.500000 0.000000 0.000000 0.000000
-4.035286 -77.819580 125.711266 0.000000 0.000000 0.000000
