# Event 5284
# Params: dx_requested=3.568100 dx_event(vote)=3.568100 rline(inlier)=3.568100 minvotes=4 nstart=2 cover=0.800 nlines=4
# HoughMemory: requested_MB=80.062 allocated_MB=80.062 num_x=128 directions=1281 coarsened=0 maxmem_MB=0.000
# N0=103 assigned=103 remaining_after_force=0
# Line 1: n=57 a=(-4.985,-75.657,33.176) b=(0.100,-0.077,-0.992) start=(-8.300,-73.095,66.160) end=(-2.514,-77.567,8.599)
# x y z globalTime peakAmplitude integratedCharge
-5.705410 -73.972644 52.655831 0.000000 0.000000 0.000000
-4.968969 -74.254080 51.174692 0.000000 0.000000 0.000000
-4.731935 -74.423840 48.418972 0.000000 0.000000 0.000000
-6.898979 -74.581128 47.805575 0.000000 0.000000 0.000000
-6.026275 -74.778500 45.460445 0.000000 0.000000 0.000000
-3.771831 -74.939416 43.643682 0.000000 0.000000 0.000000
-4.786413 -75.110906 42.193990 0.000000 0.000000 0.000000
-4.662044 -75.308868 39.892422 0.000000 0.000000 0.000000
-5.075044 -75.525080 39.087640 0.000000 0.000000 0.000000
-4.773559 -75.687414 37.287130 0.000000 0.000000 0.000000
-3.056724 -75.849848 35.290516 0.000000 0.000000 0.000000
-4.273482 -75.799714 35.658037 0.000000 0.000000 0.000000
-1.897957 -75.826026 32.648194 0.000000 0.000000 0.000000
-4.882465 -75.844434 33.231535 0.000000 0.000000 0.000000
-6.498555 -75.944080 30.775431 0.000000 0.000000 0.000000
-2.863019 -76.035220 30.056580 0.000000 0.000000 0.000000
-6.002008 -76.015124 29.745855 0.000000 0.000000 0.000000
-2.237929 -76.060906 27.991186 0.000000 0.000000 0.000000
-6.645938 -76.065728 28.416706 0.000000 0.000000 0.000000
-5.443451 -76.344140 25.737522 0.000000 0.000000 0.000000
-3.871292 -76.430834 24.458340 0.000000 0.000000 0.000000
-3.977525 -76.522986 22.591188 0.000000 0.000000 0.000000
-3.383835 -76.521436 22.564861 0.000000 0.000000 0.000000
-5.156177 -76.609150 21.012023 0.000000 0.000000 0.000000
-2.475140 -76.640460 20.456490 0.000000 0.000000 0.000000
-4.198379 -76.706464 18.626455 0.000000 0.000000 0.000000
-1.838648 -76.732366 19.727809 0.000000 0.000000 0.000000
-5.149198 -76.797052 17.302771 0.000000 0.000000 0.000000
-0.773561 -76.849836 17.660656 0.000000 0.000000 0.000000
-5.526103 -76.883140 15.647635 0.000000 0.000000 0.000000
-3.258597 -76.911768 15.562657 0.000000 0.000000 0.000000
-5.150473 -77.012872 14.146609 0.000000 0.000000 0.000000
-1.537973 -76.955590 14.351244 0.000000 0.000000 0.000000
-5.384603 -77.093952 12.085835 0.000000 0.000000 0.000000
-2.741907 -77.104010 12.612011 0.000000 0.000000 0.000000
-4.960883 -77.233184 10.118982 0.000000 0.000000 0.000000
-1.610951 -77.289466 11.238671 0.000000 0.000000 0.000000
-4.145785 -77.374488 9.159164 0.000000 0.000000 0.000000
-0.349358 -77.427088 8.805413 0.000000 0.000000 0.000000
-8.290749 -72.731732 66.132282 0.000000 0.000000 0.000000
-8.716986 -72.930236 65.221798 0.000000 0.000000 0.000000
-8.964433 -73.094848 62.424652 0.000000 0.000000 0.000000
-9.232729 -73.280176 61.288252 0.000000 0.000000 0.000000
-8.478723 -73.629174 58.111443 0.000000 0.000000 0.000000
-7.564007 -73.993804 54.096619 0.000000 0.000000 0.000000
-7.398797 -74.167034 51.785600 0.000000 0.000000 0.000000
-8.145074 -74.385174 50.131080 0.000000 0.000000 0.000000
-8.713247 -74.669672 47.155875 0.000000 0.000000 0.000000
-8.047853 -74.868176 43.998468 0.000000 0.000000 0.000000
-1.416322 -75.728940 36.009531 0.000000 0.000000 0.000000
-0.737294 -75.952210 31.614982 0.000000 0.000000 0.000000
-0.280569 -76.317920 25.568653 0.000000 0.000000 0.000000
-0.910399 -76.426312 24.263923 0.000000 0.000000 0.000000
-10.448952 -73.439454 59.469102 0.000000 0.000000 0.000000
-10.442831 -73.816540 56.351096 0.000000 0.000000 0.000000
-9.933239 -74.501514 49.315821 0.000000 0.000000 0.000000
-9.816659 -74.866620 46.209087 0.000000 0.000000 0.000000
# Line 2: n=46 a=(39.637,-85.537,145.496) b=(0.392,-0.089,0.916) start=(-5.080,-75.405,40.920) end=(71.874,-92.841,220.886)
# x y z globalTime peakAmplitude integratedCharge
14.875000 -80.475812 87.500000 0.000000 0.000000 0.000000
14.875000 -80.550641 91.000000 0.000000 0.000000 0.000000
16.625000 -80.719272 91.000000 0.000000 0.000000 0.000000
16.625000 -80.868594 94.500000 0.000000 0.000000 0.000000
18.375000 -80.978622 94.500000 0.000000 0.000000 0.000000
18.375000 -81.072360 98.000000 0.000000 0.000000 0.000000
20.125000 -81.424771 105.000000 0.000000 0.000000 0.000000
21.875000 -81.666208 101.500000 0.000000 0.000000 0.000000
23.625000 -82.057174 108.500000 0.000000 0.000000 0.000000
25.375000 -82.418112 112.000000 0.000000 0.000000 0.000000
27.125000 -82.815700 115.500000 0.000000 0.000000 0.000000
27.125000 -82.952340 119.000000 0.000000 0.000000 0.000000
28.875000 -83.067486 119.000000 0.000000 0.000000 0.000000
28.875000 -83.115939 122.500000 0.000000 0.000000 0.000000
30.625000 -83.508538 126.000000 0.000000 0.000000 0.000000
32.375000 -83.822116 129.500000 0.000000 0.000000 0.000000
34.125000 -84.163478 133.000000 0.000000 0.000000 0.000000
34.125000 -84.256080 136.500000 0.000000 0.000000 0.000000
35.875000 -84.215726 133.000000 0.000000 0.000000 0.000000
35.875000 -84.308328 136.500000 0.000000 0.000000 0.000000
35.875000 -84.359860 140.000000 0.000000 0.000000 0.000000
37.625000 -84.531015 140.000000 0.000000 0.000000 0.000000
39.375000 -85.116323 143.500000 0.000000 0.000000 0.000000
39.375000 -85.223110 147.000000 0.000000 0.000000 0.000000
42.875000 -85.842789 150.500000 0.000000 0.000000 0.000000
42.875000 -85.967752 154.000000 0.000000 0.000000 0.000000
44.625000 -86.412403 157.500000 0.000000 0.000000 0.000000
46.375000 -86.654425 161.000000 0.000000 0.000000 0.000000
48.125000 -87.181496 164.500000 0.000000 0.000000 0.000000
49.875000 -87.501403 168.000000 0.000000 0.000000 0.000000
51.625000 -87.937762 171.500000 0.000000 0.000000 0.000000
51.625000 -88.094112 175.000000 0.000000 0.000000 0.000000
55.125000 -88.761353 178.500000 0.000000 0.000000 0.000000
55.125000 -88.906888 182.000000 0.000000 0.000000 0.000000
56.875000 -89.374498 185.500000 0.000000 0.000000 0.000000
58.625000 -89.872259 189.000000 0.000000 0.000000 0.000000
60.375000 -90.255226 192.500000 0.000000 0.000000 0.000000
60.375000 -90.421157 196.000000 0.000000 0.000000 0.000000
62.125000 -90.883610 199.500000 0.000000 0.000000 0.000000
63.875000 -91.316463 203.000000 0.000000 0.000000 0.000000
65.625000 -91.766513 206.500000 0.000000 0.000000 0.000000
67.375000 -92.114829 210.000000 0.000000 0.000000 0.000000
70.875000 -93.112747 217.000000 0.000000 0.000000 0.000000
72.625000 -93.508518 220.500000 0.000000 0.000000 0.000000
-1.333822 -75.571594 40.816599 0.000000 0.000000 0.000000
-0.767423 -75.610590 39.055846 0.000000 0.000000 0.000000
