# Event 722
# Params: dx_requested=3.413668 dx_event(vote)=3.413668 rline(inlier)=3.413668 minvotes=4 nstart=2 cover=0.800 nlines=4
# HoughMemory: requested_MB=80.062 allocated_MB=80.062 num_x=128 directions=1281 coarsened=0 maxmem_MB=0.000
# N0=137 assigned=137 remaining_after_force=0
# Line 1: n=105 a=(4.214,-71.412,68.934) b=(0.003,-0.005,-1.000) start=(3.968,-71.051,140.371) end=(4.423,-71.718,8.260)
# x y z globalTime peakAmplitude integratedCharge
5.481197 -71.215008 54.526421 0.000000 0.000000 0.000000
3.642406 -71.262390 51.946407 0.000000 0.000000 0.000000
5.968158 -71.245340 50.818687 0.000000 0.000000 0.000000
5.172060 -71.287128 48.827167 0.000000 0.000000 0.000000
5.328997 -71.316596 46.686777 0.000000 0.000000 0.000000
6.038924 -71.324688 45.834788 0.000000 0.000000 0.000000
6.012811 -71.317132 43.653827 0.000000 0.000000 0.000000
3.792056 -71.333026 41.618827 0.000000 0.000000 0.000000
4.619586 -71.328826 40.298377 0.000000 0.000000 0.000000
4.530892 -71.324946 38.065793 0.000000 0.000000 0.000000
6.021218 -71.384150 36.528373 0.000000 0.000000 0.000000
3.292143 -71.459028 37.125392 0.000000 0.000000 0.000000
3.762734 -71.411408 34.520419 0.000000 0.000000 0.000000
3.426727 -71.473220 35.321037 0.000000 0.000000 0.000000
6.382304 -71.419086 33.789398 0.000000 0.000000 0.000000
1.088512 -71.489184 33.121972 0.000000 0.000000 0.000000
4.588374 -71.461140 31.914295 0.000000 0.000000 0.000000
1.450791 -71.440800 31.574989 0.000000 0.000000 0.000000
4.883721 -71.443100 29.776380 0.000000 0.000000 0.000000
2.150481 -71.399206 30.211918 0.000000 0.000000 0.000000
6.796080 -71.454084 27.321683 0.000000 0.000000 0.000000
2.968847 -71.654944 28.643038 0.000000 0.000000 0.000000
3.960952 -71.042974 110.401464 0.000000 0.000000 0.000000
4.165602 -70.983080 107.756717 0.000000 0.000000 0.000000
6.892460 -70.943554 107.058329 0.000000 0.000000 0.000000
3.639425 -70.912146 104.343173 0.000000 0.000000 0.000000
6.539242 -70.874652 103.728794 0.000000 0.000000 0.000000
6.561357 -70.948020 102.016299 0.000000 0.000000 0.000000
6.211760 -70.940014 99.417647 0.000000 0.000000 0.000000
3.760685 -70.965650 98.741751 0.000000 0.000000 0.000000
4.916251 -70.984930 96.523660 0.000000 0.000000 0.000000
5.474007 -70.975500 94.886739 0.000000 0.000000 0.000000
4.951766 -70.991370 93.475746 0.000000 0.000000 0.000000
4.584511 -71.011352 90.388390 0.000000 0.000000 0.000000
4.845677 -70.984124 89.829154 0.000000 0.000000 0.000000
4.981289 -70.997000 87.678260 0.000000 0.000000 0.000000
6.343059 -71.005114 85.960533 0.000000 0.000000 0.000000
3.980516 -70.988940 84.051043 0.000000 0.000000 0.000000
1.116303 -71.663574 25.842757 0.000000 0.000000 0.000000
4.081497 -71.727000 26.177088 0.000000 0.000000 0.000000
1.638865 -71.728350 24.357465 0.000000 0.000000 0.000000
4.855337 -71.732012 24.128839 0.000000 0.000000 0.000000
3.196745 -71.880024 23.050158 0.000000 0.000000 0.000000
5.934847 -71.739130 22.399856 0.000000 0.000000 0.000000
0.482017 -71.820540 20.624510 0.000000 0.000000 0.000000
5.455830 -71.831684 21.209765 0.000000 0.000000 0.000000
0.653530 -71.897100 19.725425 0.000000 0.000000 0.000000
3.742579 -71.842320 19.974662 0.000000 0.000000 0.000000
2.903732 -71.905090 17.570969 0.000000 0.000000 0.000000
5.644711 -71.880420 17.305841 0.000000 0.000000 0.000000
4.681840 -71.974460 15.444132 0.000000 0.000000 0.000000
3.367762 -72.010828 13.341727 0.000000 0.000000 0.000000
5.009618 -71.962348 13.391248 0.000000 0.000000 0.000000
1.954535 -72.010694 12.325732 0.000000 0.000000 0.000000
5.796844 -72.029046 12.697687 0.000000 0.000000 0.000000
0.536020 -72.160626 10.018986 0.000000 0.000000 0.000000
5.643727 -72.101868 10.287253 0.000000 0.000000 0.000000
1.423834 -72.313604 8.253019 0.000000 0.000000 0.000000
6.024907 -72.178180 9.366836 0.000000 0.000000 0.000000
4.513006 -71.199548 81.717828 0.000000 0.000000 0.000000
6.558959 -71.181292 81.213274 0.000000 0.000000 0.000000
4.341112 -71.232508 78.485973 0.000000 0.000000 0.000000
6.690749 -71.234900 76.899089 0.000000 0.000000 0.000000
5.558627 -71.209240 75.599710 0.000000 0.000000 0.000000
5.808268 -71.228784 73.040505 0.000000 0.000000 0.000000
5.295284 -71.270490 71.964730 0.000000 0.000000 0.000000
5.577105 -71.258868 69.317883 0.000000 0.000000 0.000000
4.083507 -71.266894 67.794787 0.000000 0.000000 0.000000
6.506359 -71.278150 65.937108 0.000000 0.000000 0.000000
6.826643 -71.273180 64.332908 0.000000 0.000000 0.000000
4.907473 -71.305444 62.651547 0.000000 0.000000 0.000000
6.690376 -71.338720 61.723799 0.000000 0.000000 0.000000
6.484156 -71.378160 58.846834 0.000000 0.000000 0.000000
4.062782 -71.412700 57.116391 0.000000 0.000000 0.000000
6.608130 -71.386364 55.453718 0.000000 0.000000 0.000000
3.184890 -71.204260 138.479686 0.000000 0.000000 0.000000
1.973370 -71.307136 136.243214 0.000000 0.000000 0.000000
0.957788 -71.453350 134.059358 0.000000 0.000000 0.000000
0.580452 -71.471412 132.476060 0.000000 0.000000 0.000000
2.515875 -71.458990 131.520918 0.000000 0.000000 0.000000
1.813097 -71.403296 128.951108 0.000000 0.000000 0.000000
3.434692 -71.359674 128.395645 0.000000 0.000000 0.000000
2.294139 -71.403800 125.606157 0.000000 0.000000 0.000000
3.611063 -71.323740 124.458425 0.000000 0.000000 0.000000
2.610461 -71.403576 124.759127 0.000000 0.000000 0.000000
5.211422 -71.313560 123.182553 0.000000 0.000000 0.000000
1.177125 -71.400760 122.633679 0.000000 0.000000 0.000000
5.570322 -71.336292 121.035564 0.000000 0.000000 0.000000
1.337386 -71.418110 120.522226 0.000000 0.000000 0.000000
5.200126 -71.417968 118.350116 0.000000 0.000000 0.000000
3.231155 -71.462320 118.578846 0.000000 0.000000 0.000000
5.647606 -71.412560 117.164813 0.000000 0.000000 0.000000
1.019735 -71.434380 117.247390 0.000000 0.000000 0.000000
3.877341 -71.388134 115.170951 0.000000 0.000000 0.000000
2.599231 -71.418400 115.266869 0.000000 0.000000 0.000000
4.312754 -71.297344 113.040624 0.000000 0.000000 0.000000
2.201000 -71.411084 114.470176 0.000000 0.000000 0.000000
6.345405 -71.266748 112.207996 0.000000 0.000000 0.000000
2.580611 -71.174932 112.719586 0.000000 0.000000 0.000000
-0.546903 -71.179888 140.356468 0.000000 0.000000 0.000000
-2.610019 -71.517566 19.937595 0.000000 0.000000 0.000000
0.219496 -71.992530 15.133756 0.000000 0.000000 0.000000
-1.923920 -71.664808 11.589142 0.000000 0.000000 0.000000
-2.988381 -71.239216 138.957840 0.000000 0.000000 0.000000
-1.369449 -71.333752 135.841118 0.000000 0.000000 0.000000
# Line 2: n=32 a=(42.414,-64.524,203.921) b=(0.312,0.035,0.949) start=(6.728,-68.570,95.451) end=(47.893,-63.903,220.574)
# x y z globalTime peakAmplitude integratedCharge
34.125000 -65.440188 178.500000 0.000000 0.000000 0.000000
37.625000 -65.085456 189.000000 0.000000 0.000000 0.000000
37.625000 -65.069706 192.500000 0.000000 0.000000 0.000000
39.375000 -64.913633 192.500000 0.000000 0.000000 0.000000
39.375000 -64.831189 196.000000 0.000000 0.000000 0.000000
39.375000 -64.764676 199.500000 0.000000 0.000000 0.000000
41.125000 -64.758026 196.000000 0.000000 0.000000 0.000000
41.125000 -64.691513 199.500000 0.000000 0.000000 0.000000
41.125000 -64.624393 203.000000 0.000000 0.000000 0.000000
42.875000 -64.511087 203.000000 0.000000 0.000000 0.000000
42.875000 -64.438077 206.500000 0.000000 0.000000 0.000000
44.625000 -64.331253 206.500000 0.000000 0.000000 0.000000
44.625000 -64.249737 210.000000 0.000000 0.000000 0.000000
44.625000 -64.208110 213.500000 0.000000 0.000000 0.000000
46.375000 -64.096047 213.500000 0.000000 0.000000 0.000000
46.375000 -64.015833 217.000000 0.000000 0.000000 0.000000
46.375000 -63.981513 220.500000 0.000000 0.000000 0.000000
48.125000 -63.990348 217.000000 0.000000 0.000000 0.000000
48.125000 -63.956028 220.500000 0.000000 0.000000 0.000000
35.875000 -65.330634 178.500000 0.000000 0.000000 0.000000
35.875000 -65.257703 182.000000 0.000000 0.000000 0.000000
37.625000 -65.183283 182.000000 0.000000 0.000000 0.000000
37.625000 -65.104416 185.500000 0.000000 0.000000 0.000000
39.375000 -64.929383 189.000000 0.000000 0.000000 0.000000
9.502006 -71.039800 106.788135 0.000000 0.000000 0.000000
8.040198 -70.848554 104.772816 0.000000 0.000000 0.000000
10.044582 -70.853314 103.055169 0.000000 0.000000 0.000000
7.679968 -71.017620 102.026608 0.000000 0.000000 0.000000
7.882867 -70.968188 100.413119 0.000000 0.000000 0.000000
7.610725 -70.968464 98.420704 0.000000 0.000000 0.000000
8.574307 -70.978220 96.558310 0.000000 0.000000 0.000000
9.803771 -71.163900 94.535688 0.000000 0.000000 0.000000
