# Event 2511
# Params: dx_requested=3.444201 dx_event(vote)=3.444201 rline(inlier)=3.444201 minvotes=4 nstart=2 cover=0.800 nlines=4
# HoughMemory: requested_MB=80.062 allocated_MB=80.062 num_x=128 directions=1281 coarsened=0 maxmem_MB=0.000
# N0=122 assigned=122 remaining_after_force=0
# Line 1: n=61 a=(0.581,-66.937,70.710) b=(0.046,-0.044,-0.998) start=(-3.878,-62.631,167.330) end=(3.434,-69.692,8.886)
# x y z globalTime peakAmplitude integratedCharge
2.454760 -67.737920 54.862048 0.000000 0.000000 0.000000
2.153179 -67.729394 51.752562 0.000000 0.000000 0.000000
1.629826 -67.782400 50.861951 0.000000 0.000000 0.000000
1.563535 -67.792960 49.585168 0.000000 0.000000 0.000000
0.394234 -67.873754 47.646199 0.000000 0.000000 0.000000
3.311171 -67.926824 45.603702 0.000000 0.000000 0.000000
1.110825 -67.944684 43.435743 0.000000 0.000000 0.000000
2.250121 -67.985230 41.920124 0.000000 0.000000 0.000000
0.068087 -67.993146 40.335547 0.000000 0.000000 0.000000
2.851097 -68.015808 38.083228 0.000000 0.000000 0.000000
2.139520 -68.073940 36.767589 0.000000 0.000000 0.000000
1.468248 -68.132366 34.452117 0.000000 0.000000 0.000000
2.461999 -68.163000 33.811132 0.000000 0.000000 0.000000
1.000922 -68.243164 30.777574 0.000000 0.000000 0.000000
1.919557 -68.296686 30.084159 0.000000 0.000000 0.000000
2.451112 -68.304370 28.480354 0.000000 0.000000 0.000000
0.329894 -66.556780 102.074379 0.000000 0.000000 0.000000
0.782799 -66.594240 99.144927 0.000000 0.000000 0.000000
0.720033 -66.740612 95.991190 0.000000 0.000000 0.000000
0.359718 -66.773176 95.109297 0.000000 0.000000 0.000000
0.961006 -66.863420 90.766240 0.000000 0.000000 0.000000
-6.353871 -61.793634 166.622719 0.000000 0.000000 0.000000
-4.247811 -61.950646 164.337377 0.000000 0.000000 0.000000
-3.585056 -61.994354 162.939982 0.000000 0.000000 0.000000
-4.951457 -62.089826 160.701248 0.000000 0.000000 0.000000
-4.512060 -62.383260 159.622594 0.000000 0.000000 0.000000
-5.558618 -62.563024 157.782209 0.000000 0.000000 0.000000
-6.251234 -62.704980 155.577688 0.000000 0.000000 0.000000
-3.149703 -62.963928 154.246775 0.000000 0.000000 0.000000
-2.895940 -63.870104 146.875191 0.000000 0.000000 0.000000
-2.003146 -64.420874 141.914226 0.000000 0.000000 0.000000
0.262641 -68.600684 26.022119 0.000000 0.000000 0.000000
1.153439 -68.679712 24.562916 0.000000 0.000000 0.000000
1.358140 -68.733154 22.684975 0.000000 0.000000 0.000000
2.900545 -68.805048 21.458813 0.000000 0.000000 0.000000
0.699000 -68.880524 19.406517 0.000000 0.000000 0.000000
1.793143 -68.960950 16.751855 0.000000 0.000000 0.000000
3.147534 -69.039190 15.079593 0.000000 0.000000 0.000000
3.239122 -69.114324 13.338122 0.000000 0.000000 0.000000
3.016754 -69.226708 12.444282 0.000000 0.000000 0.000000
3.236186 -69.312860 10.621080 0.000000 0.000000 0.000000
0.821992 -69.416412 8.753357 0.000000 0.000000 0.000000
0.790653 -67.313172 81.934858 0.000000 0.000000 0.000000
0.992594 -67.369952 80.280593 0.000000 0.000000 0.000000
1.863662 -67.374170 78.452838 0.000000 0.000000 0.000000
2.028555 -67.421276 75.601730 0.000000 0.000000 0.000000
1.429821 -67.440252 73.155342 0.000000 0.000000 0.000000
2.786039 -67.472064 71.936749 0.000000 0.000000 0.000000
0.744636 -67.517730 69.765107 0.000000 0.000000 0.000000
1.843230 -67.619116 66.360125 0.000000 0.000000 0.000000
3.156409 -67.682440 64.183349 0.000000 0.000000 0.000000
1.369567 -67.755520 63.580702 0.000000 0.000000 0.000000
3.405413 -67.804590 61.846357 0.000000 0.000000 0.000000
0.989675 -67.831400 59.877998 0.000000 0.000000 0.000000
2.174672 -67.877050 57.413920 0.000000 0.000000 0.000000
2.672276 -67.936988 55.494212 0.000000 0.000000 0.000000
-3.631533 -61.953240 167.311102 0.000000 0.000000 0.000000
0.433287 -66.362092 108.271900 0.000000 0.000000 0.000000
2.353199 -66.910900 89.189197 0.000000 0.000000 0.000000
2.525242 -67.084014 84.132145 0.000000 0.000000 0.000000
3.169604 -67.588600 68.001347 0.000000 0.000000 0.000000
# Line 2: n=38 a=(1.011,-65.073,133.309) b=(0.084,-0.080,-0.993) start=(-1.212,-62.957,159.515) end=(5.737,-69.572,77.581)
# x y z globalTime peakAmplitude integratedCharge
1.867216 -66.312194 110.326092 0.000000 0.000000 0.000000
3.375899 -66.435694 104.726657 0.000000 0.000000 0.000000
-1.163926 -62.436020 159.477410 0.000000 0.000000 0.000000
-2.438288 -62.581434 157.447165 0.000000 0.000000 0.000000
-0.552016 -62.761120 155.556922 0.000000 0.000000 0.000000
-1.291759 -63.175794 152.840001 0.000000 0.000000 0.000000
-1.453615 -63.403080 151.220896 0.000000 0.000000 0.000000
-1.864251 -63.646894 148.517462 0.000000 0.000000 0.000000
-1.541416 -64.065674 144.697084 0.000000 0.000000 0.000000
2.133434 -64.136614 145.759848 0.000000 0.000000 0.000000
-0.434076 -64.225696 143.205535 0.000000 0.000000 0.000000
2.767770 -64.524432 141.448873 0.000000 0.000000 0.000000
-0.828352 -64.649520 139.967207 0.000000 0.000000 0.000000
2.041390 -64.704792 139.973956 0.000000 0.000000 0.000000
3.429455 -65.065484 137.840101 0.000000 0.000000 0.000000
-0.181142 -65.049488 137.626008 0.000000 0.000000 0.000000
2.233619 -65.266668 137.039065 0.000000 0.000000 0.000000
1.626565 -65.488886 134.085842 0.000000 0.000000 0.000000
1.588386 -65.649664 132.861580 0.000000 0.000000 0.000000
0.349714 -65.776044 130.566872 0.000000 0.000000 0.000000
0.701965 -65.851850 129.561122 0.000000 0.000000 0.000000
3.448175 -65.913404 127.333352 0.000000 0.000000 0.000000
0.873482 -65.978424 125.953980 0.000000 0.000000 0.000000
0.548093 -66.065332 124.675363 0.000000 0.000000 0.000000
1.244144 -66.121540 123.063674 0.000000 0.000000 0.000000
2.189535 -66.192860 120.489446 0.000000 0.000000 0.000000
2.486284 -66.257520 118.530965 0.000000 0.000000 0.000000
2.496863 -66.306200 117.689358 0.000000 0.000000 0.000000
1.700778 -66.350020 115.007957 0.000000 0.000000 0.000000
3.373917 -66.420600 113.299729 0.000000 0.000000 0.000000
2.602929 -66.448132 111.784394 0.000000 0.000000 0.000000
1.333981 -66.420904 106.123982 0.000000 0.000000 0.000000
2.006050 -66.518680 102.664779 0.000000 0.000000 0.000000
2.007006 -66.702620 97.459325 0.000000 0.000000 0.000000
2.408014 -66.843952 92.382196 0.000000 0.000000 0.000000
2.724869 -66.985540 88.068917 0.000000 0.000000 0.000000
3.293175 -67.026904 86.015159 0.000000 0.000000 0.000000
3.400790 -67.414550 77.208976 0.000000 0.000000 0.000000
# Line 3: n=23 a=(32.578,-71.003,186.184) b=(0.514,-0.108,0.851) start=(4.254,-65.061,139.240) end=(53.309,-75.352,220.544)
# x y z globalTime peakAmplitude integratedCharge
16.625000 -68.041026 157.500000 0.000000 0.000000 0.000000
18.375000 -68.329913 161.000000 0.000000 0.000000 0.000000
20.125000 -68.595112 164.500000 0.000000 0.000000 0.000000
21.875000 -68.936081 168.000000 0.000000 0.000000 0.000000
23.625000 -69.249310 171.500000 0.000000 0.000000 0.000000
25.375000 -69.616342 175.000000 0.000000 0.000000 0.000000
27.125000 -69.726963 175.000000 0.000000 0.000000 0.000000
28.875000 -70.119259 178.500000 0.000000 0.000000 0.000000
30.625000 -70.456346 182.000000 0.000000 0.000000 0.000000
32.375000 -70.835257 185.500000 0.000000 0.000000 0.000000
34.125000 -71.246338 189.000000 0.000000 0.000000 0.000000
35.875000 -71.624827 192.500000 0.000000 0.000000 0.000000
39.375000 -72.278700 196.000000 0.000000 0.000000 0.000000
41.125000 -72.657864 199.500000 0.000000 0.000000 0.000000
42.875000 -73.074754 203.000000 0.000000 0.000000 0.000000
44.625000 -73.503189 206.500000 0.000000 0.000000 0.000000
46.375000 -73.911824 210.000000 0.000000 0.000000 0.000000
48.125000 -74.350528 213.500000 0.000000 0.000000 0.000000
49.875000 -74.796440 217.000000 0.000000 0.000000 0.000000
53.375000 -75.384537 220.500000 0.000000 0.000000 0.000000
3.379339 -64.326340 143.854314 0.000000 0.000000 0.000000
14.875000 -67.699276 154.000000 0.000000 0.000000 0.000000
6.588033 -66.082568 137.701861 0.000000 0.000000 0.000000
