# Event 5434
# Params: dx_requested=3.227825 dx_event(vote)=3.227825 rline(inlier)=3.227825 minvotes=4 nstart=2 cover=0.800 nlines=4
# HoughMemory: requested_MB=80.062 allocated_MB=80.062 num_x=128 directions=1281 coarsened=0 maxmem_MB=0.000
# N0=133 assigned=133 remaining_after_force=0
# Line 1: n=67 a=(-4.377,-69.967,42.528) b=(0.139,0.001,-0.990) start=(-9.670,-69.997,80.312) end=(0.415,-69.941,8.323)
# x y z globalTime peakAmplitude integratedCharge
-6.717837 -69.603504 54.437420 0.000000 0.000000 0.000000
-3.820892 -69.567872 52.085852 0.000000 0.000000 0.000000
-3.971442 -69.559064 51.075423 0.000000 0.000000 0.000000
-3.203738 -69.525500 48.857453 0.000000 0.000000 0.000000
-6.137764 -69.552692 48.751200 0.000000 0.000000 0.000000
-3.340651 -69.525160 47.439703 0.000000 0.000000 0.000000
-6.726197 -69.458270 46.686759 0.000000 0.000000 0.000000
-2.437905 -69.452856 44.372165 0.000000 0.000000 0.000000
-2.590011 -69.411036 38.235237 0.000000 0.000000 0.000000
-2.911075 -69.456200 35.716984 0.000000 0.000000 0.000000
-2.169072 -69.543836 33.288493 0.000000 0.000000 0.000000
-0.623827 -69.544494 31.212599 0.000000 0.000000 0.000000
-2.185062 -69.558148 29.699831 0.000000 0.000000 0.000000
-2.395205 -69.603540 27.491667 0.000000 0.000000 0.000000
-0.586122 -69.799224 25.590030 0.000000 0.000000 0.000000
-2.563113 -69.875920 24.951341 0.000000 0.000000 0.000000
-2.074404 -69.949840 22.137831 0.000000 0.000000 0.000000
-3.015984 -69.991412 20.271111 0.000000 0.000000 0.000000
0.261415 -70.041932 20.987611 0.000000 0.000000 0.000000
-2.965195 -70.076904 18.804109 0.000000 0.000000 0.000000
0.609298 -70.068414 19.340612 0.000000 0.000000 0.000000
-1.649814 -70.120000 17.286996 0.000000 0.000000 0.000000
-2.020508 -70.155414 15.049560 0.000000 0.000000 0.000000
-2.324839 -70.219320 14.124318 0.000000 0.000000 0.000000
-0.734829 -70.268384 12.750542 0.000000 0.000000 0.000000
1.711447 -70.258868 12.694587 0.000000 0.000000 0.000000
-2.111504 -70.313184 11.049641 0.000000 0.000000 0.000000
1.097421 -70.363746 10.331584 0.000000 0.000000 0.000000
-2.472240 -70.399072 9.157402 0.000000 0.000000 0.000000
0.825508 -70.394470 8.380331 0.000000 0.000000 0.000000
-5.113979 -70.074096 62.719482 0.000000 0.000000 0.000000
-5.935868 -70.014588 61.925908 0.000000 0.000000 0.000000
-4.861423 -69.960914 58.947791 0.000000 0.000000 0.000000
-6.326224 -69.920704 57.667624 0.000000 0.000000 0.000000
-4.477206 -69.878076 56.692933 0.000000 0.000000 0.000000
-10.375946 -70.370532 80.212479 0.000000 0.000000 0.000000
-9.195102 -70.352234 78.464913 0.000000 0.000000 0.000000
-10.212919 -70.376190 76.777247 0.000000 0.000000 0.000000
-9.810797 -70.323352 74.557695 0.000000 0.000000 0.000000
-9.863524 -70.328460 73.896369 0.000000 0.000000 0.000000
-9.077296 -70.282860 71.481206 0.000000 0.000000 0.000000
-7.956876 -70.231530 70.241876 0.000000 0.000000 0.000000
-8.520372 -70.230944 67.805882 0.000000 0.000000 0.000000
-8.941306 -70.192460 66.357169 0.000000 0.000000 0.000000
-9.693467 -70.166940 64.487219 0.000000 0.000000 0.000000
-9.494599 -70.093048 62.918719 0.000000 0.000000 0.000000
-8.614010 -70.016314 61.409511 0.000000 0.000000 0.000000
-0.235449 -69.414844 41.747112 0.000000 0.000000 0.000000
2.533417 -69.360906 39.548964 0.000000 0.000000 0.000000
-0.821002 -69.415686 39.689392 0.000000 0.000000 0.000000
0.843491 -69.358130 38.349785 0.000000 0.000000 0.000000
2.800352 -69.371790 37.252326 0.000000 0.000000 0.000000
-0.267915 -69.426172 36.417254 0.000000 0.000000 0.000000
1.466438 -69.466468 35.138256 0.000000 0.000000 0.000000
2.468704 -69.536730 32.964601 0.000000 0.000000 0.000000
0.104707 -69.480712 31.633606 0.000000 0.000000 0.000000
1.615105 -69.564904 29.620966 0.000000 0.000000 0.000000
0.643631 -69.566730 28.266474 0.000000 0.000000 0.000000
2.556921 -69.940632 26.649710 0.000000 0.000000 0.000000
0.545383 -69.948584 24.971697 0.000000 0.000000 0.000000
2.608315 -70.040064 23.012879 0.000000 0.000000 0.000000
3.291952 -70.169532 17.320450 0.000000 0.000000 0.000000
2.044396 -70.151280 16.334310 0.000000 0.000000 0.000000
2.265548 -70.155800 13.383593 0.000000 0.000000 0.000000
-4.249219 -70.203314 68.928643 0.000000 0.000000 0.000000
-4.327993 -70.183544 66.998084 0.000000 0.000000 0.000000
-4.883055 -70.125428 64.514104 0.000000 0.000000 0.000000
# Line 2: n=36 a=(30.810,-64.588,115.585) b=(0.437,0.062,0.897) start=(-2.763,-69.383,46.678) end=(56.436,-60.928,168.181)
# x y z globalTime peakAmplitude integratedCharge
18.375000 -66.235184 87.500000 0.000000 0.000000 0.000000
20.125000 -65.922910 91.000000 0.000000 0.000000 0.000000
20.125000 -65.840137 94.500000 0.000000 0.000000 0.000000
21.875000 -65.866171 91.000000 0.000000 0.000000 0.000000
21.875000 -65.783398 94.500000 0.000000 0.000000 0.000000
21.875000 -65.735034 98.000000 0.000000 0.000000 0.000000
23.625000 -65.596161 98.000000 0.000000 0.000000 0.000000
23.625000 -65.481628 101.500000 0.000000 0.000000 0.000000
25.375000 -65.078322 105.000000 0.000000 0.000000 0.000000
27.125000 -64.993770 105.000000 0.000000 0.000000 0.000000
27.125000 -64.888718 108.500000 0.000000 0.000000 0.000000
28.875000 -64.641816 112.000000 0.000000 0.000000 0.000000
28.875000 -64.593408 115.500000 0.000000 0.000000 0.000000
30.625000 -64.482144 115.500000 0.000000 0.000000 0.000000
30.625000 -64.419748 119.000000 0.000000 0.000000 0.000000
32.375000 -64.342942 119.000000 0.000000 0.000000 0.000000
34.125000 -64.042486 122.500000 0.000000 0.000000 0.000000
35.875000 -63.691778 126.000000 0.000000 0.000000 0.000000
35.875000 -63.634112 129.500000 0.000000 0.000000 0.000000
37.625000 -63.625310 126.000000 0.000000 0.000000 0.000000
37.625000 -63.567644 129.500000 0.000000 0.000000 0.000000
39.375000 -63.280506 133.000000 0.000000 0.000000 0.000000
39.375000 -63.265256 136.500000 0.000000 0.000000 0.000000
41.125000 -63.311440 133.000000 0.000000 0.000000 0.000000
41.125000 -63.296190 136.500000 0.000000 0.000000 0.000000
42.875000 -62.960801 140.000000 0.000000 0.000000 0.000000
42.875000 -62.911487 143.500000 0.000000 0.000000 0.000000
44.625000 -62.612977 147.000000 0.000000 0.000000 0.000000
46.375000 -62.481813 147.000000 0.000000 0.000000 0.000000
49.875000 -62.088705 154.000000 0.000000 0.000000 0.000000
53.375000 -61.755118 161.000000 0.000000 0.000000 0.000000
56.875000 -61.395389 168.000000 0.000000 0.000000 0.000000
-1.528251 -69.589966 54.172176 0.000000 0.000000 0.000000
-1.239172 -69.594700 52.563134 0.000000 0.000000 0.000000
-0.386796 -69.577020 50.237671 0.000000 0.000000 0.000000
-0.984730 -69.495026 45.819846 0.000000 0.000000 0.000000
# Line 3: n=30 a=(56.940,-61.279,173.963) b=(0.434,0.044,0.900) start=(45.435,-62.458,150.103) end=(68.896,-60.055,198.759)
# x y z globalTime peakAmplitude integratedCharge
44.625000 -62.584903 150.500000 0.000000 0.000000 0.000000
46.375000 -62.453739 150.500000 0.000000 0.000000 0.000000
48.125000 -62.195785 154.000000 0.000000 0.000000 0.000000
48.125000 -62.139740 157.500000 0.000000 0.000000 0.000000
49.875000 -62.032660 157.500000 0.000000 0.000000 0.000000
49.875000 -61.908847 161.000000 0.000000 0.000000 0.000000
51.625000 -61.851022 161.000000 0.000000 0.000000 0.000000
51.625000 -61.804165 164.500000 0.000000 0.000000 0.000000
53.375000 -61.708261 164.500000 0.000000 0.000000 0.000000
55.125000 -61.434735 168.000000 0.000000 0.000000 0.000000
55.125000 -61.426016 171.500000 0.000000 0.000000 0.000000
55.125000 -61.318073 175.000000 0.000000 0.000000 0.000000
56.875000 -61.386670 171.500000 0.000000 0.000000 0.000000
56.875000 -61.278727 175.000000 0.000000 0.000000 0.000000
58.625000 -61.154102 175.000000 0.000000 0.000000 0.000000
58.625000 -61.082239 178.500000 0.000000 0.000000 0.000000
58.625000 -60.981076 182.000000 0.000000 0.000000 0.000000
60.375000 -60.847201 182.000000 0.000000 0.000000 0.000000
60.375000 -60.748367 185.500000 0.000000 0.000000 0.000000
62.125000 -60.798804 182.000000 0.000000 0.000000 0.000000
62.125000 -60.699970 185.500000 0.000000 0.000000 0.000000
63.875000 -60.621497 185.500000 0.000000 0.000000 0.000000
63.875000 -60.568573 189.000000 0.000000 0.000000 0.000000
65.625000 -60.529364 189.000000 0.000000 0.000000 0.000000
65.625000 -60.438590 192.500000 0.000000 0.000000 0.000000
67.375000 -60.318022 192.500000 0.000000 0.000000 0.000000
67.375000 -60.234170 196.000000 0.000000 0.000000 0.000000
62.125000 -60.647046 189.000000 0.000000 0.000000 0.000000
63.875000 -60.477799 192.500000 0.000000 0.000000 0.000000
67.375000 -60.216316 199.500000 0.000000 0.000000 0.000000
