# Event 1374
# Params: dx_requested=3.453420 dx_event(vote)=3.453420 rline(inlier)=3.453420 minvotes=4 nstart=2 cover=0.800 nlines=4
# HoughMemory: requested_MB=80.062 allocated_MB=80.062 num_x=128 directions=1281 coarsened=0 maxmem_MB=0.000
# N0=114 assigned=114 remaining_after_force=0
# Line 1: n=91 a=(-4.644,-70.071,59.744) b=(0.008,-0.028,-1.000) start=(-5.999,-65.500,220.072) end=(-4.218,-71.511,9.239)
# x y z globalTime peakAmplitude integratedCharge
-5.024864 -69.945208 53.750163 0.000000 0.000000 0.000000
-4.998763 -69.977540 52.063878 0.000000 0.000000 0.000000
-3.615393 -70.075886 51.245165 0.000000 0.000000 0.000000
-4.630489 -70.146704 48.725653 0.000000 0.000000 0.000000
-4.463112 -70.131666 47.449691 0.000000 0.000000 0.000000
-5.131237 -70.204108 45.387066 0.000000 0.000000 0.000000
-6.577290 -70.278380 43.418824 0.000000 0.000000 0.000000
-4.739626 -70.281900 41.421320 0.000000 0.000000 0.000000
-6.427440 -70.319770 40.558203 0.000000 0.000000 0.000000
-4.900892 -70.397070 38.978645 0.000000 0.000000 0.000000
-3.858330 -70.474100 36.316188 0.000000 0.000000 0.000000
-5.476675 -70.563800 35.742597 0.000000 0.000000 0.000000
-5.825241 -70.623968 33.286959 0.000000 0.000000 0.000000
-5.866685 -70.677746 31.085714 0.000000 0.000000 0.000000
-5.969878 -70.701116 29.264060 0.000000 0.000000 0.000000
-1.823219 -70.910120 27.656124 0.000000 0.000000 0.000000
-4.907984 -70.773304 28.138523 0.000000 0.000000 0.000000
-6.661920 -68.971406 109.846684 0.000000 0.000000 0.000000
-4.181250 -69.020490 109.154210 0.000000 0.000000 0.000000
-4.820653 -69.053730 107.154548 0.000000 0.000000 0.000000
-5.602236 -69.059014 105.430919 0.000000 0.000000 0.000000
-6.402011 -69.068820 103.789752 0.000000 0.000000 0.000000
-4.904710 -69.088256 101.648117 0.000000 0.000000 0.000000
-4.345224 -69.119036 99.330497 0.000000 0.000000 0.000000
-4.554348 -69.129846 97.705139 0.000000 0.000000 0.000000
-6.830940 -69.172174 95.659728 0.000000 0.000000 0.000000
-6.148484 -69.192834 94.248664 0.000000 0.000000 0.000000
-3.952941 -69.217060 92.835889 0.000000 0.000000 0.000000
-4.707917 -69.237292 91.140273 0.000000 0.000000 0.000000
-4.626217 -69.260420 89.601109 0.000000 0.000000 0.000000
-4.816955 -69.251984 86.910435 0.000000 0.000000 0.000000
-4.705475 -69.310314 86.410858 0.000000 0.000000 0.000000
-5.378673 -69.356036 83.498470 0.000000 0.000000 0.000000
-5.370181 -70.986676 25.706161 0.000000 0.000000 0.000000
-2.036961 -70.976020 26.461426 0.000000 0.000000 0.000000
-4.039687 -71.112696 23.792758 0.000000 0.000000 0.000000
-5.818549 -71.175100 22.252543 0.000000 0.000000 0.000000
-6.122801 -71.210992 21.057026 0.000000 0.000000 0.000000
-3.215182 -71.316584 20.302897 0.000000 0.000000 0.000000
-4.194082 -71.291010 18.523853 0.000000 0.000000 0.000000
-1.936426 -71.350848 19.266681 0.000000 0.000000 0.000000
-5.770604 -71.337896 16.827839 0.000000 0.000000 0.000000
-2.992143 -71.328580 16.772885 0.000000 0.000000 0.000000
-3.640909 -71.475020 15.897601 0.000000 0.000000 0.000000
-2.852275 -71.387586 16.250555 0.000000 0.000000 0.000000
-4.920554 -71.548780 13.595307 0.000000 0.000000 0.000000
-4.606487 -71.636420 11.662846 0.000000 0.000000 0.000000
-3.148691 -71.821850 12.365662 0.000000 0.000000 0.000000
-4.639052 -71.708276 10.424244 0.000000 0.000000 0.000000
-2.946697 -71.751200 9.851403 0.000000 0.000000 0.000000
-3.711121 -71.892880 9.380586 0.000000 0.000000 0.000000
-2.355640 -71.909668 9.266046 0.000000 0.000000 0.000000
-4.461320 -69.516394 82.151913 0.000000 0.000000 0.000000
-6.561814 -69.587292 81.142359 0.000000 0.000000 0.000000
-3.714803 -69.604680 78.470310 0.000000 0.000000 0.000000
-3.834713 -69.680024 76.569881 0.000000 0.000000 0.000000
-6.454652 -69.669384 74.770610 0.000000 0.000000 0.000000
-3.913944 -69.689276 73.755763 0.000000 0.000000 0.000000
-4.570263 -69.732480 71.358026 0.000000 0.000000 0.000000
-6.823495 -69.770404 69.407507 0.000000 0.000000 0.000000
-4.349588 -69.797930 68.624505 0.000000 0.000000 0.000000
-4.192021 -69.902014 67.003749 0.000000 0.000000 0.000000
-6.015144 -69.930854 64.400556 0.000000 0.000000 0.000000
-3.560307 -69.933532 62.785923 0.000000 0.000000 0.000000
-5.839704 -69.994886 60.975463 0.000000 0.000000 0.000000
-3.635876 -70.027630 58.943181 0.000000 0.000000 0.000000
-5.039084 -70.077640 58.266065 0.000000 0.000000 0.000000
-3.954179 -70.118592 55.774209 0.000000 0.000000 0.000000
-3.059739 -67.734320 120.010794 0.000000 0.000000 0.000000
-5.680593 -67.781794 121.219076 0.000000 0.000000 0.000000
-5.664960 -68.009876 118.597105 0.000000 0.000000 0.000000
-3.615865 -68.246808 116.548371 0.000000 0.000000 0.000000
-4.137452 -68.543366 115.604314 0.000000 0.000000 0.000000
-4.142545 -68.768100 113.575567 0.000000 0.000000 0.000000
-3.906518 -68.984968 112.335314 0.000000 0.000000 0.000000
-53.375000 -94.550313 220.500000 0.000000 0.000000 0.000000
-51.625000 -93.711274 217.000000 0.000000 0.000000 0.000000
-49.875000 -92.775470 213.500000 0.000000 0.000000 0.000000
-41.125000 -87.589407 192.500000 0.000000 0.000000 0.000000
-39.375000 -86.818689 189.000000 0.000000 0.000000 0.000000
-37.625000 -85.877265 185.500000 0.000000 0.000000 0.000000
-34.125000 -84.248982 178.500000 0.000000 0.000000 0.000000
-25.375000 -79.903901 157.500000 0.000000 0.000000 0.000000
-23.625000 -79.151721 154.000000 0.000000 0.000000 0.000000
-20.125000 -77.635847 147.000000 0.000000 0.000000 0.000000
-18.375000 -76.857172 143.500000 0.000000 0.000000 0.000000
-0.704747 -70.762800 29.530307 0.000000 0.000000 0.000000
-1.245442 -71.031146 23.915616 0.000000 0.000000 0.000000
-0.422959 -71.185046 23.024384 0.000000 0.000000 0.000000
-0.938837 -71.519628 13.265587 0.000000 0.000000 0.000000
-9.324146 -72.122626 123.078765 0.000000 0.000000 0.000000
# Line 2: n=23 a=(0.145,-66.612,130.406) b=(0.176,0.120,0.977) start=(-3.037,-68.790,112.690) end=(2.662,-64.890,144.422)
# x y z globalTime peakAmplitude integratedCharge
2.245306 -64.835254 143.921670 0.000000 0.000000 0.000000
4.220389 -64.345660 144.074777 0.000000 0.000000 0.000000
2.848017 -65.182708 142.020727 0.000000 0.000000 0.000000
1.686004 -65.561286 139.699295 0.000000 0.000000 0.000000
2.902765 -66.011810 138.327808 0.000000 0.000000 0.000000
3.061209 -66.109906 136.642214 0.000000 0.000000 0.000000
1.803998 -66.209296 135.423698 0.000000 0.000000 0.000000
-2.611091 -66.268012 134.905904 0.000000 0.000000 0.000000
2.783926 -66.319550 132.570404 0.000000 0.000000 0.000000
-0.914775 -66.339550 132.625509 0.000000 0.000000 0.000000
1.327091 -66.454560 130.694791 0.000000 0.000000 0.000000
-0.566964 -66.503686 131.570762 0.000000 0.000000 0.000000
-1.456213 -66.683886 129.238709 0.000000 0.000000 0.000000
-3.146359 -66.904650 127.855052 0.000000 0.000000 0.000000
-1.070092 -67.074300 126.377916 0.000000 0.000000 0.000000
-3.035320 -67.304394 124.064281 0.000000 0.000000 0.000000
-2.411596 -67.519288 123.128113 0.000000 0.000000 0.000000
-2.395415 -67.952532 119.049001 0.000000 0.000000 0.000000
-0.613901 -68.201190 117.057632 0.000000 0.000000 0.000000
-1.460665 -68.400904 115.620275 0.000000 0.000000 0.000000
-0.155740 -68.676954 113.667453 0.000000 0.000000 0.000000
-2.228895 -66.240466 136.619370 0.000000 0.000000 0.000000
-0.263490 -68.879772 112.202760 0.000000 0.000000 0.000000
