# Event 2967
# Params: dx_requested=3.421052 dx_event(vote)=3.421052 rline(inlier)=3.421052 minvotes=4 nstart=2 cover=0.800 nlines=4
# HoughMemory: requested_MB=80.062 allocated_MB=80.062 num_x=128 directions=1281 coarsened=0 maxmem_MB=0.000
# N0=110 assigned=110 remaining_after_force=0
# Line 1: n=42 a=(-24.790,-73.170,177.319) b=(0.407,-0.066,-0.911) start=(-44.142,-70.040,220.670) end=(7.081,-78.324,105.921)
# x y z globalTime peakAmplitude integratedCharge
-44.625000 -70.718212 217.000000 0.000000 0.000000 0.000000
-44.625000 -70.671720 220.500000 0.000000 0.000000 0.000000
-42.875000 -70.844150 213.500000 0.000000 0.000000 0.000000
-42.875000 -70.770622 217.000000 0.000000 0.000000 0.000000
-42.875000 -70.724130 220.500000 0.000000 0.000000 0.000000
-41.125000 -70.939222 210.000000 0.000000 0.000000 0.000000
-41.125000 -70.892278 213.500000 0.000000 0.000000 0.000000
-41.125000 -70.818750 217.000000 0.000000 0.000000 0.000000
-39.375000 -70.996764 210.000000 0.000000 0.000000 0.000000
-39.375000 -70.949820 213.500000 0.000000 0.000000 0.000000
-37.625000 -71.193195 203.000000 0.000000 0.000000 0.000000
-37.625000 -71.170169 206.500000 0.000000 0.000000 0.000000
-37.625000 -71.058051 210.000000 0.000000 0.000000 0.000000
-37.625000 -71.011107 213.500000 0.000000 0.000000 0.000000
-34.125000 -71.604384 196.000000 0.000000 0.000000 0.000000
-34.125000 -71.498960 199.500000 0.000000 0.000000 0.000000
-32.375000 -71.755133 192.500000 0.000000 0.000000 0.000000
-32.375000 -71.684027 196.000000 0.000000 0.000000 0.000000
-30.625000 -71.931549 189.000000 0.000000 0.000000 0.000000
-30.625000 -71.863885 192.500000 0.000000 0.000000 0.000000
-28.875000 -72.151436 185.500000 0.000000 0.000000 0.000000
-28.875000 -72.054010 189.000000 0.000000 0.000000 0.000000
-27.125000 -72.416418 182.000000 0.000000 0.000000 0.000000
-25.375000 -72.602118 178.500000 0.000000 0.000000 0.000000
-25.375000 -72.499582 182.000000 0.000000 0.000000 0.000000
-23.625000 -73.014820 171.500000 0.000000 0.000000 0.000000
-23.625000 -72.907408 175.000000 0.000000 0.000000 0.000000
-21.875000 -73.239903 168.000000 0.000000 0.000000 0.000000
-21.875000 -73.148960 171.500000 0.000000 0.000000 0.000000
-20.125000 -73.487687 164.500000 0.000000 0.000000 0.000000
-20.125000 -73.346530 168.000000 0.000000 0.000000 0.000000
-18.375000 -73.782523 161.000000 0.000000 0.000000 0.000000
-18.375000 -73.646250 164.500000 0.000000 0.000000 0.000000
-16.625000 -74.504183 154.000000 0.000000 0.000000 0.000000
6.359485 -78.291596 110.335698 0.000000 0.000000 0.000000
3.773329 -78.140246 107.834086 0.000000 0.000000 0.000000
5.961325 -78.050646 107.123615 0.000000 0.000000 0.000000
5.582586 -77.972300 105.227107 0.000000 0.000000 0.000000
3.587126 -78.921140 114.927940 0.000000 0.000000 0.000000
6.055394 -78.754316 114.227412 0.000000 0.000000 0.000000
4.730641 -78.617760 111.417783 0.000000 0.000000 0.000000
7.758270 -78.483288 110.285192 0.000000 0.000000 0.000000
# Line 2: n=68 a=(5.534,-77.652,61.106) b=(0.001,-0.007,1.000) start=(5.486,-77.307,8.770) end=(5.596,-78.101,129.296)
# x y z globalTime peakAmplitude integratedCharge
4.771786 -77.238410 54.531191 0.000000 0.000000 0.000000
3.711902 -77.281646 51.804454 0.000000 0.000000 0.000000
4.469553 -77.273572 51.105977 0.000000 0.000000 0.000000
6.556732 -77.278948 49.255250 0.000000 0.000000 0.000000
5.782490 -77.260840 47.259169 0.000000 0.000000 0.000000
6.937683 -77.287012 44.839752 0.000000 0.000000 0.000000
4.674906 -77.271480 43.082797 0.000000 0.000000 0.000000
6.496268 -77.307470 41.791812 0.000000 0.000000 0.000000
3.890207 -77.268786 39.975227 0.000000 0.000000 0.000000
6.612778 -77.288840 38.549970 0.000000 0.000000 0.000000
6.238601 -77.322240 36.492528 0.000000 0.000000 0.000000
5.660677 -77.369416 34.316775 0.000000 0.000000 0.000000
6.876377 -77.359168 33.574868 0.000000 0.000000 0.000000
4.646621 -77.385280 30.847997 0.000000 0.000000 0.000000
5.748640 -77.391132 29.867659 0.000000 0.000000 0.000000
6.922987 -77.418840 28.170252 0.000000 0.000000 0.000000
4.233509 -77.911540 102.656022 0.000000 0.000000 0.000000
3.813806 -77.897564 101.628703 0.000000 0.000000 0.000000
3.971659 -77.830188 98.737624 0.000000 0.000000 0.000000
5.243301 -77.785950 96.710508 0.000000 0.000000 0.000000
4.518939 -77.717750 94.099228 0.000000 0.000000 0.000000
6.169717 -77.702924 93.301125 0.000000 0.000000 0.000000
6.088360 -77.678380 90.822039 0.000000 0.000000 0.000000
4.632537 -77.613306 89.653402 0.000000 0.000000 0.000000
5.522942 -77.583790 87.567325 0.000000 0.000000 0.000000
4.836485 -77.573084 85.828060 0.000000 0.000000 0.000000
6.161700 -77.502954 84.736684 0.000000 0.000000 0.000000
3.733815 -77.626196 26.767437 0.000000 0.000000 0.000000
3.678851 -77.639234 24.224423 0.000000 0.000000 0.000000
6.232320 -77.736220 22.237245 0.000000 0.000000 0.000000
6.230274 -77.748144 21.617528 0.000000 0.000000 0.000000
5.750688 -77.767388 18.536367 0.000000 0.000000 0.000000
4.252410 -77.815100 17.686133 0.000000 0.000000 0.000000
6.260967 -77.916100 14.722040 0.000000 0.000000 0.000000
5.289723 -78.006964 12.310692 0.000000 0.000000 0.000000
6.400281 -78.141308 8.763380 0.000000 0.000000 0.000000
5.646961 -77.674176 82.967760 0.000000 0.000000 0.000000
5.474853 -77.637000 80.978474 0.000000 0.000000 0.000000
5.767591 -77.665600 78.533999 0.000000 0.000000 0.000000
4.361360 -77.629840 77.720396 0.000000 0.000000 0.000000
6.371594 -77.571772 75.512242 0.000000 0.000000 0.000000
6.209979 -77.576220 73.518700 0.000000 0.000000 0.000000
4.088032 -77.561432 71.795443 0.000000 0.000000 0.000000
6.163607 -77.505060 70.086677 0.000000 0.000000 0.000000
5.311094 -77.518040 68.218325 0.000000 0.000000 0.000000
4.739160 -77.503580 66.693428 0.000000 0.000000 0.000000
6.881948 -77.454272 64.952360 0.000000 0.000000 0.000000
6.743598 -77.469776 63.682429 0.000000 0.000000 0.000000
4.918007 -77.499584 60.944256 0.000000 0.000000 0.000000
3.619228 -77.473292 59.318169 0.000000 0.000000 0.000000
6.707778 -77.497724 58.112911 0.000000 0.000000 0.000000
6.206880 -77.483752 55.917155 0.000000 0.000000 0.000000
6.352272 -79.268786 118.830349 0.000000 0.000000 0.000000
5.015194 -79.011020 117.445887 0.000000 0.000000 0.000000
8.121028 -78.792720 115.983476 0.000000 0.000000 0.000000
8.156438 -78.527112 112.655524 0.000000 0.000000 0.000000
3.609735 -77.846044 100.428619 0.000000 0.000000 0.000000
3.641689 -77.883826 16.459813 0.000000 0.000000 0.000000
3.649266 -78.054388 9.936220 0.000000 0.000000 0.000000
7.271317 -79.690070 129.284234 0.000000 0.000000 0.000000
8.303152 -79.735650 127.106722 0.000000 0.000000 0.000000
8.882789 -79.605760 126.262378 0.000000 0.000000 0.000000
9.399712 -79.482812 124.920674 0.000000 0.000000 0.000000
9.029684 -79.323380 123.119154 0.000000 0.000000 0.000000
8.914904 -79.190360 120.850752 0.000000 0.000000 0.000000
8.915600 -79.047326 118.805503 0.000000 0.000000 0.000000
9.126377 -78.918554 117.135436 0.000000 0.000000 0.000000
10.360255 -78.673828 113.577263 0.000000 0.000000 0.000000
