# Event 4474
# Params: dx_requested=3.566749 dx_event(vote)=3.566749 rline(inlier)=3.566749 minvotes=4 nstart=2 cover=0.800 nlines=4
# HoughMemory: requested_MB=80.062 allocated_MB=80.062 num_x=128 directions=1281 coarsened=0 maxmem_MB=0.000
# N0=143 assigned=143 remaining_after_force=0
# Line 1: n=74 a=(1.540,-74.229,72.650) b=(0.008,0.010,-1.000) start=(0.956,-74.950,142.013) end=(2.079,-73.562,8.543)
# x y z globalTime peakAmplitude integratedCharge
0.168325 -73.689740 53.516924 0.000000 0.000000 0.000000
0.726254 -73.697266 51.997261 0.000000 0.000000 0.000000
1.327808 -73.644980 50.160343 0.000000 0.000000 0.000000
0.863272 -73.616796 48.728536 0.000000 0.000000 0.000000
3.104097 -73.659520 46.967180 0.000000 0.000000 0.000000
0.303577 -73.678510 44.791943 0.000000 0.000000 0.000000
2.783861 -73.652288 43.128466 0.000000 0.000000 0.000000
2.076656 -73.657714 41.553417 0.000000 0.000000 0.000000
2.238620 -73.652674 40.421347 0.000000 0.000000 0.000000
0.351676 -73.602140 38.165354 0.000000 0.000000 0.000000
2.557278 -73.600024 36.513204 0.000000 0.000000 0.000000
0.956842 -73.659466 34.495947 0.000000 0.000000 0.000000
3.383782 -73.628840 33.927572 0.000000 0.000000 0.000000
0.665907 -73.663532 30.753042 0.000000 0.000000 0.000000
0.281058 -73.647780 29.725696 0.000000 0.000000 0.000000
2.566674 -73.687116 27.376573 0.000000 0.000000 0.000000
2.289058 -74.653016 109.896013 0.000000 0.000000 0.000000
1.829700 -74.617492 108.771957 0.000000 0.000000 0.000000
0.092560 -74.566700 106.261952 0.000000 0.000000 0.000000
1.638602 -74.477886 104.337092 0.000000 0.000000 0.000000
1.222682 -74.475770 103.603097 0.000000 0.000000 0.000000
1.181908 -74.394190 101.451393 0.000000 0.000000 0.000000
2.349505 -74.382172 100.477501 0.000000 0.000000 0.000000
0.063667 -74.379474 97.516541 0.000000 0.000000 0.000000
0.605250 -74.335150 96.320496 0.000000 0.000000 0.000000
1.434179 -74.274244 94.161314 0.000000 0.000000 0.000000
1.844497 -74.255652 92.401374 0.000000 0.000000 0.000000
2.672547 -74.195386 91.014580 0.000000 0.000000 0.000000
2.358175 -74.141674 88.545954 0.000000 0.000000 0.000000
3.141568 -74.128016 87.843116 0.000000 0.000000 0.000000
2.304297 -74.101154 86.138963 0.000000 0.000000 0.000000
1.021191 -74.084912 84.314102 0.000000 0.000000 0.000000
-0.261112 -74.941828 142.002651 0.000000 0.000000 0.000000
-0.229556 -74.911212 140.478752 0.000000 0.000000 0.000000
0.822816 -73.901716 25.680708 0.000000 0.000000 0.000000
0.698394 -73.937354 24.467011 0.000000 0.000000 0.000000
1.747738 -73.998304 23.105655 0.000000 0.000000 0.000000
3.286920 -73.991220 21.628544 0.000000 0.000000 0.000000
1.204546 -74.029040 19.772926 0.000000 0.000000 0.000000
3.332024 -74.056524 17.985371 0.000000 0.000000 0.000000
1.242570 -74.158000 15.372271 0.000000 0.000000 0.000000
2.191904 -74.153388 14.503513 0.000000 0.000000 0.000000
2.822865 -74.150306 12.841952 0.000000 0.000000 0.000000
2.172410 -74.227764 10.774630 0.000000 0.000000 0.000000
0.245394 -74.318688 8.519335 0.000000 0.000000 0.000000
1.840438 -74.228700 82.168822 0.000000 0.000000 0.000000
1.523187 -74.196552 80.413848 0.000000 0.000000 0.000000
0.330110 -74.141888 78.440280 0.000000 0.000000 0.000000
2.627992 -74.111072 77.096880 0.000000 0.000000 0.000000
3.392706 -74.070220 75.176253 0.000000 0.000000 0.000000
1.842039 -74.044196 73.234138 0.000000 0.000000 0.000000
0.137283 -74.047020 72.381616 0.000000 0.000000 0.000000
2.031563 -73.983320 69.944630 0.000000 0.000000 0.000000
1.312647 -74.000500 68.504414 0.000000 0.000000 0.000000
2.925598 -74.001252 66.424693 0.000000 0.000000 0.000000
1.229413 -73.981414 65.020264 0.000000 0.000000 0.000000
3.405593 -73.989734 63.298492 0.000000 0.000000 0.000000
3.077513 -73.990754 60.937869 0.000000 0.000000 0.000000
2.787447 -73.973670 58.932159 0.000000 0.000000 0.000000
1.887498 -73.950848 57.019151 0.000000 0.000000 0.000000
0.670600 -73.949970 56.087710 0.000000 0.000000 0.000000
-1.792935 -75.010076 134.129386 0.000000 0.000000 0.000000
-0.214266 -75.079236 129.459155 0.000000 0.000000 0.000000
2.269264 -75.038092 127.006145 0.000000 0.000000 0.000000
0.102852 -75.081380 125.522302 0.000000 0.000000 0.000000
-0.089293 -75.103314 126.650825 0.000000 0.000000 0.000000
1.292166 -75.090740 124.117050 0.000000 0.000000 0.000000
1.140454 -75.087880 122.777887 0.000000 0.000000 0.000000
2.475245 -75.103266 120.540850 0.000000 0.000000 0.000000
0.420874 -75.090454 119.037881 0.000000 0.000000 0.000000
0.987965 -75.049816 116.975771 0.000000 0.000000 0.000000
1.479927 -74.984080 116.191555 0.000000 0.000000 0.000000
1.862544 -74.942804 113.978466 0.000000 0.000000 0.000000
3.291888 -74.930694 112.199103 0.000000 0.000000 0.000000
# Line 2: n=46 a=(43.634,-79.551,179.223) b=(0.596,-0.074,0.799) start=(0.008,-74.102,120.712) end=(74.421,-83.397,220.516)
# x y z globalTime peakAmplitude integratedCharge
16.625000 -76.552585 143.500000 0.000000 0.000000 0.000000
18.375000 -76.759695 147.000000 0.000000 0.000000 0.000000
20.125000 -76.812891 147.000000 0.000000 0.000000 0.000000
21.875000 -77.043927 150.500000 0.000000 0.000000 0.000000
23.625000 -77.058981 150.500000 0.000000 0.000000 0.000000
25.375000 -77.264309 154.000000 0.000000 0.000000 0.000000
27.125000 -77.503724 157.500000 0.000000 0.000000 0.000000
28.875000 -77.576744 157.500000 0.000000 0.000000 0.000000
28.875000 -77.654010 161.000000 0.000000 0.000000 0.000000
30.625000 -77.760524 161.000000 0.000000 0.000000 0.000000
32.375000 -77.998510 164.500000 0.000000 0.000000 0.000000
34.125000 -78.080090 164.500000 0.000000 0.000000 0.000000
34.125000 -78.181302 168.000000 0.000000 0.000000 0.000000
35.875000 -78.237268 168.000000 0.000000 0.000000 0.000000
37.625000 -78.335184 168.000000 0.000000 0.000000 0.000000
37.625000 -78.487654 171.500000 0.000000 0.000000 0.000000
39.375000 -78.587514 171.500000 0.000000 0.000000 0.000000
41.125000 -78.858440 175.000000 0.000000 0.000000 0.000000
42.875000 -79.223212 178.500000 0.000000 0.000000 0.000000
44.625000 -79.269571 178.500000 0.000000 0.000000 0.000000
46.375000 -79.523901 182.000000 0.000000 0.000000 0.000000
48.125000 -79.865043 185.500000 0.000000 0.000000 0.000000
49.875000 -79.960466 185.500000 0.000000 0.000000 0.000000
51.625000 -80.271048 189.000000 0.000000 0.000000 0.000000
53.375000 -80.630280 192.500000 0.000000 0.000000 0.000000
55.125000 -80.747285 192.500000 0.000000 0.000000 0.000000
55.125000 -80.891809 196.000000 0.000000 0.000000 0.000000
56.875000 -81.059254 196.000000 0.000000 0.000000 0.000000
58.625000 -81.363861 199.500000 0.000000 0.000000 0.000000
60.375000 -81.670127 203.000000 0.000000 0.000000 0.000000
62.125000 -82.079843 206.500000 0.000000 0.000000 0.000000
63.875000 -82.201013 206.500000 0.000000 0.000000 0.000000
67.375000 -82.728958 210.000000 0.000000 0.000000 0.000000
67.375000 -82.912315 213.500000 0.000000 0.000000 0.000000
69.125000 -83.064770 213.500000 0.000000 0.000000 0.000000
70.875000 -83.458132 217.000000 0.000000 0.000000 0.000000
72.625000 -83.760144 220.500000 0.000000 0.000000 0.000000
74.375000 -83.937778 220.500000 0.000000 0.000000 0.000000
-2.785774 -75.124346 122.699951 0.000000 0.000000 0.000000
16.625000 -76.475879 140.000000 0.000000 0.000000 0.000000
18.375000 -76.630740 143.500000 0.000000 0.000000 0.000000
21.875000 -76.918390 147.000000 0.000000 0.000000 0.000000
23.625000 -76.933444 147.000000 0.000000 0.000000 0.000000
25.375000 -77.155877 150.500000 0.000000 0.000000 0.000000
27.125000 -77.369227 154.000000 0.000000 0.000000 0.000000
35.875000 -78.136056 164.500000 0.000000 0.000000 0.000000
# Line 3: n=23 a=(-4.809,-75.159,143.093) b=(0.156,0.014,-0.988) start=(-7.330,-75.387,159.040) end=(-1.954,-74.901,125.040)
# x y z globalTime peakAmplitude integratedCharge
-4.415852 -75.311580 152.908795 0.000000 0.000000 0.000000
-5.742458 -75.268676 150.800092 0.000000 0.000000 0.000000
-3.786353 -75.177546 148.656863 0.000000 0.000000 0.000000
-4.362657 -75.100910 147.740037 0.000000 0.000000 0.000000
-4.104138 -75.039288 145.448430 0.000000 0.000000 0.000000
-3.803022 -75.008404 144.203537 0.000000 0.000000 0.000000
-4.649690 -74.950770 141.904508 0.000000 0.000000 0.000000
-5.517354 -74.944684 139.334363 0.000000 0.000000 0.000000
-2.230366 -75.068530 138.342801 0.000000 0.000000 0.000000
-4.809325 -75.076910 138.027501 0.000000 0.000000 0.000000
-2.689891 -74.998010 135.773074 0.000000 0.000000 0.000000
-6.606050 -75.034180 135.868271 0.000000 0.000000 0.000000
-3.557289 -75.006940 134.238990 0.000000 0.000000 0.000000
-2.086524 -75.003156 133.748478 0.000000 0.000000 0.000000
-3.053196 -75.025164 131.177357 0.000000 0.000000 0.000000
-2.261258 -75.108520 128.139924 0.000000 0.000000 0.000000
-3.142968 -75.101130 124.848868 0.000000 0.000000 0.000000
-8.169797 -75.309760 158.907965 0.000000 0.000000 0.000000
-8.069038 -75.423896 157.687924 0.000000 0.000000 0.000000
-7.672586 -75.477508 155.804183 0.000000 0.000000 0.000000
-7.434297 -75.523736 153.490155 0.000000 0.000000 0.000000
-7.622962 -75.540106 151.001391 0.000000 0.000000 0.000000
-9.681002 -75.605080 151.549681 0.000000 0.000000 0.000000
