# Event 5446
# Params: dx_requested=3.503138 dx_event(vote)=3.503138 rline(inlier)=3.503138 minvotes=4 nstart=2 cover=0.800 nlines=4
# HoughMemory: requested_MB=80.062 allocated_MB=80.062 num_x=128 directions=1281 coarsened=0 maxmem_MB=0.000
# N0=122 assigned=122 remaining_after_force=0
# Line 1: n=98 a=(0.952,-75.940,49.606) b=(0.079,0.046,0.996) start=(-2.320,-77.828,8.411) end=(5.527,-73.300,107.213)
# x y z globalTime peakAmplitude integratedCharge
2.994738 -76.247400 54.180992 0.000000 0.000000 0.000000
-0.520456 -76.299634 53.600700 0.000000 0.000000 0.000000
0.947007 -76.232312 52.644095 0.000000 0.000000 0.000000
-0.091747 -76.317646 52.807285 0.000000 0.000000 0.000000
2.877656 -76.276130 50.368474 0.000000 0.000000 0.000000
-0.435956 -76.280664 50.684623 0.000000 0.000000 0.000000
2.041133 -76.290080 48.307794 0.000000 0.000000 0.000000
-0.461235 -76.303204 48.775320 0.000000 0.000000 0.000000
1.531875 -76.360906 47.316595 0.000000 0.000000 0.000000
-1.936703 -76.335986 47.258167 0.000000 0.000000 0.000000
2.614810 -76.317300 45.454807 0.000000 0.000000 0.000000
-2.356367 -76.399816 44.959596 0.000000 0.000000 0.000000
1.090334 -76.337476 43.093337 0.000000 0.000000 0.000000
-0.110517 -76.356904 43.854598 0.000000 0.000000 0.000000
2.236526 -76.346650 42.090294 0.000000 0.000000 0.000000
-0.844254 -76.428240 41.948490 0.000000 0.000000 0.000000
1.883055 -76.384814 40.462490 0.000000 0.000000 0.000000
-1.944396 -76.448456 39.558280 0.000000 0.000000 0.000000
0.851922 -76.383264 38.277434 0.000000 0.000000 0.000000
-1.675433 -76.407568 38.225884 0.000000 0.000000 0.000000
0.067296 -76.435680 37.461129 0.000000 0.000000 0.000000
-2.426458 -76.449976 36.508733 0.000000 0.000000 0.000000
1.923614 -76.458416 34.516199 0.000000 0.000000 0.000000
-2.395740 -76.468824 35.446043 0.000000 0.000000 0.000000
2.397481 -76.485200 32.851304 0.000000 0.000000 0.000000
-1.540204 -76.471392 33.558999 0.000000 0.000000 0.000000
-0.456887 -76.542676 31.343302 0.000000 0.000000 0.000000
0.442954 -76.541816 29.527005 0.000000 0.000000 0.000000
-0.513019 -76.594074 29.777658 0.000000 0.000000 0.000000
0.528517 -76.585224 28.222515 0.000000 0.000000 0.000000
-1.931831 -76.605908 27.399269 0.000000 0.000000 0.000000
6.619783 -73.206848 94.433492 0.000000 0.000000 0.000000
5.891925 -73.316912 92.339149 0.000000 0.000000 0.000000
4.687655 -73.482868 90.748226 0.000000 0.000000 0.000000
4.660934 -73.588714 89.328928 0.000000 0.000000 0.000000
6.065460 -73.711268 87.310502 0.000000 0.000000 0.000000
5.477591 -73.851764 85.914373 0.000000 0.000000 0.000000
3.910966 -73.946930 84.494531 0.000000 0.000000 0.000000
-3.091089 -76.845368 26.275905 0.000000 0.000000 0.000000
0.105137 -76.929370 26.662360 0.000000 0.000000 0.000000
-2.242160 -76.930890 25.028561 0.000000 0.000000 0.000000
1.168095 -76.956434 25.249233 0.000000 0.000000 0.000000
-0.702110 -77.014160 22.976906 0.000000 0.000000 0.000000
1.636765 -76.999680 22.144862 0.000000 0.000000 0.000000
-3.314556 -77.057366 20.624371 0.000000 0.000000 0.000000
-1.446134 -77.086194 19.657934 0.000000 0.000000 0.000000
-1.785607 -77.169214 17.595960 0.000000 0.000000 0.000000
-2.675550 -77.213116 16.259704 0.000000 0.000000 0.000000
-2.649144 -77.291346 14.198869 0.000000 0.000000 0.000000
-0.502317 -77.371154 11.570366 0.000000 0.000000 0.000000
0.643198 -77.366706 11.560846 0.000000 0.000000 0.000000
-3.038120 -77.446360 10.267233 0.000000 0.000000 0.000000
0.386982 -77.401008 9.825989 0.000000 0.000000 0.000000
-0.265812 -77.547308 8.235006 0.000000 0.000000 0.000000
4.861249 -74.209814 82.423060 0.000000 0.000000 0.000000
1.163814 -74.467346 79.902557 0.000000 0.000000 0.000000
5.265802 -74.350866 80.217323 0.000000 0.000000 0.000000
1.143633 -74.564312 78.312196 0.000000 0.000000 0.000000
2.223337 -74.600226 77.688191 0.000000 0.000000 0.000000
1.605377 -74.709400 74.920406 0.000000 0.000000 0.000000
3.805853 -74.658260 75.303909 0.000000 0.000000 0.000000
2.642486 -74.856568 73.491054 0.000000 0.000000 0.000000
0.309879 -74.999816 71.045570 0.000000 0.000000 0.000000
4.179352 -74.925616 71.312382 0.000000 0.000000 0.000000
0.696219 -75.182900 69.880439 0.000000 0.000000 0.000000
4.227428 -75.082006 69.293601 0.000000 0.000000 0.000000
1.064626 -75.307984 68.108060 0.000000 0.000000 0.000000
3.282923 -75.472388 67.184117 0.000000 0.000000 0.000000
0.302239 -75.639100 64.462709 0.000000 0.000000 0.000000
2.046278 -75.810724 63.714604 0.000000 0.000000 0.000000
0.813412 -75.991520 61.218648 0.000000 0.000000 0.000000
-0.056805 -76.271400 59.859552 0.000000 0.000000 0.000000
2.911226 -76.184940 58.985310 0.000000 0.000000 0.000000
-1.991206 -76.360644 57.627569 0.000000 0.000000 0.000000
1.584353 -76.323254 57.875566 0.000000 0.000000 0.000000
-0.989028 -76.440284 55.263171 0.000000 0.000000 0.000000
1.525863 -76.453560 55.335292 0.000000 0.000000 0.000000
7.285461 -72.364166 102.620598 0.000000 0.000000 0.000000
3.366391 -76.478308 31.826288 0.000000 0.000000 0.000000
1.917575 -77.040360 20.288145 0.000000 0.000000 0.000000
1.969181 -77.082092 19.097368 0.000000 0.000000 0.000000
1.827424 -77.127100 17.815291 0.000000 0.000000 0.000000
1.544682 -77.202392 16.013768 0.000000 0.000000 0.000000
3.024052 -77.262806 14.372277 0.000000 0.000000 0.000000
3.238306 -77.537652 9.332080 0.000000 0.000000 0.000000
6.479097 -74.439014 78.899850 0.000000 0.000000 0.000000
6.765121 -74.548920 76.641462 0.000000 0.000000 0.000000
5.438231 -74.776648 73.982229 0.000000 0.000000 0.000000
8.031099 -72.074180 106.958047 0.000000 0.000000 0.000000
7.570933 -72.140588 105.670093 0.000000 0.000000 0.000000
7.386611 -72.534192 101.316124 0.000000 0.000000 0.000000
9.921834 -72.753344 100.106205 0.000000 0.000000 0.000000
9.506749 -72.889294 98.332862 0.000000 0.000000 0.000000
8.597022 -73.062128 95.984429 0.000000 0.000000 0.000000
9.985143 -73.141668 94.962507 0.000000 0.000000 0.000000
9.538864 -73.321630 92.375284 0.000000 0.000000 0.000000
7.350865 -73.418848 91.091578 0.000000 0.000000 0.000000
9.516905 -73.566340 89.150142 0.000000 0.000000 0.000000
# Line 2: n=24 a=(-34.179,-86.824,154.389) b=(0.336,0.103,-0.936) start=(-58.019,-94.131,220.757) end=(-0.805,-76.594,61.482)
# x y z globalTime peakAmplitude integratedCharge
-58.625000 -94.484439 220.500000 0.000000 0.000000 0.000000
-56.875000 -93.993665 217.000000 0.000000 0.000000 0.000000
-55.125000 -93.515647 213.500000 0.000000 0.000000 0.000000
-49.875000 -91.236315 196.000000 0.000000 0.000000 0.000000
-48.125000 -90.718923 192.500000 0.000000 0.000000 0.000000
-46.375000 -90.246081 189.000000 0.000000 0.000000 0.000000
-44.625000 -89.537198 182.000000 0.000000 0.000000 0.000000
-42.875000 -89.076384 178.500000 0.000000 0.000000 0.000000
-41.125000 -88.672776 171.500000 0.000000 0.000000 0.000000
-41.125000 -88.696041 175.000000 0.000000 0.000000 0.000000
-39.375000 -88.059762 168.000000 0.000000 0.000000 0.000000
-37.625000 -87.645797 164.500000 0.000000 0.000000 0.000000
-34.125000 -87.026493 157.500000 0.000000 0.000000 0.000000
-32.375000 -86.426983 147.000000 0.000000 0.000000 0.000000
-27.125000 -85.175782 136.500000 0.000000 0.000000 0.000000
-25.375000 -84.668088 133.000000 0.000000 0.000000 0.000000
-23.625000 -84.248797 126.000000 0.000000 0.000000 0.000000
-21.875000 -83.690757 122.500000 0.000000 0.000000 0.000000
-20.125000 -82.987780 115.500000 0.000000 0.000000 0.000000
-18.375000 -82.387660 112.000000 0.000000 0.000000 0.000000
-16.625000 -82.204908 108.500000 0.000000 0.000000 0.000000
-2.485351 -76.116140 63.423312 0.000000 0.000000 0.000000
-2.246667 -76.131696 61.015396 0.000000 0.000000 0.000000
-16.625000 -82.305798 112.000000 0.000000 0.000000 0.000000
