# Event 4921
# Params: dx_requested=3.409983 dx_event(vote)=3.409983 rline(inlier)=3.409983 minvotes=4 nstart=2 cover=0.800 nlines=4
# HoughMemory: requested_MB=80.062 allocated_MB=80.062 num_x=128 directions=1281 coarsened=0 maxmem_MB=0.000
# N0=111 assigned=111 remaining_after_force=0
# Line 1: n=78 a=(5.308,-68.891,69.130) b=(0.001,-0.008,1.000) start=(5.224,-68.434,8.827) end=(5.521,-70.038,220.350)
# x y z globalTime peakAmplitude integratedCharge
6.640961 -68.480100 53.909955 0.000000 0.000000 0.000000
5.934017 -68.476276 52.303806 0.000000 0.000000 0.000000
5.907728 -68.476110 50.242869 0.000000 0.000000 0.000000
6.331799 -68.520014 49.396208 0.000000 0.000000 0.000000
3.969445 -68.468890 47.500189 0.000000 0.000000 0.000000
6.699135 -68.486146 45.297640 0.000000 0.000000 0.000000
5.356622 -68.463568 43.827565 0.000000 0.000000 0.000000
5.178707 -68.509448 42.692513 0.000000 0.000000 0.000000
4.091631 -68.467706 40.777386 0.000000 0.000000 0.000000
5.431603 -68.427220 38.334239 0.000000 0.000000 0.000000
6.908941 -68.460080 36.458771 0.000000 0.000000 0.000000
5.906950 -68.526886 34.351928 0.000000 0.000000 0.000000
4.151479 -68.508228 33.718608 0.000000 0.000000 0.000000
5.988708 -68.534034 31.406536 0.000000 0.000000 0.000000
3.755929 -68.534766 29.881803 0.000000 0.000000 0.000000
5.057844 -68.536634 27.552426 0.000000 0.000000 0.000000
4.549485 -69.140632 109.511422 0.000000 0.000000 0.000000
5.662433 -69.115472 108.574838 0.000000 0.000000 0.000000
6.303233 -69.029820 106.685772 0.000000 0.000000 0.000000
4.806333 -68.991296 105.623446 0.000000 0.000000 0.000000
3.796903 -68.939620 103.519810 0.000000 0.000000 0.000000
6.456362 -68.934736 101.677686 0.000000 0.000000 0.000000
4.006185 -68.902088 99.775956 0.000000 0.000000 0.000000
6.123920 -68.905554 98.212166 0.000000 0.000000 0.000000
4.749932 -68.856820 96.107521 0.000000 0.000000 0.000000
6.107362 -68.856980 95.152591 0.000000 0.000000 0.000000
4.665132 -68.812684 92.662492 0.000000 0.000000 0.000000
6.915221 -68.786132 90.900501 0.000000 0.000000 0.000000
5.874006 -68.698932 89.815170 0.000000 0.000000 0.000000
3.609467 -68.693360 88.085807 0.000000 0.000000 0.000000
4.005558 -68.704120 86.382988 0.000000 0.000000 0.000000
6.641219 -68.609668 84.229368 0.000000 0.000000 0.000000
5.912723 -68.765748 25.887755 0.000000 0.000000 0.000000
4.890717 -68.767614 24.837146 0.000000 0.000000 0.000000
5.212682 -68.833606 23.147340 0.000000 0.000000 0.000000
5.391170 -68.858912 20.282366 0.000000 0.000000 0.000000
6.604369 -68.856324 18.514595 0.000000 0.000000 0.000000
3.622664 -68.928296 16.890264 0.000000 0.000000 0.000000
6.703569 -68.954956 15.794112 0.000000 0.000000 0.000000
5.620142 -69.009420 13.689129 0.000000 0.000000 0.000000
5.416872 -69.042492 12.947608 0.000000 0.000000 0.000000
3.874670 -69.097088 10.456983 0.000000 0.000000 0.000000
3.696820 -69.146280 8.823986 0.000000 0.000000 0.000000
6.428503 -68.811260 81.592155 0.000000 0.000000 0.000000
6.567830 -68.747480 80.530969 0.000000 0.000000 0.000000
6.861419 -68.755756 78.829488 0.000000 0.000000 0.000000
6.562434 -68.750920 76.708118 0.000000 0.000000 0.000000
6.103816 -68.689472 75.256057 0.000000 0.000000 0.000000
4.596744 -68.663836 73.449207 0.000000 0.000000 0.000000
3.915975 -68.684560 72.264177 0.000000 0.000000 0.000000
5.590799 -68.670428 70.507973 0.000000 0.000000 0.000000
4.975101 -68.638990 68.408834 0.000000 0.000000 0.000000
6.336333 -68.646984 66.184898 0.000000 0.000000 0.000000
3.813934 -68.636286 64.557082 0.000000 0.000000 0.000000
4.328340 -68.657940 62.803152 0.000000 0.000000 0.000000
4.776821 -68.665060 60.765018 0.000000 0.000000 0.000000
5.238566 -68.684924 59.807294 0.000000 0.000000 0.000000
5.584541 -68.686004 57.926095 0.000000 0.000000 0.000000
3.576493 -68.689840 56.131428 0.000000 0.000000 0.000000
5.308487 -70.403960 129.483512 0.000000 0.000000 0.000000
5.875986 -70.128704 127.887829 0.000000 0.000000 0.000000
5.667916 -70.171300 125.312440 0.000000 0.000000 0.000000
5.119222 -69.948620 123.660098 0.000000 0.000000 0.000000
6.464964 -69.701948 122.662106 0.000000 0.000000 0.000000
4.211481 -69.572614 121.237361 0.000000 0.000000 0.000000
5.618050 -69.533172 118.352920 0.000000 0.000000 0.000000
4.508541 -69.504412 117.342939 0.000000 0.000000 0.000000
5.442287 -69.471800 116.043486 0.000000 0.000000 0.000000
4.351260 -69.419636 113.901730 0.000000 0.000000 0.000000
5.234704 -69.353888 111.669888 0.000000 0.000000 0.000000
20.125000 -56.746988 168.000000 0.000000 0.000000 0.000000
21.875000 -55.789032 171.500000 0.000000 0.000000 0.000000
25.375000 -53.256601 182.000000 0.000000 0.000000 0.000000
28.875000 -50.631193 192.500000 0.000000 0.000000 0.000000
32.375000 -48.167746 203.000000 0.000000 0.000000 0.000000
35.875000 -45.641560 213.500000 0.000000 0.000000 0.000000
37.625000 -44.657645 217.000000 0.000000 0.000000 0.000000
39.375000 -43.913795 220.500000 0.000000 0.000000 0.000000
# Line 2: n=33 a=(0.155,-71.684,130.516) b=(0.094,0.124,-0.988) start=(-2.147,-74.699,154.577) end=(3.292,-67.577,97.727)
# x y z globalTime peakAmplitude integratedCharge
1.615236 -69.113226 110.263678 0.000000 0.000000 0.000000
3.230083 -68.969480 103.663034 0.000000 0.000000 0.000000
2.555236 -68.879560 101.217613 0.000000 0.000000 0.000000
2.269445 -68.881464 97.465760 0.000000 0.000000 0.000000
-2.086735 -75.403314 154.494547 0.000000 0.000000 0.000000
-3.011479 -75.050400 152.901742 0.000000 0.000000 0.000000
-3.316847 -74.578010 151.026363 0.000000 0.000000 0.000000
-2.012181 -74.223004 148.960007 0.000000 0.000000 0.000000
-3.346289 -73.932666 146.483286 0.000000 0.000000 0.000000
-1.986171 -73.578834 145.398346 0.000000 0.000000 0.000000
-3.402415 -73.354150 143.531407 0.000000 0.000000 0.000000
0.657358 -73.298530 143.326822 0.000000 0.000000 0.000000
-3.282400 -73.110620 141.282446 0.000000 0.000000 0.000000
-1.058523 -72.850300 139.873907 0.000000 0.000000 0.000000
2.708603 -72.799610 139.648209 0.000000 0.000000 0.000000
0.178499 -72.735500 138.674912 0.000000 0.000000 0.000000
-1.370968 -72.839466 137.514923 0.000000 0.000000 0.000000
1.740418 -72.438074 137.153439 0.000000 0.000000 0.000000
0.517833 -72.187976 134.834383 0.000000 0.000000 0.000000
0.401293 -71.891534 132.316213 0.000000 0.000000 0.000000
2.487871 -71.596166 130.641855 0.000000 0.000000 0.000000
0.866409 -71.247632 129.968531 0.000000 0.000000 0.000000
2.662936 -70.910864 128.449724 0.000000 0.000000 0.000000
3.291391 -70.564520 126.003607 0.000000 0.000000 0.000000
0.234282 -70.208380 124.345030 0.000000 0.000000 0.000000
1.048849 -69.861084 122.324835 0.000000 0.000000 0.000000
1.004402 -69.624152 121.471186 0.000000 0.000000 0.000000
1.487857 -69.600806 119.243938 0.000000 0.000000 0.000000
0.145141 -69.505792 117.278391 0.000000 0.000000 0.000000
0.259742 -69.507984 114.849212 0.000000 0.000000 0.000000
0.318828 -69.473352 111.377987 0.000000 0.000000 0.000000
0.214412 -68.996832 105.571466 0.000000 0.000000 0.000000
2.837751 -73.077704 142.435878 0.000000 0.000000 0.000000
