# Event 3998
# Params: dx_requested=3.481011 dx_event(vote)=3.481011 rline(inlier)=3.481011 minvotes=4 nstart=2 cover=0.800 nlines=4
# HoughMemory: requested_MB=80.062 allocated_MB=80.062 num_x=128 directions=1281 coarsened=0 maxmem_MB=0.000
# N0=72 assigned=72 remaining_after_force=0
# Line 1: n=43 a=(0.440,-70.176,43.074) b=(0.080,0.053,-0.995) start=(-2.112,-71.853,74.743) end=(3.243,-68.334,8.284)
# x y z globalTime peakAmplitude integratedCharge
-0.833801 -70.483044 54.925816 0.000000 0.000000 0.000000
1.923394 -70.228924 53.195720 0.000000 0.000000 0.000000
-2.580305 -70.278124 52.619384 0.000000 0.000000 0.000000
0.358028 -70.081400 51.342415 0.000000 0.000000 0.000000
3.083722 -69.884424 49.283148 0.000000 0.000000 0.000000
-2.437231 -69.906304 48.904612 0.000000 0.000000 0.000000
2.218947 -69.705926 47.713834 0.000000 0.000000 0.000000
2.051884 -69.557916 45.942606 0.000000 0.000000 0.000000
2.054943 -69.368494 43.070802 0.000000 0.000000 0.000000
2.339241 -69.213860 41.492564 0.000000 0.000000 0.000000
2.154767 -69.048520 40.380801 0.000000 0.000000 0.000000
2.417796 -68.906988 37.968711 0.000000 0.000000 0.000000
1.278312 -68.851092 37.318549 0.000000 0.000000 0.000000
2.016136 -68.947560 34.293496 0.000000 0.000000 0.000000
2.326219 -68.905566 33.524451 0.000000 0.000000 0.000000
0.452281 -68.931884 30.953406 0.000000 0.000000 0.000000
1.827048 -68.968480 29.295419 0.000000 0.000000 0.000000
1.975387 -69.000550 28.291315 0.000000 0.000000 0.000000
1.544124 -69.180620 26.590688 0.000000 0.000000 0.000000
1.154383 -69.226404 23.864794 0.000000 0.000000 0.000000
1.951717 -69.282574 23.402128 0.000000 0.000000 0.000000
2.766322 -69.302966 21.585371 0.000000 0.000000 0.000000
0.112298 -69.338514 19.313059 0.000000 0.000000 0.000000
1.847431 -69.372736 17.278970 0.000000 0.000000 0.000000
2.522639 -69.406524 16.347833 0.000000 0.000000 0.000000
1.866725 -69.452300 13.747114 0.000000 0.000000 0.000000
2.806024 -69.470734 12.604750 0.000000 0.000000 0.000000
2.429560 -69.567328 10.616797 0.000000 0.000000 0.000000
2.746429 -69.557452 8.179439 0.000000 0.000000 0.000000
-0.389205 -72.853552 74.828380 0.000000 0.000000 0.000000
-0.620253 -72.622986 72.946278 0.000000 0.000000 0.000000
-3.300212 -72.418066 71.038338 0.000000 0.000000 0.000000
-3.883444 -72.193444 70.209845 0.000000 0.000000 0.000000
-3.137911 -72.251056 69.924120 0.000000 0.000000 0.000000
-0.381715 -72.039124 67.823560 0.000000 0.000000 0.000000
-1.486742 -71.854346 66.757819 0.000000 0.000000 0.000000
-2.123058 -71.717280 64.223855 0.000000 0.000000 0.000000
-3.317860 -71.544080 62.766633 0.000000 0.000000 0.000000
-1.059773 -71.377008 61.082018 0.000000 0.000000 0.000000
-1.573059 -71.205560 59.615022 0.000000 0.000000 0.000000
-2.505398 -71.038934 57.395305 0.000000 0.000000 0.000000
-2.136749 -70.852276 56.468251 0.000000 0.000000 0.000000
-3.041341 -70.092590 50.429689 0.000000 0.000000 0.000000
# Line 2: n=12 a=(-5.453,-73.891,81.220) b=(0.047,-0.174,0.984) start=(-5.934,-72.105,71.111) end=(-5.011,-75.537,90.531)
# x y z globalTime peakAmplitude integratedCharge
-4.632568 -76.077906 90.417763 0.000000 0.000000 0.000000
-4.692638 -75.442960 89.151982 0.000000 0.000000 0.000000
-5.707187 -74.920746 86.871242 0.000000 0.000000 0.000000
-4.922443 -74.440046 86.152380 0.000000 0.000000 0.000000
-4.932719 -74.031116 83.598774 0.000000 0.000000 0.000000
-6.707879 -73.840070 82.468581 0.000000 0.000000 0.000000
-5.606769 -73.576586 80.083843 0.000000 0.000000 0.000000
-4.563942 -73.344184 78.691369 0.000000 0.000000 0.000000
-6.913711 -73.107086 77.564690 0.000000 0.000000 0.000000
-6.134882 -72.853308 75.801308 0.000000 0.000000 0.000000
-4.455136 -72.597180 72.773287 0.000000 0.000000 0.000000
-6.171986 -72.465728 71.059097 0.000000 0.000000 0.000000
# Line 3: n=17 a=(34.949,-50.466,163.471) b=(0.260,0.136,0.956) start=(16.179,-60.242,94.592) end=(50.561,-42.333,220.764)
# x y z globalTime peakAmplitude integratedCharge
16.625000 -60.449920 94.500000 0.000000 0.000000 0.000000
20.125000 -58.039517 112.000000 0.000000 0.000000 0.000000
21.875000 -57.293052 115.500000 0.000000 0.000000 0.000000
23.625000 -56.352084 122.500000 0.000000 0.000000 0.000000
25.375000 -55.544440 126.000000 0.000000 0.000000 0.000000
25.375000 -55.384490 129.500000 0.000000 0.000000 0.000000
27.125000 -54.570294 133.000000 0.000000 0.000000 0.000000
32.375000 -51.702038 154.000000 0.000000 0.000000 0.000000
34.125000 -50.643524 161.000000 0.000000 0.000000 0.000000
35.875000 -49.741692 168.000000 0.000000 0.000000 0.000000
42.875000 -46.118354 192.500000 0.000000 0.000000 0.000000
44.625000 -45.279858 199.500000 0.000000 0.000000 0.000000
46.375000 -44.408302 206.500000 0.000000 0.000000 0.000000
48.125000 -43.680220 210.000000 0.000000 0.000000 0.000000
48.125000 -43.546976 213.500000 0.000000 0.000000 0.000000
49.875000 -42.644000 220.500000 0.000000 0.000000 0.000000
51.625000 -42.518579 220.500000 0.000000 0.000000 0.000000
