# Event 4805
# Params: dx_requested=3.730725 dx_event(vote)=3.730725 rline(inlier)=3.730725 minvotes=4 nstart=2 cover=0.800 nlines=4
# HoughMemory: requested_MB=80.062 allocated_MB=80.062 num_x=128 directions=1281 coarsened=0 maxmem_MB=0.000
# N0=129 assigned=129 remaining_after_force=0
# Line 1: n=71 a=(1.819,-64.965,45.477) b=(0.071,0.053,0.996) start=(-0.784,-66.927,8.733) end=(5.574,-62.136,98.479)
# x y z globalTime peakAmplitude integratedCharge
1.372409 -64.952192 54.458111 0.000000 0.000000 0.000000
0.554649 -64.983710 52.118391 0.000000 0.000000 0.000000
-0.071976 -64.935730 51.802939 0.000000 0.000000 0.000000
2.083398 -65.054566 51.140110 0.000000 0.000000 0.000000
2.479066 -65.077496 49.049562 0.000000 0.000000 0.000000
-0.556675 -65.076008 49.385831 0.000000 0.000000 0.000000
1.453884 -65.151080 47.145460 0.000000 0.000000 0.000000
3.002856 -65.232680 45.910598 0.000000 0.000000 0.000000
3.043745 -65.301934 43.011280 0.000000 0.000000 0.000000
-0.302357 -65.240948 43.358136 0.000000 0.000000 0.000000
3.208056 -65.294934 41.463420 0.000000 0.000000 0.000000
2.553087 -65.374880 40.966779 0.000000 0.000000 0.000000
0.807038 -65.344152 38.576430 0.000000 0.000000 0.000000
2.774327 -65.428580 36.882023 0.000000 0.000000 0.000000
1.162783 -65.499810 34.812497 0.000000 0.000000 0.000000
-0.093947 -65.430640 35.340515 0.000000 0.000000 0.000000
1.994729 -65.565350 32.710735 0.000000 0.000000 0.000000
-1.240785 -65.529944 33.327332 0.000000 0.000000 0.000000
1.098735 -65.606030 32.076760 0.000000 0.000000 0.000000
-0.784321 -65.531568 31.650383 0.000000 0.000000 0.000000
2.004046 -65.678088 30.430212 0.000000 0.000000 0.000000
-0.966610 -65.411800 29.492485 0.000000 0.000000 0.000000
0.677044 -65.696472 28.350479 0.000000 0.000000 0.000000
-1.228039 -65.525756 27.813573 0.000000 0.000000 0.000000
5.131345 -62.191888 87.623789 0.000000 0.000000 0.000000
6.304046 -62.296588 85.013022 0.000000 0.000000 0.000000
3.554946 -62.432714 83.948764 0.000000 0.000000 0.000000
1.756717 -65.986920 26.641458 0.000000 0.000000 0.000000
-0.666367 -65.926916 24.482085 0.000000 0.000000 0.000000
0.637517 -66.044250 25.218368 0.000000 0.000000 0.000000
-0.270283 -65.942492 22.858766 0.000000 0.000000 0.000000
2.558813 -66.147492 22.757899 0.000000 0.000000 0.000000
-0.462752 -66.132148 21.593806 0.000000 0.000000 0.000000
2.911685 -66.215080 20.640905 0.000000 0.000000 0.000000
0.807361 -66.296540 18.946074 0.000000 0.000000 0.000000
-1.439646 -66.099096 18.112543 0.000000 0.000000 0.000000
1.402368 -66.368696 17.816894 0.000000 0.000000 0.000000
-2.925211 -66.213666 15.290096 0.000000 0.000000 0.000000
1.336655 -66.450476 15.123198 0.000000 0.000000 0.000000
-0.379324 -66.283520 14.259922 0.000000 0.000000 0.000000
1.506874 -66.535280 13.607625 0.000000 0.000000 0.000000
-1.479307 -66.824366 12.627873 0.000000 0.000000 0.000000
2.380717 -66.669348 11.613571 0.000000 0.000000 0.000000
-2.272119 -66.516660 10.841887 0.000000 0.000000 0.000000
1.864314 -66.773328 9.873539 0.000000 0.000000 0.000000
-3.366496 -66.714666 8.904485 0.000000 0.000000 0.000000
2.789079 -66.891950 9.040059 0.000000 0.000000 0.000000
5.168584 -62.785660 82.886718 0.000000 0.000000 0.000000
2.280517 -62.957380 79.888851 0.000000 0.000000 0.000000
4.040899 -62.900840 79.761686 0.000000 0.000000 0.000000
6.390000 -63.064196 78.319148 0.000000 0.000000 0.000000
1.690023 -63.297500 76.931044 0.000000 0.000000 0.000000
6.139333 -63.245374 76.268750 0.000000 0.000000 0.000000
1.850990 -63.485644 75.746649 0.000000 0.000000 0.000000
5.683011 -63.388276 74.656394 0.000000 0.000000 0.000000
4.768615 -63.550830 73.838379 0.000000 0.000000 0.000000
1.610295 -63.822534 71.064515 0.000000 0.000000 0.000000
1.533512 -64.206240 67.749585 0.000000 0.000000 0.000000
0.983513 -64.408124 66.758061 0.000000 0.000000 0.000000
2.887883 -64.851324 63.621565 0.000000 0.000000 0.000000
1.714927 -64.958136 60.528738 0.000000 0.000000 0.000000
1.175313 -65.064904 59.637583 0.000000 0.000000 0.000000
2.274015 -65.098072 58.005353 0.000000 0.000000 0.000000
0.376912 -65.140728 56.161504 0.000000 0.000000 0.000000
7.884720 -61.332180 98.272171 0.000000 0.000000 0.000000
8.208173 -61.479224 96.171132 0.000000 0.000000 0.000000
8.501896 -61.771430 92.553123 0.000000 0.000000 0.000000
9.988011 -61.617320 93.928064 0.000000 0.000000 0.000000
9.834928 -61.901980 91.015795 0.000000 0.000000 0.000000
9.704885 -62.057568 89.163689 0.000000 0.000000 0.000000
9.889394 -62.155200 88.102362 0.000000 0.000000 0.000000
# Line 2: n=34 a=(-48.125,-76.621,144.308) b=(0.525,0.120,-0.842) start=(-96.144,-87.569,221.310) end=(-1.340,-65.954,69.284)
# x y z globalTime peakAmplitude integratedCharge
-77.875000 -83.899502 192.500000 0.000000 0.000000 0.000000
-76.125000 -83.295285 189.000000 0.000000 0.000000 0.000000
-72.625000 -82.239548 182.000000 0.000000 0.000000 0.000000
-69.125000 -81.413136 178.500000 0.000000 0.000000 0.000000
-65.625000 -80.588852 171.500000 0.000000 0.000000 0.000000
-65.625000 -80.651996 175.000000 0.000000 0.000000 0.000000
-63.875000 -80.055133 168.000000 0.000000 0.000000 0.000000
-62.125000 -79.881828 168.000000 0.000000 0.000000 0.000000
-60.375000 -79.250901 164.500000 0.000000 0.000000 0.000000
-58.625000 -78.948780 161.000000 0.000000 0.000000 0.000000
-56.875000 -78.353637 157.500000 0.000000 0.000000 0.000000
-55.125000 -77.936844 154.000000 0.000000 0.000000 0.000000
-49.875000 -76.832980 147.000000 0.000000 0.000000 0.000000
-48.125000 -76.506942 143.500000 0.000000 0.000000 0.000000
-42.875000 -75.259369 136.500000 0.000000 0.000000 0.000000
-41.125000 -74.844915 133.000000 0.000000 0.000000 0.000000
-39.375000 -74.686690 133.000000 0.000000 0.000000 0.000000
-37.625000 -74.151910 126.000000 0.000000 0.000000 0.000000
-32.375000 -72.893872 119.000000 0.000000 0.000000 0.000000
-30.625000 -72.638124 115.500000 0.000000 0.000000 0.000000
-30.625000 -72.785747 119.000000 0.000000 0.000000 0.000000
-28.875000 -72.167111 112.000000 0.000000 0.000000 0.000000
-27.125000 -72.089688 112.000000 0.000000 0.000000 0.000000
-21.875000 -70.689268 101.500000 0.000000 0.000000 0.000000
-20.125000 -70.308218 98.000000 0.000000 0.000000 0.000000
-16.625000 -69.776545 94.500000 0.000000 0.000000 0.000000
-97.125000 -88.964346 220.500000 0.000000 0.000000 0.000000
-95.375000 -88.895236 220.500000 0.000000 0.000000 0.000000
-93.625000 -88.359287 217.000000 0.000000 0.000000 0.000000
-90.125000 -87.508661 213.500000 0.000000 0.000000 0.000000
-86.625000 -86.351025 206.500000 0.000000 0.000000 0.000000
-84.875000 -85.741727 203.000000 0.000000 0.000000 0.000000
-83.125000 -85.213343 199.500000 0.000000 0.000000 0.000000
-3.292306 -65.148940 68.180541 0.000000 0.000000 0.000000
# Line 3: n=24 a=(-1.727,-64.706,55.822) b=(0.048,0.050,0.998) start=(-3.516,-66.550,18.732) end=(-0.595,-63.539,79.284)
# x y z globalTime peakAmplitude integratedCharge
-2.720073 -64.955580 54.343543 0.000000 0.000000 0.000000
-2.704207 -65.029828 50.699550 0.000000 0.000000 0.000000
-2.044229 -65.011932 46.555818 0.000000 0.000000 0.000000
-2.546561 -65.168976 44.938337 0.000000 0.000000 0.000000
-2.453185 -65.324960 42.148174 0.000000 0.000000 0.000000
-2.256850 -65.238128 40.696677 0.000000 0.000000 0.000000
-1.824352 -65.293524 38.893107 0.000000 0.000000 0.000000
-3.224489 -65.393872 36.383679 0.000000 0.000000 0.000000
-2.567986 -65.979468 25.514232 0.000000 0.000000 0.000000
-3.131151 -66.197344 18.695926 0.000000 0.000000 0.000000
0.815497 -62.869306 79.183128 0.000000 0.000000 0.000000
-1.890332 -61.937408 76.410347 0.000000 0.000000 0.000000
-1.227581 -62.685960 75.382571 0.000000 0.000000 0.000000
0.221150 -63.581620 74.142192 0.000000 0.000000 0.000000
-2.355339 -64.605160 70.742488 0.000000 0.000000 0.000000
0.359437 -64.012640 69.797948 0.000000 0.000000 0.000000
-2.034319 -65.209180 66.912251 0.000000 0.000000 0.000000
-0.492680 -64.913836 64.792515 0.000000 0.000000 0.000000
0.107725 -64.594420 64.893856 0.000000 0.000000 0.000000
-1.247947 -64.922290 63.649806 0.000000 0.000000 0.000000
-0.598889 -64.904516 61.828782 0.000000 0.000000 0.000000
-2.642530 -64.991796 59.486359 0.000000 0.000000 0.000000
-3.042586 -65.065160 58.341420 0.000000 0.000000 0.000000
-1.946719 -65.045228 55.291935 0.000000 0.000000 0.000000
