# Event 3927
# Params: dx_requested=3.302264 dx_event(vote)=3.302264 rline(inlier)=3.302264 minvotes=4 nstart=2 cover=0.800 nlines=4
# HoughMemory: requested_MB=80.062 allocated_MB=80.062 num_x=128 directions=1281 coarsened=0 maxmem_MB=0.000
# N0=89 assigned=89 remaining_after_force=0
# Line 1: n=54 a=(-6.247,-68.935,34.935) b=(0.048,0.040,0.998) start=(-7.522,-70.011,8.244) end=(-4.663,-67.597,68.093)
# x y z globalTime peakAmplitude integratedCharge
-4.485902 -67.687366 53.657426 0.000000 0.000000 0.000000
-4.412759 -67.688708 52.826000 0.000000 0.000000 0.000000
-4.036270 -67.747820 50.903765 0.000000 0.000000 0.000000
-3.689809 -67.881080 48.459262 0.000000 0.000000 0.000000
-6.164233 -67.962320 47.559968 0.000000 0.000000 0.000000
-6.200048 -68.125460 46.056589 0.000000 0.000000 0.000000
-4.561148 -68.200336 44.308784 0.000000 0.000000 0.000000
-4.144605 -68.273320 42.420489 0.000000 0.000000 0.000000
-5.237066 -68.378040 40.520754 0.000000 0.000000 0.000000
-5.511219 -68.499140 38.366045 0.000000 0.000000 0.000000
-3.901263 -68.626452 36.716597 0.000000 0.000000 0.000000
-5.296010 -68.778192 34.709111 0.000000 0.000000 0.000000
-4.909368 -68.847546 33.004198 0.000000 0.000000 0.000000
-5.750988 -68.977930 32.016891 0.000000 0.000000 0.000000
-4.630419 -69.073670 29.367315 0.000000 0.000000 0.000000
-3.759614 -69.189460 28.089142 0.000000 0.000000 0.000000
-4.756256 -69.407780 25.519166 0.000000 0.000000 0.000000
-6.596363 -69.486884 24.337423 0.000000 0.000000 0.000000
-5.358581 -69.533886 22.880551 0.000000 0.000000 0.000000
-5.561102 -69.582288 20.820816 0.000000 0.000000 0.000000
-6.639255 -69.599560 18.864063 0.000000 0.000000 0.000000
-6.361846 -69.672888 15.308092 0.000000 0.000000 0.000000
-5.134648 -69.764340 14.640121 0.000000 0.000000 0.000000
-6.095974 -69.855660 10.760347 0.000000 0.000000 0.000000
-4.674440 -69.934234 8.105325 0.000000 0.000000 0.000000
-5.094250 -68.215296 68.138479 0.000000 0.000000 0.000000
-4.996270 -68.093140 66.276957 0.000000 0.000000 0.000000
-4.780950 -68.161248 65.295241 0.000000 0.000000 0.000000
-6.865458 -68.139360 63.711529 0.000000 0.000000 0.000000
-6.459618 -68.086530 61.964456 0.000000 0.000000 0.000000
-4.208506 -68.052440 60.184165 0.000000 0.000000 0.000000
-3.619261 -67.981890 57.472983 0.000000 0.000000 0.000000
-4.059561 -67.931920 55.598929 0.000000 0.000000 0.000000
-7.756406 -68.777920 43.438998 0.000000 0.000000 0.000000
-7.326486 -68.885840 41.325118 0.000000 0.000000 0.000000
-8.320278 -68.936328 40.950806 0.000000 0.000000 0.000000
-7.559248 -68.976684 38.703828 0.000000 0.000000 0.000000
-8.326330 -68.980316 36.864319 0.000000 0.000000 0.000000
-8.202641 -69.153150 34.253416 0.000000 0.000000 0.000000
-7.507056 -69.186664 33.880109 0.000000 0.000000 0.000000
-9.116523 -69.355760 29.712496 0.000000 0.000000 0.000000
-9.445193 -69.435724 27.452778 0.000000 0.000000 0.000000
-9.177161 -69.528466 26.507976 0.000000 0.000000 0.000000
-7.310251 -69.539920 25.208395 0.000000 0.000000 0.000000
-8.329325 -69.649426 20.397554 0.000000 0.000000 0.000000
-8.515453 -69.659500 19.081968 0.000000 0.000000 0.000000
-7.952229 -69.710080 17.459447 0.000000 0.000000 0.000000
-7.772409 -69.798266 16.413215 0.000000 0.000000 0.000000
-10.239135 -69.810520 14.320824 0.000000 0.000000 0.000000
-8.862636 -69.843854 12.159858 0.000000 0.000000 0.000000
-7.397169 -69.938404 11.147789 0.000000 0.000000 0.000000
-7.768773 -70.000910 8.483537 0.000000 0.000000 0.000000
-9.847418 -69.211334 31.703657 0.000000 0.000000 0.000000
-10.300515 -69.587470 22.098263 0.000000 0.000000 0.000000
# Line 2: n=35 a=(-22.948,-74.094,147.565) b=(0.144,0.039,-0.989) start=(-33.115,-76.825,217.176) end=(-3.240,-68.801,12.636)
# x y z globalTime peakAmplitude integratedCharge
-32.375000 -76.928633 206.500000 0.000000 0.000000 0.000000
-32.375000 -77.014272 210.000000 0.000000 0.000000 0.000000
-30.625000 -76.094809 196.000000 0.000000 0.000000 0.000000
-28.875000 -75.356916 178.500000 0.000000 0.000000 0.000000
-28.875000 -75.328803 182.000000 0.000000 0.000000 0.000000
-28.875000 -75.454221 185.500000 0.000000 0.000000 0.000000
-27.125000 -75.043844 175.000000 0.000000 0.000000 0.000000
-27.125000 -75.168344 182.000000 0.000000 0.000000 0.000000
-25.375000 -74.622215 164.500000 0.000000 0.000000 0.000000
-25.375000 -74.736684 168.000000 0.000000 0.000000 0.000000
-25.375000 -74.743020 171.500000 0.000000 0.000000 0.000000
-23.625000 -74.234720 150.500000 0.000000 0.000000 0.000000
-23.625000 -74.356438 154.000000 0.000000 0.000000 0.000000
-23.625000 -74.248742 157.500000 0.000000 0.000000 0.000000
-23.625000 -74.351568 161.000000 0.000000 0.000000 0.000000
-21.875000 -73.799055 136.500000 0.000000 0.000000 0.000000
-21.875000 -73.868385 140.000000 0.000000 0.000000 0.000000
-21.875000 -73.872045 143.500000 0.000000 0.000000 0.000000
-21.875000 -73.851157 147.000000 0.000000 0.000000 0.000000
-20.125000 -73.461982 126.000000 0.000000 0.000000 0.000000
-20.125000 -73.508851 129.500000 0.000000 0.000000 0.000000
-20.125000 -73.496164 133.000000 0.000000 0.000000 0.000000
-18.375000 -72.901459 112.000000 0.000000 0.000000 0.000000
-18.375000 -72.969983 115.500000 0.000000 0.000000 0.000000
-18.375000 -72.914621 119.000000 0.000000 0.000000 0.000000
-18.375000 -73.001577 122.500000 0.000000 0.000000 0.000000
-16.625000 -72.286144 94.500000 0.000000 0.000000 0.000000
-16.625000 -72.346521 98.000000 0.000000 0.000000 0.000000
-16.625000 -72.292288 101.500000 0.000000 0.000000 0.000000
-16.625000 -72.260324 105.000000 0.000000 0.000000 0.000000
-16.625000 -72.411758 108.500000 0.000000 0.000000 0.000000
-34.125000 -77.468777 213.500000 0.000000 0.000000 0.000000
-34.125000 -77.555923 217.000000 0.000000 0.000000 0.000000
-3.591428 -69.690992 17.643326 0.000000 0.000000 0.000000
-3.606628 -69.758496 12.544719 0.000000 0.000000 0.000000
