# Event 250
# Params: dx_requested=3.622293 dx_event(vote)=3.622293 rline(inlier)=3.622293 minvotes=4 nstart=2 cover=0.800 nlines=4
# HoughMemory: requested_MB=80.062 allocated_MB=80.062 num_x=128 directions=1281 coarsened=0 maxmem_MB=0.000
# N0=103 assigned=103 remaining_after_force=0
# Line 1: n=69 a=(-2.252,-75.896,42.721) b=(0.079,-0.012,-0.997) start=(-5.953,-75.315,89.532) end=(0.398,-76.313,9.209)
# x y z globalTime peakAmplitude integratedCharge
-2.475509 -75.198114 54.433140 0.000000 0.000000 0.000000
-1.095580 -75.101624 52.142422 0.000000 0.000000 0.000000
-2.779640 -75.037806 50.062316 0.000000 0.000000 0.000000
-1.889123 -74.984740 49.371773 0.000000 0.000000 0.000000
-2.928753 -74.915784 47.398218 0.000000 0.000000 0.000000
-2.391047 -74.938294 44.866751 0.000000 0.000000 0.000000
-1.232881 -74.987372 43.497716 0.000000 0.000000 0.000000
-1.023026 -75.004820 42.506139 0.000000 0.000000 0.000000
-0.740893 -75.086600 40.583116 0.000000 0.000000 0.000000
-2.606803 -75.130346 38.438924 0.000000 0.000000 0.000000
-1.944284 -75.177264 37.325220 0.000000 0.000000 0.000000
-3.346198 -75.261220 34.989568 0.000000 0.000000 0.000000
-3.015499 -75.288848 32.576592 0.000000 0.000000 0.000000
-2.047315 -75.408136 31.906714 0.000000 0.000000 0.000000
-0.244076 -75.501990 30.369446 0.000000 0.000000 0.000000
-0.518215 -75.579010 27.661729 0.000000 0.000000 0.000000
-2.593212 -75.837164 26.097420 0.000000 0.000000 0.000000
-1.621521 -75.832320 24.783103 0.000000 0.000000 0.000000
0.785937 -76.625100 24.573709 0.000000 0.000000 0.000000
-2.412533 -75.968780 23.343688 0.000000 0.000000 0.000000
1.431000 -76.781336 22.679995 0.000000 0.000000 0.000000
-1.641401 -76.078948 21.596600 0.000000 0.000000 0.000000
2.128688 -77.017140 21.645879 0.000000 0.000000 0.000000
-3.057077 -76.166516 19.566683 0.000000 0.000000 0.000000
-1.759197 -76.228576 18.106371 0.000000 0.000000 0.000000
2.112317 -77.175348 17.195717 0.000000 0.000000 0.000000
-0.748528 -76.354126 15.131630 0.000000 0.000000 0.000000
0.648285 -77.028076 16.056651 0.000000 0.000000 0.000000
-0.544062 -76.467700 14.089622 0.000000 0.000000 0.000000
2.035520 -77.094166 13.278149 0.000000 0.000000 0.000000
-1.801282 -76.584686 11.727116 0.000000 0.000000 0.000000
1.303639 -77.007620 12.513847 0.000000 0.000000 0.000000
0.103715 -77.863604 11.046533 0.000000 0.000000 0.000000
-2.033208 -76.843286 9.084298 0.000000 0.000000 0.000000
-4.914453 -76.359674 79.419051 0.000000 0.000000 0.000000
-5.159419 -76.269660 76.531491 0.000000 0.000000 0.000000
-6.338047 -76.195532 74.938617 0.000000 0.000000 0.000000
-4.961779 -76.082140 73.515260 0.000000 0.000000 0.000000
-4.661148 -75.985456 71.780704 0.000000 0.000000 0.000000
-4.828848 -75.937548 70.608273 0.000000 0.000000 0.000000
-5.963015 -75.867584 67.718309 0.000000 0.000000 0.000000
-3.985949 -75.801850 65.823071 0.000000 0.000000 0.000000
-2.620288 -75.724940 65.147521 0.000000 0.000000 0.000000
-4.814447 -75.694800 62.817592 0.000000 0.000000 0.000000
-1.329698 -75.746630 63.658383 0.000000 0.000000 0.000000
-5.540858 -75.620068 60.793851 0.000000 0.000000 0.000000
-0.964572 -75.623572 60.510357 0.000000 0.000000 0.000000
-4.041350 -75.538324 58.855540 0.000000 0.000000 0.000000
-3.391315 -75.600800 59.031654 0.000000 0.000000 0.000000
-4.740131 -75.490210 58.161637 0.000000 0.000000 0.000000
-2.163783 -75.521264 57.969722 0.000000 0.000000 0.000000
-4.098369 -75.447730 55.746110 0.000000 0.000000 0.000000
-1.293116 -75.454932 55.468658 0.000000 0.000000 0.000000
-7.835270 -76.891060 87.780428 0.000000 0.000000 0.000000
-2.929183 -76.685450 10.976183 0.000000 0.000000 0.000000
0.609735 -78.297834 9.250748 0.000000 0.000000 0.000000
-6.750462 -75.752814 64.527801 0.000000 0.000000 0.000000
-8.882152 -76.957120 89.320875 0.000000 0.000000 0.000000
-9.620080 -76.871900 85.613695 0.000000 0.000000 0.000000
-8.540223 -76.785080 83.778636 0.000000 0.000000 0.000000
-8.409346 -76.648328 81.719015 0.000000 0.000000 0.000000
-8.805066 -76.555848 80.075242 0.000000 0.000000 0.000000
-8.559263 -76.474164 78.940763 0.000000 0.000000 0.000000
-8.487456 -76.382904 77.660094 0.000000 0.000000 0.000000
-8.184576 -76.260444 75.273028 0.000000 0.000000 0.000000
-7.383546 -76.184924 73.595142 0.000000 0.000000 0.000000
-10.313667 -76.102980 71.064852 0.000000 0.000000 0.000000
-9.529583 -76.094000 69.758890 0.000000 0.000000 0.000000
-7.413023 -76.015120 67.719051 0.000000 0.000000 0.000000
# Line 2: n=34 a=(48.496,-61.014,153.152) b=(0.414,0.110,0.904) start=(13.835,-70.254,77.448) end=(79.672,-52.702,221.244)
# x y z globalTime peakAmplitude integratedCharge
14.875000 -70.482965 77.000000 0.000000 0.000000 0.000000
14.875000 -70.307565 80.500000 0.000000 0.000000 0.000000
16.625000 -69.754938 84.000000 0.000000 0.000000 0.000000
18.375000 -69.183951 87.500000 0.000000 0.000000 0.000000
20.125000 -68.726530 91.000000 0.000000 0.000000 0.000000
21.875000 -68.245447 94.500000 0.000000 0.000000 0.000000
23.625000 -67.738603 98.000000 0.000000 0.000000 0.000000
28.875000 -66.045997 112.000000 0.000000 0.000000 0.000000
30.625000 -65.568367 115.500000 0.000000 0.000000 0.000000
34.125000 -64.684104 122.500000 0.000000 0.000000 0.000000
35.875000 -64.108798 126.000000 0.000000 0.000000 0.000000
37.625000 -63.804764 129.500000 0.000000 0.000000 0.000000
39.375000 -63.220002 133.000000 0.000000 0.000000 0.000000
44.625000 -61.778186 143.500000 0.000000 0.000000 0.000000
46.375000 -61.167403 150.500000 0.000000 0.000000 0.000000
49.875000 -60.454113 154.000000 0.000000 0.000000 0.000000
51.625000 -59.902253 161.000000 0.000000 0.000000 0.000000
53.375000 -59.497730 164.500000 0.000000 0.000000 0.000000
55.125000 -59.097198 168.000000 0.000000 0.000000 0.000000
56.875000 -58.624912 171.500000 0.000000 0.000000 0.000000
58.625000 -58.197686 175.000000 0.000000 0.000000 0.000000
60.375000 -57.766974 178.500000 0.000000 0.000000 0.000000
62.125000 -57.419098 182.000000 0.000000 0.000000 0.000000
63.875000 -56.994629 185.500000 0.000000 0.000000 0.000000
67.375000 -55.855625 196.000000 0.000000 0.000000 0.000000
69.125000 -55.396710 199.500000 0.000000 0.000000 0.000000
70.875000 -55.017383 203.000000 0.000000 0.000000 0.000000
72.625000 -54.872983 203.000000 0.000000 0.000000 0.000000
72.625000 -54.805777 206.500000 0.000000 0.000000 0.000000
74.375000 -54.261168 210.000000 0.000000 0.000000 0.000000
76.125000 -53.885782 213.500000 0.000000 0.000000 0.000000
77.875000 -53.502133 217.000000 0.000000 0.000000 0.000000
79.625000 -53.080063 220.500000 0.000000 0.000000 0.000000
81.375000 -52.995083 220.500000 0.000000 0.000000 0.000000
