# Event 978
# Params: dx_requested=3.446969 dx_event(vote)=3.446969 rline(inlier)=3.446969 minvotes=4 nstart=2 cover=0.800 nlines=4
# HoughMemory: requested_MB=80.062 allocated_MB=80.062 num_x=128 directions=1281 coarsened=0 maxmem_MB=0.000
# N0=107 assigned=107 remaining_after_force=0
# Line 1: n=66 a=(-7.574,-75.681,57.136) b=(0.058,-0.029,0.998) start=(-10.366,-74.298,8.746) end=(-5.032,-76.940,101.204)
# x y z globalTime peakAmplitude integratedCharge
-2.535898 -77.350916 99.578721 0.000000 0.000000 0.000000
-2.781287 -77.308276 98.460775 0.000000 0.000000 0.000000
-3.644283 -77.119560 94.061094 0.000000 0.000000 0.000000
-4.008676 -77.127088 92.129172 0.000000 0.000000 0.000000
-4.894729 -77.057996 90.537876 0.000000 0.000000 0.000000
-6.486502 -76.900460 89.430461 0.000000 0.000000 0.000000
-5.255363 -76.838776 86.962803 0.000000 0.000000 0.000000
-5.332837 -76.803406 85.841180 0.000000 0.000000 0.000000
-6.610725 -76.728204 84.595032 0.000000 0.000000 0.000000
-5.206649 -76.709394 80.501417 0.000000 0.000000 0.000000
-4.491301 -76.598600 78.499954 0.000000 0.000000 0.000000
-4.708599 -76.454456 76.496671 0.000000 0.000000 0.000000
-5.080442 -76.316326 75.785577 0.000000 0.000000 0.000000
-6.690561 -76.184844 74.077985 0.000000 0.000000 0.000000
-4.680096 -76.030970 71.454127 0.000000 0.000000 0.000000
-6.891478 -75.923414 70.366330 0.000000 0.000000 0.000000
-6.855095 -75.796826 68.642565 0.000000 0.000000 0.000000
-6.841973 -75.688714 65.966984 0.000000 0.000000 0.000000
-5.181077 -75.675640 64.739085 0.000000 0.000000 0.000000
-8.200595 -76.414948 78.934100 0.000000 0.000000 0.000000
-8.824171 -76.421564 76.421055 0.000000 0.000000 0.000000
-8.000434 -76.266486 75.767967 0.000000 0.000000 0.000000
-9.801627 -76.164428 73.337780 0.000000 0.000000 0.000000
-9.624731 -76.097468 72.248234 0.000000 0.000000 0.000000
-8.944322 -75.934940 70.050535 0.000000 0.000000 0.000000
-9.935622 -75.831000 68.870399 0.000000 0.000000 0.000000
-7.601748 -75.692254 65.920829 0.000000 0.000000 0.000000
-7.094881 -75.610174 65.106698 0.000000 0.000000 0.000000
-7.733479 -75.465448 63.233478 0.000000 0.000000 0.000000
-7.510852 -75.314014 60.934653 0.000000 0.000000 0.000000
-7.772150 -75.171920 58.923053 0.000000 0.000000 0.000000
-8.920565 -75.085100 57.536694 0.000000 0.000000 0.000000
-7.795641 -75.023926 56.668789 0.000000 0.000000 0.000000
-8.664373 -75.025060 53.831575 0.000000 0.000000 0.000000
-9.657686 -74.979444 51.956560 0.000000 0.000000 0.000000
-7.445248 -75.010060 50.210854 0.000000 0.000000 0.000000
-9.190769 -75.011390 49.372430 0.000000 0.000000 0.000000
-9.639906 -75.008704 47.204898 0.000000 0.000000 0.000000
-8.800371 -74.954926 45.492301 0.000000 0.000000 0.000000
-9.378190 -75.001404 44.227074 0.000000 0.000000 0.000000
-9.713676 -74.941944 42.114527 0.000000 0.000000 0.000000
-7.555336 -74.913904 39.803703 0.000000 0.000000 0.000000
-7.308998 -74.931214 38.940026 0.000000 0.000000 0.000000
-7.987784 -74.926720 36.893995 0.000000 0.000000 0.000000
-9.866063 -74.938146 35.503109 0.000000 0.000000 0.000000
-10.258323 -74.929360 33.761041 0.000000 0.000000 0.000000
-7.948205 -74.871980 32.109075 0.000000 0.000000 0.000000
-9.855515 -74.894660 29.185726 0.000000 0.000000 0.000000
-7.629843 -74.946640 28.319610 0.000000 0.000000 0.000000
-9.498180 -74.932684 26.865775 0.000000 0.000000 0.000000
-10.230575 -74.906970 24.420595 0.000000 0.000000 0.000000
-8.889897 -74.994740 23.221733 0.000000 0.000000 0.000000
-8.342182 -74.972516 20.639833 0.000000 0.000000 0.000000
-8.380764 -74.992176 17.323539 0.000000 0.000000 0.000000
-8.716998 -75.039180 15.885080 0.000000 0.000000 0.000000
-10.448738 -74.959112 14.227351 0.000000 0.000000 0.000000
-8.595574 -75.075100 11.622207 0.000000 0.000000 0.000000
-9.368063 -75.218774 8.662463 0.000000 0.000000 0.000000
-0.973890 -77.487600 100.954292 0.000000 0.000000 0.000000
-1.129038 -77.235626 96.903811 0.000000 0.000000 0.000000
-1.051093 -77.160314 94.903532 0.000000 0.000000 0.000000
-0.357716 -77.114556 92.747241 0.000000 0.000000 0.000000
-1.239829 -77.062652 90.368047 0.000000 0.000000 0.000000
-3.588189 -76.825830 81.915373 0.000000 0.000000 0.000000
-7.160610 -75.004132 18.832095 0.000000 0.000000 0.000000
-8.148061 -75.122448 9.959114 0.000000 0.000000 0.000000
# Line 2: n=41 a=(-48.337,-65.472,185.394) b=(0.292,-0.056,-0.955) start=(-59.165,-63.394,220.848) end=(-19.392,-71.025,90.614)
# x y z globalTime peakAmplitude integratedCharge
-60.375000 -63.766927 217.000000 0.000000 0.000000 0.000000
-60.375000 -63.756729 220.500000 0.000000 0.000000 0.000000
-58.625000 -63.750321 213.500000 0.000000 0.000000 0.000000
-58.625000 -63.721474 217.000000 0.000000 0.000000 0.000000
-58.625000 -63.711276 220.500000 0.000000 0.000000 0.000000
-56.875000 -63.964123 210.000000 0.000000 0.000000 0.000000
-56.875000 -63.836905 213.500000 0.000000 0.000000 0.000000
-56.875000 -63.808058 217.000000 0.000000 0.000000 0.000000
-56.875000 -63.797860 220.500000 0.000000 0.000000 0.000000
-55.125000 -64.180443 206.500000 0.000000 0.000000 0.000000
-55.125000 -64.108095 210.000000 0.000000 0.000000 0.000000
-53.375000 -64.398127 203.000000 0.000000 0.000000 0.000000
-51.625000 -64.823593 189.000000 0.000000 0.000000 0.000000
-51.625000 -64.781198 196.000000 0.000000 0.000000 0.000000
-51.625000 -64.686690 199.500000 0.000000 0.000000 0.000000
-49.875000 -64.925421 189.000000 0.000000 0.000000 0.000000
-49.875000 -64.957953 192.500000 0.000000 0.000000 0.000000
-49.875000 -64.883026 196.000000 0.000000 0.000000 0.000000
-48.125000 -65.231967 185.500000 0.000000 0.000000 0.000000
-46.375000 -65.747414 175.000000 0.000000 0.000000 0.000000
-46.375000 -65.681966 178.500000 0.000000 0.000000 0.000000
-46.375000 -65.559240 182.000000 0.000000 0.000000 0.000000
-44.625000 -65.910407 175.000000 0.000000 0.000000 0.000000
-42.875000 -66.319965 168.000000 0.000000 0.000000 0.000000
-42.875000 -66.366193 171.500000 0.000000 0.000000 0.000000
-41.125000 -66.587833 164.500000 0.000000 0.000000 0.000000
-39.375000 -67.026520 154.000000 0.000000 0.000000 0.000000
-39.375000 -66.967157 157.500000 0.000000 0.000000 0.000000
-39.375000 -67.010580 161.000000 0.000000 0.000000 0.000000
-34.125000 -68.523514 136.500000 0.000000 0.000000 0.000000
-32.375000 -68.965600 129.500000 0.000000 0.000000 0.000000
-30.625000 -69.132943 129.500000 0.000000 0.000000 0.000000
-28.875000 -69.674522 119.000000 0.000000 0.000000 0.000000
-60.375000 -63.795774 213.500000 0.000000 0.000000 0.000000
-30.625000 -69.154456 133.000000 0.000000 0.000000 0.000000
-25.375000 -70.556992 112.000000 0.000000 0.000000 0.000000
-25.375000 -70.432800 115.500000 0.000000 0.000000 0.000000
-23.625000 -71.020973 105.000000 0.000000 0.000000 0.000000
-21.875000 -71.508099 101.500000 0.000000 0.000000 0.000000
-18.375000 -72.309790 91.000000 0.000000 0.000000 0.000000
-18.375000 -72.280603 94.500000 0.000000 0.000000 0.000000
