# Event 5184
# Params: dx_requested=3.742572 dx_event(vote)=3.742572 rline(inlier)=3.742572 minvotes=4 nstart=2 cover=0.800 nlines=4
# HoughMemory: requested_MB=80.062 allocated_MB=80.062 num_x=128 directions=1281 coarsened=0 maxmem_MB=0.000
# N0=116 assigned=116 remaining_after_force=0
# Line 1: n=71 a=(0.384,-73.439,61.032) b=(0.209,0.081,0.974) start=(-10.624,-77.702,9.775) end=(8.921,-70.132,100.784)
# x y z globalTime peakAmplitude integratedCharge
-0.165747 -74.072956 53.730048 0.000000 0.000000 0.000000
-1.131861 -74.187620 52.815715 0.000000 0.000000 0.000000
-2.813912 -74.355828 51.412382 0.000000 0.000000 0.000000
-5.584448 -74.390912 50.589178 0.000000 0.000000 0.000000
-2.600515 -74.520466 49.420000 0.000000 0.000000 0.000000
-5.735645 -74.553010 48.382300 0.000000 0.000000 0.000000
-3.227510 -74.705126 47.580364 0.000000 0.000000 0.000000
-4.851507 -74.691296 47.740856 0.000000 0.000000 0.000000
-1.648002 -74.857728 45.943479 0.000000 0.000000 0.000000
-3.914334 -74.868634 45.934018 0.000000 0.000000 0.000000
-1.401883 -74.921020 43.126161 0.000000 0.000000 0.000000
-5.805713 -74.988480 44.030744 0.000000 0.000000 0.000000
-3.012200 -75.070360 42.434288 0.000000 0.000000 0.000000
-6.876542 -75.129260 42.399749 0.000000 0.000000 0.000000
-3.608227 -75.187380 40.732536 0.000000 0.000000 0.000000
-4.021216 -75.263120 37.945942 0.000000 0.000000 0.000000
-6.194670 -75.324970 37.170583 0.000000 0.000000 0.000000
-6.035319 -75.390510 35.571334 0.000000 0.000000 0.000000
-6.551569 -75.438824 33.123847 0.000000 0.000000 0.000000
-4.387849 -75.508148 31.554499 0.000000 0.000000 0.000000
-4.102220 -75.540026 30.310584 0.000000 0.000000 0.000000
-3.625778 -75.563904 27.440532 0.000000 0.000000 0.000000
4.117720 -70.496800 91.075819 0.000000 0.000000 0.000000
6.247214 -70.754492 89.710971 0.000000 0.000000 0.000000
5.744445 -70.985914 87.128287 0.000000 0.000000 0.000000
5.067663 -71.176400 86.072335 0.000000 0.000000 0.000000
5.621566 -71.330520 84.672910 0.000000 0.000000 0.000000
-6.154451 -75.842670 26.935727 0.000000 0.000000 0.000000
-5.066560 -75.990106 23.343120 0.000000 0.000000 0.000000
-6.178615 -76.050708 20.867436 0.000000 0.000000 0.000000
-6.542256 -76.282840 15.721978 0.000000 0.000000 0.000000
3.823620 -71.654444 81.870065 0.000000 0.000000 0.000000
5.497176 -71.801844 81.023729 0.000000 0.000000 0.000000
6.035204 -71.958240 78.512321 0.000000 0.000000 0.000000
3.955706 -72.085944 76.614626 0.000000 0.000000 0.000000
1.200400 -73.142090 74.902194 0.000000 0.000000 0.000000
6.319639 -72.206904 75.330207 0.000000 0.000000 0.000000
1.905247 -73.062140 72.979579 0.000000 0.000000 0.000000
4.501010 -72.410334 74.181735 0.000000 0.000000 0.000000
0.798108 -73.114740 72.236238 0.000000 0.000000 0.000000
5.065719 -72.649146 71.120433 0.000000 0.000000 0.000000
0.427643 -73.262628 70.607218 0.000000 0.000000 0.000000
1.330519 -73.397266 68.426403 0.000000 0.000000 0.000000
0.069198 -73.586854 66.695643 0.000000 0.000000 0.000000
-0.793454 -73.332574 65.423462 0.000000 0.000000 0.000000
3.074142 -73.777350 64.275428 0.000000 0.000000 0.000000
-1.204689 -73.454004 63.109132 0.000000 0.000000 0.000000
1.118202 -73.968830 62.586172 0.000000 0.000000 0.000000
-0.703067 -73.613556 60.782771 0.000000 0.000000 0.000000
2.985837 -74.231980 60.806227 0.000000 0.000000 0.000000
-3.416545 -73.808820 59.064424 0.000000 0.000000 0.000000
0.382135 -74.465350 59.288710 0.000000 0.000000 0.000000
-3.317926 -73.968646 57.205008 0.000000 0.000000 0.000000
1.652414 -74.633704 57.185070 0.000000 0.000000 0.000000
-1.771612 -74.122436 56.449730 0.000000 0.000000 0.000000
10.370916 -69.347460 100.407147 0.000000 0.000000 0.000000
10.371287 -69.551666 98.124108 0.000000 0.000000 0.000000
8.844525 -69.891016 96.001383 0.000000 0.000000 0.000000
9.914800 -70.148620 94.622941 0.000000 0.000000 0.000000
7.064089 -70.361860 93.077111 0.000000 0.000000 0.000000
7.200089 -70.570868 91.075122 0.000000 0.000000 0.000000
7.843183 -70.772864 88.774523 0.000000 0.000000 0.000000
8.082324 -70.855460 87.352035 0.000000 0.000000 0.000000
-3.792392 -75.906634 24.411028 0.000000 0.000000 0.000000
-4.871485 -76.101812 19.541110 0.000000 0.000000 0.000000
-4.334972 -76.158404 17.844911 0.000000 0.000000 0.000000
-3.960527 -76.345972 14.627942 0.000000 0.000000 0.000000
-3.608829 -76.419146 12.186051 0.000000 0.000000 0.000000
-5.795017 -76.496980 10.973619 0.000000 0.000000 0.000000
-6.490872 -76.631768 8.798250 0.000000 0.000000 0.000000
1.628293 -74.967048 82.108755 0.000000 0.000000 0.000000
# Line 2: n=45 a=(-53.803,-84.227,134.944) b=(0.468,0.094,-0.879) start=(-99.286,-93.356,220.376) end=(-15.785,-76.597,63.534)
# x y z globalTime peakAmplitude integratedCharge
-98.875000 -94.240051 220.500000 0.000000 0.000000 0.000000
-97.125000 -93.766135 217.000000 0.000000 0.000000 0.000000
-95.375000 -93.180518 213.500000 0.000000 0.000000 0.000000
-93.625000 -92.672812 210.000000 0.000000 0.000000 0.000000
-91.875000 -92.011684 206.500000 0.000000 0.000000 0.000000
-90.125000 -91.769336 203.000000 0.000000 0.000000 0.000000
-88.375000 -91.393107 199.500000 0.000000 0.000000 0.000000
-84.875000 -90.483823 192.500000 0.000000 0.000000 0.000000
-84.875000 -90.555903 196.000000 0.000000 0.000000 0.000000
-83.125000 -89.940774 189.000000 0.000000 0.000000 0.000000
-81.375000 -89.579514 185.500000 0.000000 0.000000 0.000000
-76.125000 -88.481552 178.500000 0.000000 0.000000 0.000000
-74.375000 -88.003414 171.500000 0.000000 0.000000 0.000000
-74.375000 -88.061557 175.000000 0.000000 0.000000 0.000000
-72.625000 -87.570820 168.000000 0.000000 0.000000 0.000000
-69.125000 -86.911664 161.000000 0.000000 0.000000 0.000000
-69.125000 -86.932190 164.500000 0.000000 0.000000 0.000000
-63.875000 -85.877118 154.000000 0.000000 0.000000 0.000000
-62.125000 -85.334579 147.000000 0.000000 0.000000 0.000000
-60.375000 -85.206298 147.000000 0.000000 0.000000 0.000000
-55.125000 -84.013847 136.500000 0.000000 0.000000 0.000000
-53.375000 -83.905696 136.500000 0.000000 0.000000 0.000000
-49.875000 -83.148767 129.500000 0.000000 0.000000 0.000000
-44.625000 -82.050614 119.000000 0.000000 0.000000 0.000000
-42.875000 -81.525030 112.000000 0.000000 0.000000 0.000000
-42.875000 -81.597125 115.500000 0.000000 0.000000 0.000000
-41.125000 -81.468527 112.000000 0.000000 0.000000 0.000000
-39.375000 -80.961573 108.500000 0.000000 0.000000 0.000000
-37.625000 -80.707420 105.000000 0.000000 0.000000 0.000000
-34.125000 -80.088581 98.000000 0.000000 0.000000 0.000000
-32.375000 -79.571663 91.000000 0.000000 0.000000 0.000000
-32.375000 -79.667966 94.500000 0.000000 0.000000 0.000000
-30.625000 -79.509205 91.000000 0.000000 0.000000 0.000000
-30.625000 -79.605508 94.500000 0.000000 0.000000 0.000000
-28.875000 -79.246546 87.500000 0.000000 0.000000 0.000000
-27.125000 -79.167002 87.500000 0.000000 0.000000 0.000000
-25.375000 -78.678302 80.500000 0.000000 0.000000 0.000000
-25.375000 -78.757852 84.000000 0.000000 0.000000 0.000000
-23.625000 -78.335031 77.000000 0.000000 0.000000 0.000000
-21.875000 -78.021796 73.500000 0.000000 0.000000 0.000000
-20.125000 -78.017218 73.500000 0.000000 0.000000 0.000000
-18.375000 -77.593686 66.500000 0.000000 0.000000 0.000000
-18.375000 -77.689548 70.000000 0.000000 0.000000 0.000000
-16.625000 -77.410018 63.000000 0.000000 0.000000 0.000000
-16.625000 -77.520543 66.500000 0.000000 0.000000 0.000000
