# Event 4009
# Params: dx_requested=3.371945 dx_event(vote)=3.371945 rline(inlier)=3.371945 minvotes=4 nstart=2 cover=0.800 nlines=4
# HoughMemory: requested_MB=80.062 allocated_MB=80.062 num_x=128 directions=1281 coarsened=0 maxmem_MB=0.000
# N0=70 assigned=70 remaining_after_force=0
# Line 1: n=51 a=(-0.385,-65.327,41.844) b=(0.059,0.016,0.998) start=(-2.343,-65.866,8.493) end=(1.710,-64.749,77.527)
# x y z globalTime peakAmplitude integratedCharge
-1.058155 -65.599334 53.876516 0.000000 0.000000 0.000000
0.266801 -65.598224 52.394716 0.000000 0.000000 0.000000
-1.297110 -65.633094 53.125546 0.000000 0.000000 0.000000
0.232258 -65.529992 50.446904 0.000000 0.000000 0.000000
-3.071723 -65.581400 51.238687 0.000000 0.000000 0.000000
2.054249 -65.508148 48.768644 0.000000 0.000000 0.000000
-0.781516 -65.525000 48.595264 0.000000 0.000000 0.000000
0.629170 -65.456240 47.880347 0.000000 0.000000 0.000000
-1.129478 -65.500592 47.911361 0.000000 0.000000 0.000000
1.371948 -65.411164 45.773079 0.000000 0.000000 0.000000
-0.060155 -65.438616 45.257086 0.000000 0.000000 0.000000
1.550683 -65.358234 43.121837 0.000000 0.000000 0.000000
-2.273827 -65.365520 43.367082 0.000000 0.000000 0.000000
0.567919 -65.330040 42.717434 0.000000 0.000000 0.000000
-2.983103 -65.317590 42.644752 0.000000 0.000000 0.000000
0.862382 -65.288592 39.792494 0.000000 0.000000 0.000000
-3.341446 -65.289832 39.503240 0.000000 0.000000 0.000000
2.521665 -65.172370 37.845300 0.000000 0.000000 0.000000
-0.553822 -65.231280 38.873777 0.000000 0.000000 0.000000
-3.190458 -65.196412 36.783082 0.000000 0.000000 0.000000
-0.547449 -65.193420 34.747522 0.000000 0.000000 0.000000
-1.345713 -65.172486 33.262324 0.000000 0.000000 0.000000
-0.928506 -65.171314 31.030679 0.000000 0.000000 0.000000
-2.656635 -65.137396 30.488908 0.000000 0.000000 0.000000
-0.090246 -65.165168 28.207161 0.000000 0.000000 0.000000
-3.231477 -65.326508 26.534145 0.000000 0.000000 0.000000
-1.650397 -65.363386 24.787489 0.000000 0.000000 0.000000
-2.612969 -65.439984 22.863179 0.000000 0.000000 0.000000
-1.081106 -65.463904 20.736755 0.000000 0.000000 0.000000
-0.961666 -65.542940 19.838922 0.000000 0.000000 0.000000
-0.785616 -65.663232 17.452104 0.000000 0.000000 0.000000
-1.495887 -65.709900 15.996365 0.000000 0.000000 0.000000
-1.143197 -65.787354 14.222096 0.000000 0.000000 0.000000
-1.819551 -65.846930 12.646825 0.000000 0.000000 0.000000
-2.852443 -65.917974 10.567898 0.000000 0.000000 0.000000
-0.593984 -66.040692 8.393202 0.000000 0.000000 0.000000
1.256015 -63.288854 77.529933 0.000000 0.000000 0.000000
1.723762 -63.552180 72.859647 0.000000 0.000000 0.000000
2.178468 -64.399946 68.143128 0.000000 0.000000 0.000000
1.904240 -64.708880 66.855578 0.000000 0.000000 0.000000
1.847279 -64.996088 64.372360 0.000000 0.000000 0.000000
2.703456 -65.209454 63.551745 0.000000 0.000000 0.000000
0.374243 -65.383000 61.417532 0.000000 0.000000 0.000000
2.668871 -65.494616 59.767461 0.000000 0.000000 0.000000
0.492786 -65.643396 58.423239 0.000000 0.000000 0.000000
-0.433628 -65.665520 55.381798 0.000000 0.000000 0.000000
0.666586 -65.735352 56.668207 0.000000 0.000000 0.000000
3.270899 -65.575640 54.898554 0.000000 0.000000 0.000000
3.437525 -63.535040 75.638077 0.000000 0.000000 0.000000
3.275807 -63.945330 71.420340 0.000000 0.000000 0.000000
3.291634 -64.175654 70.681857 0.000000 0.000000 0.000000
# Line 2: n=19 a=(-25.743,-55.574,174.632) b=(0.172,-0.063,-0.983) start=(-33.757,-52.617,220.543) end=(-16.050,-59.150,119.100)
# x y z globalTime peakAmplitude integratedCharge
-34.125000 -52.951077 220.500000 0.000000 0.000000 0.000000
-32.375000 -53.394693 210.000000 0.000000 0.000000 0.000000
-32.375000 -53.347788 213.500000 0.000000 0.000000 0.000000
-32.375000 -53.253113 217.000000 0.000000 0.000000 0.000000
-30.625000 -53.723557 196.000000 0.000000 0.000000 0.000000
-30.625000 -53.697747 203.000000 0.000000 0.000000 0.000000
-30.625000 -53.637793 206.500000 0.000000 0.000000 0.000000
-28.875000 -54.213285 192.500000 0.000000 0.000000 0.000000
-27.125000 -54.952127 178.500000 0.000000 0.000000 0.000000
-27.125000 -54.849295 182.000000 0.000000 0.000000 0.000000
-27.125000 -54.761862 185.500000 0.000000 0.000000 0.000000
-25.375000 -55.472241 171.500000 0.000000 0.000000 0.000000
-23.625000 -56.021027 164.500000 0.000000 0.000000 0.000000
-20.125000 -57.469673 147.000000 0.000000 0.000000 0.000000
-18.375000 -58.452422 129.500000 0.000000 0.000000 0.000000
-18.375000 -58.361640 133.000000 0.000000 0.000000 0.000000
-16.625000 -59.161450 119.000000 0.000000 0.000000 0.000000
-16.625000 -59.092062 122.500000 0.000000 0.000000 0.000000
-16.625000 -59.085638 126.000000 0.000000 0.000000 0.000000
