# Event 2562
# Params: dx_requested=3.378502 dx_event(vote)=3.378502 rline(inlier)=3.378502 minvotes=4 nstart=2 cover=0.800 nlines=4
# HoughMemory: requested_MB=80.062 allocated_MB=80.062 num_x=128 directions=1281 coarsened=0 maxmem_MB=0.000
# N0=77 assigned=77 remaining_after_force=0
# Line 1: n=68 a=(-0.676,-84.322,61.069) b=(0.041,-0.061,0.997) start=(-2.854,-81.091,8.300) end=(1.295,-87.247,108.840)
# x y z globalTime peakAmplitude integratedCharge
-0.122124 -82.595710 53.557424 0.000000 0.000000 0.000000
-1.590503 -82.546460 53.198044 0.000000 0.000000 0.000000
-0.057667 -82.534296 51.154757 0.000000 0.000000 0.000000
-1.836888 -82.519794 48.929046 0.000000 0.000000 0.000000
-1.268794 -82.520654 47.909069 0.000000 0.000000 0.000000
-1.570674 -82.477826 45.840605 0.000000 0.000000 0.000000
-3.370836 -82.438680 44.454423 0.000000 0.000000 0.000000
-0.314601 -82.443080 41.846339 0.000000 0.000000 0.000000
-2.972178 -82.435132 39.588386 0.000000 0.000000 0.000000
-1.549066 -82.429364 38.562343 0.000000 0.000000 0.000000
-1.585634 -82.419750 37.480841 0.000000 0.000000 0.000000
-2.807187 -82.434368 35.099120 0.000000 0.000000 0.000000
-2.789897 -82.461384 33.796449 0.000000 0.000000 0.000000
-0.868775 -82.474230 31.135447 0.000000 0.000000 0.000000
-2.326923 -82.465888 29.395911 0.000000 0.000000 0.000000
-1.123609 -82.471276 28.482380 0.000000 0.000000 0.000000
2.200343 -89.154968 108.685791 0.000000 0.000000 0.000000
1.176511 -88.920252 106.737788 0.000000 0.000000 0.000000
0.325193 -88.732400 105.271650 0.000000 0.000000 0.000000
0.581429 -88.460546 103.490410 0.000000 0.000000 0.000000
1.141923 -88.181680 101.644552 0.000000 0.000000 0.000000
2.623536 -87.933440 99.696955 0.000000 0.000000 0.000000
3.168833 -87.670574 97.794125 0.000000 0.000000 0.000000
3.182447 -87.394574 95.801049 0.000000 0.000000 0.000000
1.664195 -87.096480 94.617465 0.000000 0.000000 0.000000
0.716079 -86.830240 93.414205 0.000000 0.000000 0.000000
1.712448 -86.512414 91.618891 0.000000 0.000000 0.000000
2.679788 -86.290112 89.784072 0.000000 0.000000 0.000000
0.338687 -86.066326 87.950068 0.000000 0.000000 0.000000
1.132680 -85.847266 85.973622 0.000000 0.000000 0.000000
-1.276985 -85.817896 85.153194 0.000000 0.000000 0.000000
2.161619 -85.626636 83.373187 0.000000 0.000000 0.000000
-0.858142 -85.651508 84.495192 0.000000 0.000000 0.000000
-0.427716 -82.670336 26.692295 0.000000 0.000000 0.000000
-3.402523 -82.707904 23.818243 0.000000 0.000000 0.000000
-1.505276 -82.737152 23.325033 0.000000 0.000000 0.000000
-2.964687 -82.755512 20.457552 0.000000 0.000000 0.000000
-1.837107 -82.825040 19.895511 0.000000 0.000000 0.000000
-1.522057 -82.846656 17.938569 0.000000 0.000000 0.000000
-2.555981 -82.859144 15.914849 0.000000 0.000000 0.000000
-1.671164 -82.906610 13.798447 0.000000 0.000000 0.000000
-0.551977 -82.936146 12.398231 0.000000 0.000000 0.000000
-0.586953 -82.984700 10.515703 0.000000 0.000000 0.000000
-2.503993 -83.099260 8.162798 0.000000 0.000000 0.000000
-2.316577 -85.559948 82.314555 0.000000 0.000000 0.000000
3.334911 -85.549200 82.444466 0.000000 0.000000 0.000000
-1.040470 -85.296906 80.041594 0.000000 0.000000 0.000000
1.093228 -85.301180 80.493193 0.000000 0.000000 0.000000
-2.073540 -85.080030 78.733373 0.000000 0.000000 0.000000
0.251604 -85.084240 79.222402 0.000000 0.000000 0.000000
-0.635478 -84.818396 77.491878 0.000000 0.000000 0.000000
3.244097 -84.857636 76.950965 0.000000 0.000000 0.000000
-2.617140 -84.602314 75.424804 0.000000 0.000000 0.000000
0.996669 -84.600280 74.858691 0.000000 0.000000 0.000000
-0.294082 -84.379820 73.746848 0.000000 0.000000 0.000000
-1.515556 -84.064448 71.033876 0.000000 0.000000 0.000000
-0.944859 -83.862836 70.098086 0.000000 0.000000 0.000000
-2.618711 -83.580676 67.859159 0.000000 0.000000 0.000000
-1.551090 -83.346972 66.331995 0.000000 0.000000 0.000000
-3.021610 -83.151452 65.392569 0.000000 0.000000 0.000000
-3.121083 -83.021490 62.544866 0.000000 0.000000 0.000000
-1.676755 -82.958960 61.854114 0.000000 0.000000 0.000000
-2.647627 -82.890480 59.496052 0.000000 0.000000 0.000000
-1.850768 -82.880828 57.844546 0.000000 0.000000 0.000000
-1.940050 -82.830030 56.445227 0.000000 0.000000 0.000000
-3.163508 -86.499420 90.286401 0.000000 0.000000 0.000000
-2.279731 -86.272754 89.949615 0.000000 0.000000 0.000000
-2.972377 -86.020280 87.314980 0.000000 0.000000 0.000000
# Line 2: n=9 a=(-34.514,-64.884,182.778) b=(0.273,-0.135,-0.952) start=(-44.353,-60.028,217.057) end=(-22.199,-70.961,139.873)
# x y z globalTime peakAmplitude integratedCharge
-44.625000 -60.176793 217.000000 0.000000 0.000000 0.000000
-42.875000 -60.675812 213.500000 0.000000 0.000000 0.000000
-41.125000 -61.518306 206.500000 0.000000 0.000000 0.000000
-37.625000 -63.309045 192.500000 0.000000 0.000000 0.000000
-34.125000 -64.947322 182.000000 0.000000 0.000000 0.000000
-32.375000 -65.881082 175.000000 0.000000 0.000000 0.000000
-30.625000 -66.803794 168.000000 0.000000 0.000000 0.000000
-25.375000 -69.444310 150.500000 0.000000 0.000000 0.000000
-21.875000 -71.197854 140.000000 0.000000 0.000000 0.000000
