# Event 5267
# Params: dx_requested=3.382164 dx_event(vote)=3.382164 rline(inlier)=3.382164 minvotes=4 nstart=2 cover=0.800 nlines=4
# HoughMemory: requested_MB=80.062 allocated_MB=80.062 num_x=128 directions=1281 coarsened=0 maxmem_MB=0.000
# N0=87 assigned=87 remaining_after_force=0
# Line 1: n=64 a=(0.694,-72.656,80.396) b=(0.049,0.046,-0.998) start=(-1.444,-74.686,124.333) end=(3.853,-69.656,15.470)
# x y z globalTime peakAmplitude integratedCharge
2.990512 -71.272010 54.144236 0.000000 0.000000 0.000000
2.720089 -71.254720 53.024893 0.000000 0.000000 0.000000
2.230721 -71.273890 51.161362 0.000000 0.000000 0.000000
1.175280 -71.274694 48.518217 0.000000 0.000000 0.000000
1.306162 -71.272114 45.325394 0.000000 0.000000 0.000000
3.278468 -71.308294 43.930564 0.000000 0.000000 0.000000
1.208032 -71.276600 40.456675 0.000000 0.000000 0.000000
3.018207 -71.278000 36.612187 0.000000 0.000000 0.000000
3.417171 -71.273974 34.441974 0.000000 0.000000 0.000000
2.018539 -71.268860 33.164804 0.000000 0.000000 0.000000
1.924024 -71.261956 31.733579 0.000000 0.000000 0.000000
2.617093 -71.250776 30.182155 0.000000 0.000000 0.000000
2.614962 -71.286608 27.375018 0.000000 0.000000 0.000000
-2.448908 -74.481854 109.678455 0.000000 0.000000 0.000000
2.147742 -74.140454 109.079375 0.000000 0.000000 0.000000
-3.082618 -74.270056 109.121130 0.000000 0.000000 0.000000
3.237884 -73.960680 106.459008 0.000000 0.000000 0.000000
-1.677026 -74.003472 106.107186 0.000000 0.000000 0.000000
0.579584 -73.738600 105.509654 0.000000 0.000000 0.000000
-1.943640 -73.739020 105.174442 0.000000 0.000000 0.000000
0.542271 -73.488250 103.678879 0.000000 0.000000 0.000000
-3.049812 -73.573800 103.786324 0.000000 0.000000 0.000000
2.325363 -73.237774 102.244649 0.000000 0.000000 0.000000
-2.580872 -73.279310 101.182259 0.000000 0.000000 0.000000
0.141230 -73.018580 100.484966 0.000000 0.000000 0.000000
-2.505162 -73.100660 99.896181 0.000000 0.000000 0.000000
1.952006 -72.779992 97.878879 0.000000 0.000000 0.000000
0.989252 -72.571064 96.572234 0.000000 0.000000 0.000000
0.403391 -72.270484 95.017921 0.000000 0.000000 0.000000
2.258933 -72.108416 92.716533 0.000000 0.000000 0.000000
3.075774 -71.913068 91.724089 0.000000 0.000000 0.000000
0.814215 -71.752564 89.976124 0.000000 0.000000 0.000000
0.802410 -71.651680 87.746179 0.000000 0.000000 0.000000
1.221444 -71.626148 86.321941 0.000000 0.000000 0.000000
0.541970 -71.601032 84.516253 0.000000 0.000000 0.000000
3.164847 -71.678660 15.343524 0.000000 0.000000 0.000000
3.252056 -71.797590 81.971205 0.000000 0.000000 0.000000
1.234881 -71.747980 80.820744 0.000000 0.000000 0.000000
1.896863 -71.740448 78.357935 0.000000 0.000000 0.000000
0.076817 -71.687696 77.280438 0.000000 0.000000 0.000000
0.727975 -71.646820 75.245533 0.000000 0.000000 0.000000
0.073298 -71.624914 73.492107 0.000000 0.000000 0.000000
3.436058 -71.637812 71.644420 0.000000 0.000000 0.000000
0.952931 -71.602180 69.689263 0.000000 0.000000 0.000000
1.169590 -71.537310 68.410771 0.000000 0.000000 0.000000
0.053028 -71.535870 65.951424 0.000000 0.000000 0.000000
2.183474 -71.532812 64.547880 0.000000 0.000000 0.000000
1.747179 -71.565534 62.857872 0.000000 0.000000 0.000000
3.212345 -71.502832 61.134728 0.000000 0.000000 0.000000
1.809075 -71.511444 59.323289 0.000000 0.000000 0.000000
0.084563 -71.487660 57.166576 0.000000 0.000000 0.000000
1.748736 -71.514044 56.312725 0.000000 0.000000 0.000000
-1.508320 -76.495446 123.620243 0.000000 0.000000 0.000000
-3.779881 -75.901824 124.163562 0.000000 0.000000 0.000000
-2.990991 -76.336968 123.070570 0.000000 0.000000 0.000000
-2.147071 -76.137340 121.099742 0.000000 0.000000 0.000000
-3.447802 -75.876324 118.664117 0.000000 0.000000 0.000000
-1.298841 -75.633416 116.935059 0.000000 0.000000 0.000000
-1.454616 -75.379706 115.596623 0.000000 0.000000 0.000000
-0.157552 -75.123060 114.167175 0.000000 0.000000 0.000000
-1.987207 -74.925464 112.314930 0.000000 0.000000 0.000000
0.104709 -71.239820 46.962946 0.000000 0.000000 0.000000
0.218903 -71.332160 42.442088 0.000000 0.000000 0.000000
0.072143 -71.256336 39.221436 0.000000 0.000000 0.000000
# Line 2: n=23 a=(6.777,-69.087,58.693) b=(0.132,0.062,0.989) start=(0.148,-72.187,9.119) end=(28.596,-58.882,221.855)
# x y z globalTime peakAmplitude integratedCharge
16.625000 -64.497438 147.000000 0.000000 0.000000 0.000000
20.125000 -62.790286 161.000000 0.000000 0.000000 0.000000
21.875000 -61.986059 168.000000 0.000000 0.000000 0.000000
23.625000 -61.321237 171.500000 0.000000 0.000000 0.000000
1.462038 -71.491474 26.165273 0.000000 0.000000 0.000000
0.123033 -71.509424 24.288508 0.000000 0.000000 0.000000
1.069652 -71.574354 23.372791 0.000000 0.000000 0.000000
1.793389 -71.592750 20.701043 0.000000 0.000000 0.000000
2.278949 -71.619544 18.556029 0.000000 0.000000 0.000000
1.890781 -71.651080 16.897720 0.000000 0.000000 0.000000
0.075307 -71.719074 13.495457 0.000000 0.000000 0.000000
2.592215 -71.744820 11.638719 0.000000 0.000000 0.000000
0.291446 -71.807928 10.112751 0.000000 0.000000 0.000000
1.055847 -71.905652 8.979829 0.000000 0.000000 0.000000
14.875000 -65.371459 140.000000 0.000000 0.000000 0.000000
27.125000 -59.961558 185.500000 0.000000 0.000000 0.000000
28.875000 -59.424868 189.000000 0.000000 0.000000 0.000000
30.625000 -58.574340 199.500000 0.000000 0.000000 0.000000
32.375000 -58.062978 203.000000 0.000000 0.000000 0.000000
34.125000 -57.384179 210.000000 0.000000 0.000000 0.000000
34.125000 -57.247528 213.500000 0.000000 0.000000 0.000000
35.875000 -56.556358 220.500000 0.000000 0.000000 0.000000
37.625000 -56.517056 220.500000 0.000000 0.000000 0.000000
