# Event 5404
# Params: dx_requested=3.625225 dx_event(vote)=3.625225 rline(inlier)=3.625225 minvotes=4 nstart=2 cover=0.800 nlines=4
# HoughMemory: requested_MB=80.062 allocated_MB=80.062 num_x=128 directions=1281 coarsened=0 maxmem_MB=0.000
# N0=142 assigned=142 remaining_after_force=0
# Line 1: n=121 a=(-6.804,-77.775,56.861) b=(0.005,-0.010,1.000) start=(-7.066,-77.303,8.190) end=(-6.402,-78.500,131.693)
# x y z globalTime peakAmplitude integratedCharge
-4.211609 -77.308264 54.448851 0.000000 0.000000 0.000000
-6.380848 -77.347600 53.209615 0.000000 0.000000 0.000000
-4.114514 -77.324920 51.345088 0.000000 0.000000 0.000000
-6.529705 -77.388726 48.581239 0.000000 0.000000 0.000000
-6.818859 -77.318696 47.301916 0.000000 0.000000 0.000000
-6.891838 -77.242020 45.275264 0.000000 0.000000 0.000000
-5.062036 -77.364484 43.225676 0.000000 0.000000 0.000000
-5.220154 -77.255620 41.471973 0.000000 0.000000 0.000000
-6.475833 -77.318820 40.840885 0.000000 0.000000 0.000000
-6.102535 -77.300732 38.264428 0.000000 0.000000 0.000000
-5.532369 -77.354840 36.505879 0.000000 0.000000 0.000000
-4.498351 -77.352770 35.623931 0.000000 0.000000 0.000000
-6.439212 -77.395252 32.951259 0.000000 0.000000 0.000000
-6.512599 -77.390516 31.011484 0.000000 0.000000 0.000000
-4.783928 -77.409632 29.444130 0.000000 0.000000 0.000000
-4.186050 -77.449520 28.519142 0.000000 0.000000 0.000000
-4.176230 -79.407000 110.432577 0.000000 0.000000 0.000000
-4.522063 -79.226196 107.768000 0.000000 0.000000 0.000000
-3.564042 -79.092150 106.522118 0.000000 0.000000 0.000000
-6.688954 -78.908220 104.611479 0.000000 0.000000 0.000000
-3.767462 -78.739654 103.042698 0.000000 0.000000 0.000000
-6.581182 -78.544628 101.999378 0.000000 0.000000 0.000000
-3.860791 -78.372370 99.516618 0.000000 0.000000 0.000000
-4.049471 -78.218696 97.557058 0.000000 0.000000 0.000000
-5.527665 -78.079412 96.313547 0.000000 0.000000 0.000000
-4.673467 -77.885360 94.080748 0.000000 0.000000 0.000000
-5.386406 -77.771340 93.342742 0.000000 0.000000 0.000000
-4.854038 -77.613428 26.142544 0.000000 0.000000 0.000000
-3.629562 -77.636248 24.484174 0.000000 0.000000 0.000000
-4.370148 -77.650506 22.392061 0.000000 0.000000 0.000000
-3.851766 -77.724176 21.657466 0.000000 0.000000 0.000000
-4.220663 -77.736750 18.731418 0.000000 0.000000 0.000000
-6.194015 -77.769526 17.159041 0.000000 0.000000 0.000000
-5.660389 -77.791140 16.191519 0.000000 0.000000 0.000000
-6.498630 -77.869146 13.376034 0.000000 0.000000 0.000000
-5.084817 -77.892414 12.706404 0.000000 0.000000 0.000000
-4.639201 -78.025580 10.894961 0.000000 0.000000 0.000000
-4.209672 -78.095356 8.588699 0.000000 0.000000 0.000000
-5.825105 -77.602980 76.935218 0.000000 0.000000 0.000000
-4.653174 -77.636520 74.106257 0.000000 0.000000 0.000000
-4.208305 -77.567370 72.305582 0.000000 0.000000 0.000000
-4.294301 -77.548316 69.275734 0.000000 0.000000 0.000000
-3.877099 -77.490490 67.706638 0.000000 0.000000 0.000000
-5.078360 -77.447132 65.937040 0.000000 0.000000 0.000000
-4.892999 -77.522504 64.024779 0.000000 0.000000 0.000000
-5.826435 -77.530640 62.804255 0.000000 0.000000 0.000000
-4.975063 -77.510528 61.730981 0.000000 0.000000 0.000000
-4.526961 -77.499396 59.660130 0.000000 0.000000 0.000000
-4.753234 -77.494256 57.723658 0.000000 0.000000 0.000000
-5.865505 -77.448096 55.410753 0.000000 0.000000 0.000000
-3.972296 -80.158204 114.767555 0.000000 0.000000 0.000000
-5.237490 -79.945080 113.346067 0.000000 0.000000 0.000000
-6.420550 -79.764124 111.819845 0.000000 0.000000 0.000000
-8.060074 -78.590234 100.963912 0.000000 0.000000 0.000000
-9.833528 -78.441204 99.534077 0.000000 0.000000 0.000000
-7.206305 -78.300306 97.722822 0.000000 0.000000 0.000000
-8.932084 -78.115264 96.426514 0.000000 0.000000 0.000000
-7.500156 -77.936320 93.979391 0.000000 0.000000 0.000000
-9.346020 -77.829888 92.013218 0.000000 0.000000 0.000000
-9.056894 -77.733368 90.704500 0.000000 0.000000 0.000000
-7.984169 -77.704920 89.856307 0.000000 0.000000 0.000000
-8.944854 -77.651330 87.149904 0.000000 0.000000 0.000000
-8.974804 -77.603204 85.966354 0.000000 0.000000 0.000000
-7.739293 -77.617300 83.998194 0.000000 0.000000 0.000000
-8.199454 -77.561900 81.930952 0.000000 0.000000 0.000000
-7.973152 -77.555664 80.672292 0.000000 0.000000 0.000000
-7.845501 -77.545270 79.222746 0.000000 0.000000 0.000000
-9.028584 -77.536286 77.651226 0.000000 0.000000 0.000000
-7.150789 -77.522120 75.433524 0.000000 0.000000 0.000000
-8.811513 -77.528700 73.270648 0.000000 0.000000 0.000000
-7.362282 -77.488770 71.957449 0.000000 0.000000 0.000000
-8.073588 -77.497088 70.643913 0.000000 0.000000 0.000000
-9.935160 -77.461860 67.699981 0.000000 0.000000 0.000000
-8.563560 -77.480080 64.483647 0.000000 0.000000 0.000000
-8.419863 -77.451056 62.351808 0.000000 0.000000 0.000000
-9.171124 -77.438720 60.538432 0.000000 0.000000 0.000000
-8.334322 -77.451514 59.385254 0.000000 0.000000 0.000000
-9.169744 -77.420294 58.329908 0.000000 0.000000 0.000000
-8.279700 -77.450400 55.675836 0.000000 0.000000 0.000000
-9.061037 -77.468060 54.270513 0.000000 0.000000 0.000000
-7.669863 -77.441480 52.180662 0.000000 0.000000 0.000000
-7.963419 -77.506060 50.016623 0.000000 0.000000 0.000000
-8.793898 -77.465320 48.706085 0.000000 0.000000 0.000000
-9.692514 -77.471656 47.156055 0.000000 0.000000 0.000000
-8.244951 -77.475770 44.781814 0.000000 0.000000 0.000000
-9.223158 -77.519592 43.982906 0.000000 0.000000 0.000000
-9.942570 -77.487414 42.707209 0.000000 0.000000 0.000000
-9.316983 -77.465000 40.427621 0.000000 0.000000 0.000000
-9.172449 -77.486126 38.041019 0.000000 0.000000 0.000000
-7.363322 -77.524400 36.081564 0.000000 0.000000 0.000000
-9.010081 -77.546912 34.934691 0.000000 0.000000 0.000000
-9.106608 -77.563244 33.226113 0.000000 0.000000 0.000000
-9.606601 -77.529060 31.460349 0.000000 0.000000 0.000000
-9.194089 -77.653656 29.147104 0.000000 0.000000 0.000000
-8.393136 -77.648420 26.808633 0.000000 0.000000 0.000000
-8.258693 -77.669636 24.597411 0.000000 0.000000 0.000000
-10.153616 -77.726844 22.570373 0.000000 0.000000 0.000000
-7.363432 -77.714700 20.912112 0.000000 0.000000 0.000000
-8.618801 -77.808386 19.055217 0.000000 0.000000 0.000000
-7.694823 -77.770410 17.551110 0.000000 0.000000 0.000000
-7.509987 -77.827124 15.983964 0.000000 0.000000 0.000000
-10.108341 -77.829194 14.126039 0.000000 0.000000 0.000000
-7.173176 -77.918384 12.950625 0.000000 0.000000 0.000000
-8.593662 -78.070460 9.920950 0.000000 0.000000 0.000000
-7.138327 -78.118976 8.182390 0.000000 0.000000 0.000000
-1.593338 -79.496280 109.868951 0.000000 0.000000 0.000000
-0.301431 -79.280854 107.921619 0.000000 0.000000 0.000000
-1.638791 -82.332086 131.630352 0.000000 0.000000 0.000000
-0.096457 -82.184870 129.671699 0.000000 0.000000 0.000000
-3.257680 -82.000506 128.326748 0.000000 0.000000 0.000000
-0.308535 -81.704180 125.340278 0.000000 0.000000 0.000000
-1.652452 -81.445460 124.683723 0.000000 0.000000 0.000000
-2.439098 -81.084906 123.014632 0.000000 0.000000 0.000000
-1.122336 -80.781946 120.392884 0.000000 0.000000 0.000000
-0.790461 -80.549768 119.509104 0.000000 0.000000 0.000000
-1.901049 -80.341004 117.344004 0.000000 0.000000 0.000000
-3.393223 -80.199090 115.776060 0.000000 0.000000 0.000000
-2.103329 -79.975866 113.034782 0.000000 0.000000 0.000000
-0.734299 -79.848160 111.641360 0.000000 0.000000 0.000000
-10.407784 -77.463184 67.031221 0.000000 0.000000 0.000000
-10.372125 -77.622674 28.421263 0.000000 0.000000 0.000000
# Line 2: n=21 a=(-69.125,-61.182,188.300) b=(0.524,-0.116,-0.844) start=(-89.387,-56.688,220.929) end=(-19.105,-72.278,107.752)
# x y z globalTime peakAmplitude integratedCharge
-90.125000 -56.900226 220.500000 0.000000 0.000000 0.000000
-88.375000 -56.983374 220.500000 0.000000 0.000000 0.000000
-86.625000 -57.350043 217.000000 0.000000 0.000000 0.000000
-84.875000 -57.729260 213.500000 0.000000 0.000000 0.000000
-83.125000 -58.135291 210.000000 0.000000 0.000000 0.000000
-77.875000 -59.093303 203.000000 0.000000 0.000000 0.000000
-76.125000 -59.466577 199.500000 0.000000 0.000000 0.000000
-74.375000 -59.880960 196.000000 0.000000 0.000000 0.000000
-72.625000 -60.419800 192.500000 0.000000 0.000000 0.000000
-70.875000 -60.602677 192.500000 0.000000 0.000000 0.000000
-69.125000 -61.010278 189.000000 0.000000 0.000000 0.000000
-65.625000 -61.938813 182.000000 0.000000 0.000000 0.000000
-62.125000 -62.590835 178.500000 0.000000 0.000000 0.000000
-60.375000 -63.027311 175.000000 0.000000 0.000000 0.000000
-58.625000 -63.430367 171.500000 0.000000 0.000000 0.000000
-56.875000 -63.954510 168.000000 0.000000 0.000000 0.000000
-53.375000 -64.692685 164.500000 0.000000 0.000000 0.000000
-51.625000 -65.180874 157.500000 0.000000 0.000000 0.000000
-51.625000 -65.127614 161.000000 0.000000 0.000000 0.000000
-48.125000 -66.132013 154.000000 0.000000 0.000000 0.000000
-18.375000 -74.421005 108.500000 0.000000 0.000000 0.000000
