# Event 4592
# Params: dx_requested=3.570773 dx_event(vote)=3.570773 rline(inlier)=3.570773 minvotes=4 nstart=2 cover=0.800 nlines=4
# HoughMemory: requested_MB=80.062 allocated_MB=80.062 num_x=128 directions=1281 coarsened=0 maxmem_MB=0.000
# N0=138 assigned=138 remaining_after_force=0
# Line 1: n=58 a=(1.725,-74.624,93.813) b=(0.236,-0.000,0.972) start=(-7.372,-74.607,56.274) end=(10.469,-74.640,129.892)
# x y z globalTime peakAmplitude integratedCharge
5.813917 -74.310272 110.205663 0.000000 0.000000 0.000000
6.559729 -74.362680 109.010707 0.000000 0.000000 0.000000
5.019060 -74.391160 107.152090 0.000000 0.000000 0.000000
2.818083 -74.457148 106.688387 0.000000 0.000000 0.000000
3.924877 -74.439660 104.604843 0.000000 0.000000 0.000000
2.820144 -74.451014 105.432079 0.000000 0.000000 0.000000
4.645798 -74.402948 103.196270 0.000000 0.000000 0.000000
1.787775 -74.443206 103.117221 0.000000 0.000000 0.000000
6.757469 -74.471534 100.784343 0.000000 0.000000 0.000000
1.805301 -74.450152 101.581026 0.000000 0.000000 0.000000
6.081267 -74.470544 100.304551 0.000000 0.000000 0.000000
2.972357 -74.469904 99.139155 0.000000 0.000000 0.000000
3.394422 -74.494036 98.258674 0.000000 0.000000 0.000000
0.809874 -74.495092 96.993200 0.000000 0.000000 0.000000
2.748007 -74.491186 93.829780 0.000000 0.000000 0.000000
3.173645 -74.497888 93.154791 0.000000 0.000000 0.000000
-1.301364 -74.552070 93.154113 0.000000 0.000000 0.000000
2.958819 -74.468240 90.927265 0.000000 0.000000 0.000000
-2.103102 -74.505390 90.760441 0.000000 0.000000 0.000000
1.687507 -74.485180 89.784277 0.000000 0.000000 0.000000
-0.809352 -74.513916 89.774986 0.000000 0.000000 0.000000
2.943836 -74.498960 87.123362 0.000000 0.000000 0.000000
-2.488659 -74.518660 88.054462 0.000000 0.000000 0.000000
1.835198 -74.564808 86.255218 0.000000 0.000000 0.000000
-1.660126 -74.559986 85.698972 0.000000 0.000000 0.000000
-2.894173 -74.560500 83.493916 0.000000 0.000000 0.000000
-0.157392 -74.673900 82.274172 0.000000 0.000000 0.000000
-1.243038 -74.664910 80.543647 0.000000 0.000000 0.000000
-1.665592 -74.727220 79.227649 0.000000 0.000000 0.000000
-3.413729 -74.730488 76.845363 0.000000 0.000000 0.000000
-5.515642 -74.745490 74.837647 0.000000 0.000000 0.000000
-2.707092 -74.782556 75.556536 0.000000 0.000000 0.000000
-3.791264 -74.766080 73.236873 0.000000 0.000000 0.000000
-1.805751 -74.756360 73.911449 0.000000 0.000000 0.000000
-4.503017 -74.766430 71.857431 0.000000 0.000000 0.000000
-0.737399 -74.766040 72.373608 0.000000 0.000000 0.000000
-3.950671 -74.792300 69.642616 0.000000 0.000000 0.000000
-5.240139 -74.791326 68.428660 0.000000 0.000000 0.000000
-5.971668 -74.772950 66.546898 0.000000 0.000000 0.000000
-6.703553 -74.760352 64.777982 0.000000 0.000000 0.000000
-4.961725 -74.781030 62.933230 0.000000 0.000000 0.000000
-6.018181 -74.772510 61.845196 0.000000 0.000000 0.000000
-4.729872 -74.764734 59.662932 0.000000 0.000000 0.000000
-5.425992 -74.716656 55.802219 0.000000 0.000000 0.000000
6.847410 -74.391004 117.367802 0.000000 0.000000 0.000000
5.959485 -74.407648 113.283669 0.000000 0.000000 0.000000
5.721844 -74.452480 111.324965 0.000000 0.000000 0.000000
9.464274 -77.087160 130.134561 0.000000 0.000000 0.000000
9.741309 -76.088434 128.476784 0.000000 0.000000 0.000000
9.571351 -74.881520 125.437329 0.000000 0.000000 0.000000
7.605292 -74.517420 124.816703 0.000000 0.000000 0.000000
8.260633 -74.438700 122.812742 0.000000 0.000000 0.000000
10.265010 -74.389544 120.880919 0.000000 0.000000 0.000000
10.297992 -74.299640 118.477522 0.000000 0.000000 0.000000
7.330221 -74.255468 116.767993 0.000000 0.000000 0.000000
8.819418 -74.238434 115.281121 0.000000 0.000000 0.000000
7.707962 -74.267540 113.512979 0.000000 0.000000 0.000000
4.340635 -74.401690 115.782715 0.000000 0.000000 0.000000
# Line 2: n=51 a=(-50.952,-78.624,147.341) b=(0.539,0.051,-0.841) start=(-92.953,-82.606,212.836) end=(-5.838,-74.348,76.993)
# x y z globalTime peakAmplitude integratedCharge
-91.875000 -82.953708 210.000000 0.000000 0.000000 0.000000
-91.875000 -83.059545 213.500000 0.000000 0.000000 0.000000
-90.125000 -82.685935 206.500000 0.000000 0.000000 0.000000
-90.125000 -82.826325 210.000000 0.000000 0.000000 0.000000
-88.375000 -82.484061 203.000000 0.000000 0.000000 0.000000
-88.375000 -82.604651 206.500000 0.000000 0.000000 0.000000
-86.625000 -82.185380 199.500000 0.000000 0.000000 0.000000
-86.625000 -82.326303 203.000000 0.000000 0.000000 0.000000
-84.875000 -82.087285 199.500000 0.000000 0.000000 0.000000
-83.125000 -81.707233 196.000000 0.000000 0.000000 0.000000
-81.375000 -81.612745 192.500000 0.000000 0.000000 0.000000
-81.375000 -81.642127 196.000000 0.000000 0.000000 0.000000
-77.875000 -81.211667 189.000000 0.000000 0.000000 0.000000
-76.125000 -80.796442 185.500000 0.000000 0.000000 0.000000
-72.625000 -80.358310 182.000000 0.000000 0.000000 0.000000
-65.625000 -79.403788 171.500000 0.000000 0.000000 0.000000
-63.875000 -79.380356 171.500000 0.000000 0.000000 0.000000
-53.375000 -78.110696 150.500000 0.000000 0.000000 0.000000
-51.625000 -78.034504 150.500000 0.000000 0.000000 0.000000
-49.875000 -77.810384 140.000000 0.000000 0.000000 0.000000
-49.875000 -77.959058 150.500000 0.000000 0.000000 0.000000
-48.125000 -77.664293 140.000000 0.000000 0.000000 0.000000
-48.125000 -77.582855 143.500000 0.000000 0.000000 0.000000
-46.375000 -77.698704 140.000000 0.000000 0.000000 0.000000
-44.625000 -77.526482 143.500000 0.000000 0.000000 0.000000
-41.125000 -77.288318 136.500000 0.000000 0.000000 0.000000
-37.625000 -77.134582 126.000000 0.000000 0.000000 0.000000
-34.125000 -76.846925 119.000000 0.000000 0.000000 0.000000
-34.125000 -76.973400 122.500000 0.000000 0.000000 0.000000
-32.375000 -76.734262 119.000000 0.000000 0.000000 0.000000
-28.875000 -76.568323 112.000000 0.000000 0.000000 0.000000
-28.875000 -76.667055 115.500000 0.000000 0.000000 0.000000
-27.125000 -76.519394 108.500000 0.000000 0.000000 0.000000
-27.125000 -76.532935 112.000000 0.000000 0.000000 0.000000
-25.375000 -76.383194 105.000000 0.000000 0.000000 0.000000
-25.375000 -76.451733 108.500000 0.000000 0.000000 0.000000
-23.625000 -76.205417 101.500000 0.000000 0.000000 0.000000
-23.625000 -76.347068 105.000000 0.000000 0.000000 0.000000
-21.875000 -76.048022 101.500000 0.000000 0.000000 0.000000
-20.125000 -76.146124 98.000000 0.000000 0.000000 0.000000
-20.125000 -76.116195 101.500000 0.000000 0.000000 0.000000
-18.375000 -75.947293 94.500000 0.000000 0.000000 0.000000
-16.625000 -75.997543 94.500000 0.000000 0.000000 0.000000
-6.542600 -74.712580 79.063318 0.000000 0.000000 0.000000
-6.906290 -74.762548 76.283101 0.000000 0.000000 0.000000
-83.125000 -81.677851 192.500000 0.000000 0.000000 0.000000
-42.875000 -77.525252 143.500000 0.000000 0.000000 0.000000
-39.375000 -77.299112 136.500000 0.000000 0.000000 0.000000
-37.625000 -77.106217 133.000000 0.000000 0.000000 0.000000
-28.875000 -76.668750 119.000000 0.000000 0.000000 0.000000
-18.375000 -76.023547 101.500000 0.000000 0.000000 0.000000
# Line 3: n=29 a=(-5.019,-74.831,34.602) b=(0.024,0.013,1.000) start=(-5.620,-75.172,9.238) end=(-3.616,-74.035,93.813)
# x y z globalTime peakAmplitude integratedCharge
-4.657403 -74.529444 54.468232 0.000000 0.000000 0.000000
-5.807507 -74.563140 51.775156 0.000000 0.000000 0.000000
-4.084686 -74.545832 51.370072 0.000000 0.000000 0.000000
-4.660857 -74.555194 49.692237 0.000000 0.000000 0.000000
-5.888425 -74.533826 46.585767 0.000000 0.000000 0.000000
-4.659135 -74.557980 45.221547 0.000000 0.000000 0.000000
-6.242741 -74.536224 43.256272 0.000000 0.000000 0.000000
-5.402595 -74.537840 41.986461 0.000000 0.000000 0.000000
-6.211303 -74.547968 40.091650 0.000000 0.000000 0.000000
-4.753468 -74.591640 38.881891 0.000000 0.000000 0.000000
-5.699402 -74.597100 36.164312 0.000000 0.000000 0.000000
-6.943567 -74.618880 35.445281 0.000000 0.000000 0.000000
-4.759649 -74.652560 33.577010 0.000000 0.000000 0.000000
-4.142354 -74.661712 32.167285 0.000000 0.000000 0.000000
-4.108159 -74.674980 29.562915 0.000000 0.000000 0.000000
-5.456014 -74.758074 28.068318 0.000000 0.000000 0.000000
-1.941484 -74.652410 93.781857 0.000000 0.000000 0.000000
-4.586554 -74.936444 25.911568 0.000000 0.000000 0.000000
-5.492348 -75.020600 25.045403 0.000000 0.000000 0.000000
-4.975991 -75.048108 22.751820 0.000000 0.000000 0.000000
-4.353884 -75.105346 20.280732 0.000000 0.000000 0.000000
-5.817974 -75.112180 19.130733 0.000000 0.000000 0.000000
-3.759845 -75.192712 17.862487 0.000000 0.000000 0.000000
-5.043029 -75.238964 16.145181 0.000000 0.000000 0.000000
-4.964106 -75.255340 13.874349 0.000000 0.000000 0.000000
-5.530432 -75.337440 12.343029 0.000000 0.000000 0.000000
-4.706442 -75.379114 11.084248 0.000000 0.000000 0.000000
-6.845239 -75.602680 9.273225 0.000000 0.000000 0.000000
-4.055966 -74.746044 57.649760 0.000000 0.000000 0.000000
