# Event 392
# Params: dx_requested=3.446731 dx_event(vote)=3.446731 rline(inlier)=3.446731 minvotes=4 nstart=2 cover=0.800 nlines=4
# HoughMemory: requested_MB=80.062 allocated_MB=80.062 num_x=128 directions=1281 coarsened=0 maxmem_MB=0.000
# N0=146 assigned=146 remaining_after_force=0
# Line 1: n=79 a=(-3.257,-72.112,62.553) b=(0.055,-0.014,-0.998) start=(-6.440,-71.308,120.178) end=(-0.240,-72.875,7.945)
# x y z globalTime peakAmplitude integratedCharge
-3.157803 -71.962500 54.311429 0.000000 0.000000 0.000000
-3.208536 -71.942380 53.199402 0.000000 0.000000 0.000000
-2.678850 -71.955352 50.716448 0.000000 0.000000 0.000000
-1.903858 -71.999224 48.734757 0.000000 0.000000 0.000000
-2.326995 -72.056900 47.349529 0.000000 0.000000 0.000000
-2.952535 -72.086248 45.640820 0.000000 0.000000 0.000000
-2.987385 -72.133780 44.238321 0.000000 0.000000 0.000000
-2.913150 -72.126934 41.633656 0.000000 0.000000 0.000000
-2.672035 -72.148548 39.789998 0.000000 0.000000 0.000000
-3.354271 -72.198504 38.407957 0.000000 0.000000 0.000000
-2.482372 -72.238360 37.295353 0.000000 0.000000 0.000000
-0.970905 -72.290930 35.069257 0.000000 0.000000 0.000000
-1.686245 -72.323236 32.572867 0.000000 0.000000 0.000000
-1.166932 -72.356400 31.264903 0.000000 0.000000 0.000000
-3.433936 -72.387024 29.697697 0.000000 0.000000 0.000000
-0.726191 -72.430774 28.448658 0.000000 0.000000 0.000000
-5.317659 -71.402850 110.083218 0.000000 0.000000 0.000000
-3.969929 -71.411670 109.196436 0.000000 0.000000 0.000000
-6.168472 -71.484808 107.235720 0.000000 0.000000 0.000000
-6.721062 -71.495190 104.707776 0.000000 0.000000 0.000000
-3.379686 -71.534644 103.097194 0.000000 0.000000 0.000000
-6.935305 -71.496500 103.162904 0.000000 0.000000 0.000000
-4.541872 -71.508940 102.178404 0.000000 0.000000 0.000000
-4.639576 -71.497820 99.972836 0.000000 0.000000 0.000000
-5.596073 -71.496624 98.026887 0.000000 0.000000 0.000000
-3.161200 -71.587460 95.713757 0.000000 0.000000 0.000000
-4.192230 -71.545452 96.263081 0.000000 0.000000 0.000000
-2.722400 -71.578520 93.971111 0.000000 0.000000 0.000000
-6.342151 -71.541834 94.320188 0.000000 0.000000 0.000000
-5.299625 -71.585492 92.743181 0.000000 0.000000 0.000000
-4.027374 -71.586866 90.762923 0.000000 0.000000 0.000000
-2.221040 -71.628266 88.533515 0.000000 0.000000 0.000000
-4.837576 -71.581872 88.957953 0.000000 0.000000 0.000000
-4.690944 -71.631732 87.854487 0.000000 0.000000 0.000000
-6.753026 -71.655688 85.335504 0.000000 0.000000 0.000000
-6.683827 -71.649304 84.279530 0.000000 0.000000 0.000000
-1.348029 -72.643090 26.506203 0.000000 0.000000 0.000000
-2.426685 -72.703540 24.691415 0.000000 0.000000 0.000000
-1.038684 -72.742680 22.453680 0.000000 0.000000 0.000000
-2.995763 -72.837664 21.356031 0.000000 0.000000 0.000000
-2.866387 -72.896220 19.720043 0.000000 0.000000 0.000000
-0.270370 -72.927260 16.945693 0.000000 0.000000 0.000000
1.271442 -72.856452 17.472929 0.000000 0.000000 0.000000
-0.306547 -72.983368 15.117184 0.000000 0.000000 0.000000
2.347498 -72.993460 15.992222 0.000000 0.000000 0.000000
-3.083318 -73.029888 14.490756 0.000000 0.000000 0.000000
0.474581 -73.072912 14.622455 0.000000 0.000000 0.000000
0.196433 -73.173310 11.843929 0.000000 0.000000 0.000000
-2.365196 -73.230964 9.895800 0.000000 0.000000 0.000000
2.699436 -73.297300 10.304997 0.000000 0.000000 0.000000
-0.881840 -73.340076 8.677264 0.000000 0.000000 0.000000
1.208630 -73.369648 8.032048 0.000000 0.000000 0.000000
-6.391475 -71.817572 81.639644 0.000000 0.000000 0.000000
-4.902276 -71.825232 80.002585 0.000000 0.000000 0.000000
-1.782488 -71.855206 79.795035 0.000000 0.000000 0.000000
-3.808647 -71.899548 78.641162 0.000000 0.000000 0.000000
-3.167875 -71.873700 78.734788 0.000000 0.000000 0.000000
-6.579704 -71.940200 77.433580 0.000000 0.000000 0.000000
-4.047464 -71.871606 75.244446 0.000000 0.000000 0.000000
-1.699059 -71.893824 75.326219 0.000000 0.000000 0.000000
-5.223028 -71.821570 73.195051 0.000000 0.000000 0.000000
-3.180139 -71.896972 73.544442 0.000000 0.000000 0.000000
-6.792600 -71.850366 71.406490 0.000000 0.000000 0.000000
-0.945744 -71.915766 71.738460 0.000000 0.000000 0.000000
-5.850741 -71.911712 69.940837 0.000000 0.000000 0.000000
-3.101944 -71.950916 70.127015 0.000000 0.000000 0.000000
-6.422937 -71.932856 68.971278 0.000000 0.000000 0.000000
-2.693927 -71.954852 68.912474 0.000000 0.000000 0.000000
-6.867149 -71.978620 66.509645 0.000000 0.000000 0.000000
-2.098955 -71.992212 65.345875 0.000000 0.000000 0.000000
-1.741801 -72.052760 63.245620 0.000000 0.000000 0.000000
-1.083648 -72.046660 60.698318 0.000000 0.000000 0.000000
-1.942747 -72.067170 59.523801 0.000000 0.000000 0.000000
-1.662993 -72.132672 58.303209 0.000000 0.000000 0.000000
-1.822911 -72.125170 56.461841 0.000000 0.000000 0.000000
-6.189213 -71.656414 113.768531 0.000000 0.000000 0.000000
-4.477931 -71.542944 111.493512 0.000000 0.000000 0.000000
-8.763808 -72.830950 120.070922 0.000000 0.000000 0.000000
-7.823287 -72.604388 118.710754 0.000000 0.000000 0.000000
# Line 2: n=37 a=(-26.404,-75.686,158.417) b=(0.409,0.071,-0.910) start=(-54.464,-80.541,220.874) end=(2.305,-70.720,94.518)
# x y z globalTime peakAmplitude integratedCharge
-55.125000 -81.529954 220.500000 0.000000 0.000000 0.000000
-49.875000 -80.275938 210.000000 0.000000 0.000000 0.000000
-49.875000 -80.416180 213.500000 0.000000 0.000000 0.000000
-48.125000 -79.822104 206.500000 0.000000 0.000000 0.000000
-46.375000 -79.325775 203.000000 0.000000 0.000000 0.000000
-44.625000 -78.921856 199.500000 0.000000 0.000000 0.000000
-42.875000 -78.341147 192.500000 0.000000 0.000000 0.000000
-42.875000 -78.501865 196.000000 0.000000 0.000000 0.000000
-39.375000 -77.620673 185.500000 0.000000 0.000000 0.000000
-39.375000 -77.756485 189.000000 0.000000 0.000000 0.000000
-37.625000 -77.275582 182.000000 0.000000 0.000000 0.000000
-34.125000 -76.646586 175.000000 0.000000 0.000000 0.000000
-34.125000 -76.760623 178.500000 0.000000 0.000000 0.000000
-32.375000 -76.348320 171.500000 0.000000 0.000000 0.000000
-30.625000 -76.029190 168.000000 0.000000 0.000000 0.000000
-28.875000 -75.652302 161.000000 0.000000 0.000000 0.000000
-28.875000 -75.757292 164.500000 0.000000 0.000000 0.000000
-27.125000 -75.461893 157.500000 0.000000 0.000000 0.000000
-27.125000 -75.545819 161.000000 0.000000 0.000000 0.000000
-25.375000 -75.099975 150.500000 0.000000 0.000000 0.000000
-25.375000 -75.153033 154.000000 0.000000 0.000000 0.000000
-23.625000 -74.976254 150.500000 0.000000 0.000000 0.000000
-23.625000 -75.029312 154.000000 0.000000 0.000000 0.000000
-21.875000 -74.726083 147.000000 0.000000 0.000000 0.000000
-20.125000 -74.537854 143.500000 0.000000 0.000000 0.000000
-20.125000 -74.668503 147.000000 0.000000 0.000000 0.000000
-18.375000 -74.364362 140.000000 0.000000 0.000000 0.000000
-18.375000 -74.417273 143.500000 0.000000 0.000000 0.000000
-16.625000 -74.400342 140.000000 0.000000 0.000000 0.000000
-16.625000 -74.453253 143.500000 0.000000 0.000000 0.000000
-0.786772 -71.418640 107.772554 0.000000 0.000000 0.000000
-1.548738 -71.487440 106.184167 0.000000 0.000000 0.000000
-0.588660 -71.476360 105.371958 0.000000 0.000000 0.000000
-2.736238 -71.509730 101.906940 0.000000 0.000000 0.000000
-0.987238 -71.533252 99.824096 0.000000 0.000000 0.000000
-0.622863 -71.554660 98.540015 0.000000 0.000000 0.000000
-0.176222 -71.595416 93.335140 0.000000 0.000000 0.000000
# Line 3: n=30 a=(-0.378,-71.163,114.141) b=(0.023,0.021,1.000) start=(-2.704,-73.311,11.489) end=(0.183,-70.644,138.929)
# x y z globalTime peakAmplitude integratedCharge
-0.277115 -71.328228 109.884150 0.000000 0.000000 0.000000
-1.104359 -71.600960 90.369567 0.000000 0.000000 0.000000
-0.846887 -71.647016 87.869780 0.000000 0.000000 0.000000
-0.821754 -71.652920 86.436251 0.000000 0.000000 0.000000
-0.383481 -71.682496 83.879417 0.000000 0.000000 0.000000
-0.573617 -71.858990 82.573160 0.000000 0.000000 0.000000
-0.583480 -71.891546 77.175683 0.000000 0.000000 0.000000
-0.156477 -71.963840 66.929783 0.000000 0.000000 0.000000
0.280460 -70.163208 138.917079 0.000000 0.000000 0.000000
2.186264 -70.350068 137.216051 0.000000 0.000000 0.000000
3.085396 -70.471264 134.054625 0.000000 0.000000 0.000000
1.197732 -70.594440 132.909085 0.000000 0.000000 0.000000
0.732797 -70.742956 131.036315 0.000000 0.000000 0.000000
1.099130 -70.908880 129.645442 0.000000 0.000000 0.000000
0.590147 -70.947650 127.008515 0.000000 0.000000 0.000000
-2.754607 -70.957900 128.195564 0.000000 0.000000 0.000000
1.346519 -70.998360 126.736410 0.000000 0.000000 0.000000
-1.114172 -71.025460 125.454531 0.000000 0.000000 0.000000
1.665749 -71.022394 124.744983 0.000000 0.000000 0.000000
-0.360872 -71.084000 124.442091 0.000000 0.000000 0.000000
1.484243 -71.063874 122.867709 0.000000 0.000000 0.000000
-1.677091 -71.108220 121.764012 0.000000 0.000000 0.000000
0.568410 -71.148072 120.661976 0.000000 0.000000 0.000000
-2.837866 -71.114576 120.148789 0.000000 0.000000 0.000000
-3.290801 -71.174220 119.527143 0.000000 0.000000 0.000000
-2.742892 -71.216240 117.611017 0.000000 0.000000 0.000000
-1.166150 -71.279800 115.631569 0.000000 0.000000 0.000000
-2.978269 -71.312354 114.144337 0.000000 0.000000 0.000000
-1.536330 -71.413386 112.267813 0.000000 0.000000 0.000000
-3.421318 -73.157128 11.501791 0.000000 0.000000 0.000000
