# Event 4282
# Params: dx_requested=3.613747 dx_event(vote)=3.613747 rline(inlier)=3.613747 minvotes=4 nstart=2 cover=0.800 nlines=4
# HoughMemory: requested_MB=80.062 allocated_MB=80.062 num_x=128 directions=1281 coarsened=0 maxmem_MB=0.000
# N0=82 assigned=82 remaining_after_force=0
# Line 1: n=50 a=(-4.813,-69.764,51.374) b=(0.165,-0.061,-0.984) start=(-10.094,-67.812,82.965) end=(2.208,-72.358,9.377)
# x y z globalTime peakAmplitude integratedCharge
-6.841893 -69.624548 54.703489 0.000000 0.000000 0.000000
-6.205347 -69.745014 53.106747 0.000000 0.000000 0.000000
-4.502787 -69.910520 50.811154 0.000000 0.000000 0.000000
-5.790496 -70.072016 48.289051 0.000000 0.000000 0.000000
-4.073281 -70.149300 47.677533 0.000000 0.000000 0.000000
-6.324497 -70.324244 44.886823 0.000000 0.000000 0.000000
-1.722199 -70.503420 43.026413 0.000000 0.000000 0.000000
-5.021106 -70.279432 43.090415 0.000000 0.000000 0.000000
-2.893317 -70.646966 42.408051 0.000000 0.000000 0.000000
-6.348742 -69.928986 41.995492 0.000000 0.000000 0.000000
-1.874147 -70.777032 40.046140 0.000000 0.000000 0.000000
-6.909299 -70.516456 40.657522 0.000000 0.000000 0.000000
-0.973540 -70.906072 38.052601 0.000000 0.000000 0.000000
1.088129 -71.310736 28.234312 0.000000 0.000000 0.000000
0.555312 -71.632260 22.754548 0.000000 0.000000 0.000000
0.221351 -71.697736 21.265782 0.000000 0.000000 0.000000
0.441393 -71.807040 17.011797 0.000000 0.000000 0.000000
2.836783 -71.827000 16.404126 0.000000 0.000000 0.000000
2.729496 -71.844920 14.425382 0.000000 0.000000 0.000000
2.825524 -71.955628 12.042298 0.000000 0.000000 0.000000
0.095157 -71.942504 10.077502 0.000000 0.000000 0.000000
2.866473 -72.027500 9.466824 0.000000 0.000000 0.000000
-6.048471 -68.585644 71.321909 0.000000 0.000000 0.000000
-6.067751 -68.592554 69.857773 0.000000 0.000000 0.000000
-5.273639 -68.689312 67.543196 0.000000 0.000000 0.000000
-5.130942 -68.842370 66.484647 0.000000 0.000000 0.000000
-4.172834 -68.994540 65.350430 0.000000 0.000000 0.000000
-6.250724 -69.130800 62.658811 0.000000 0.000000 0.000000
-4.066789 -69.289764 61.426386 0.000000 0.000000 0.000000
-4.432870 -69.405380 59.662338 0.000000 0.000000 0.000000
-6.443118 -69.568146 58.259112 0.000000 0.000000 0.000000
-4.940869 -69.687030 55.636829 0.000000 0.000000 0.000000
-9.961842 -67.547248 82.970950 0.000000 0.000000 0.000000
-9.319898 -67.678546 81.147194 0.000000 0.000000 0.000000
-7.458384 -67.815260 79.191955 0.000000 0.000000 0.000000
-7.613335 -67.937280 76.937375 0.000000 0.000000 0.000000
-9.196695 -68.102454 75.343356 0.000000 0.000000 0.000000
-10.131501 -68.232074 73.183132 0.000000 0.000000 0.000000
-7.288003 -68.408906 71.637382 0.000000 0.000000 0.000000
-10.313417 -68.526740 69.345269 0.000000 0.000000 0.000000
-8.058218 -68.707886 68.686400 0.000000 0.000000 0.000000
-10.362275 -68.812994 66.241347 0.000000 0.000000 0.000000
-9.652676 -68.973724 64.032956 0.000000 0.000000 0.000000
-10.214597 -69.138616 62.937480 0.000000 0.000000 0.000000
-8.352395 -69.264948 61.546804 0.000000 0.000000 0.000000
-0.146299 -70.286460 47.666966 0.000000 0.000000 0.000000
-0.567387 -70.394696 44.901009 0.000000 0.000000 0.000000
2.733624 -71.618610 26.489612 0.000000 0.000000 0.000000
3.220911 -71.632960 24.852347 0.000000 0.000000 0.000000
3.245037 -71.722460 18.906706 0.000000 0.000000 0.000000
# Line 2: n=32 a=(43.280,-81.077,133.708) b=(0.394,-0.094,0.914) start=(-0.849,-70.588,31.236) end=(80.797,-89.995,220.829)
# x y z globalTime peakAmplitude integratedCharge
18.375000 -75.492048 80.500000 0.000000 0.000000 0.000000
20.125000 -75.651816 80.500000 0.000000 0.000000 0.000000
21.875000 -76.051867 84.000000 0.000000 0.000000 0.000000
21.875000 -76.222698 87.500000 0.000000 0.000000 0.000000
23.625000 -76.549304 91.000000 0.000000 0.000000 0.000000
23.625000 -76.608175 94.500000 0.000000 0.000000 0.000000
27.125000 -77.178937 98.000000 0.000000 0.000000 0.000000
27.125000 -77.311010 101.500000 0.000000 0.000000 0.000000
30.625000 -77.946295 105.000000 0.000000 0.000000 0.000000
32.375000 -78.537240 112.000000 0.000000 0.000000 0.000000
39.375000 -79.934579 126.000000 0.000000 0.000000 0.000000
51.625000 -82.692955 161.000000 0.000000 0.000000 0.000000
53.375000 -83.077189 157.500000 0.000000 0.000000 0.000000
58.625000 -84.198914 168.000000 0.000000 0.000000 0.000000
60.375000 -84.692191 171.500000 0.000000 0.000000 0.000000
62.125000 -85.138971 175.000000 0.000000 0.000000 0.000000
63.875000 -85.517813 178.500000 0.000000 0.000000 0.000000
65.625000 -86.007129 182.000000 0.000000 0.000000 0.000000
69.125000 -87.114213 192.500000 0.000000 0.000000 0.000000
69.125000 -87.248016 196.000000 0.000000 0.000000 0.000000
72.625000 -88.156688 199.500000 0.000000 0.000000 0.000000
74.375000 -88.496157 203.000000 0.000000 0.000000 0.000000
76.125000 -88.966640 206.500000 0.000000 0.000000 0.000000
76.125000 -89.116083 210.000000 0.000000 0.000000 0.000000
77.875000 -89.810764 213.500000 0.000000 0.000000 0.000000
77.875000 -89.869935 217.000000 0.000000 0.000000 0.000000
81.375000 -90.776815 220.500000 0.000000 0.000000 0.000000
1.969833 -71.044330 36.474509 0.000000 0.000000 0.000000
2.654053 -71.198632 34.901126 0.000000 0.000000 0.000000
1.421867 -71.254456 32.870610 0.000000 0.000000 0.000000
1.189824 -71.286854 31.705697 0.000000 0.000000 0.000000
1.343135 -71.326166 30.216450 0.000000 0.000000 0.000000
