# Event 2501
# Params: dx_requested=3.588668 dx_event(vote)=3.588668 rline(inlier)=3.588668 minvotes=4 nstart=2 cover=0.800 nlines=4
# HoughMemory: requested_MB=80.062 allocated_MB=80.062 num_x=128 directions=1281 coarsened=0 maxmem_MB=0.000
# N0=159 assigned=159 remaining_after_force=0
# Line 1: n=132 a=(-6.303,-64.993,66.068) b=(0.004,-0.019,-1.000) start=(-6.898,-62.115,216.627) end=(-6.074,-66.101,8.098)
# x y z globalTime peakAmplitude integratedCharge
-5.264773 -65.189886 54.986681 0.000000 0.000000 0.000000
-3.591125 -65.233428 53.193170 0.000000 0.000000 0.000000
-6.206204 -65.314480 50.427227 0.000000 0.000000 0.000000
-6.395678 -65.322308 48.626548 0.000000 0.000000 0.000000
-5.833183 -65.407780 47.586570 0.000000 0.000000 0.000000
-5.164993 -65.470184 45.782659 0.000000 0.000000 0.000000
-3.830898 -65.438630 44.454692 0.000000 0.000000 0.000000
-4.912124 -65.387880 41.258142 0.000000 0.000000 0.000000
-3.821773 -65.436950 40.345974 0.000000 0.000000 0.000000
-4.498497 -65.575916 37.968173 0.000000 0.000000 0.000000
-5.140372 -65.665808 36.081785 0.000000 0.000000 0.000000
-4.636670 -65.651264 34.779296 0.000000 0.000000 0.000000
-5.535640 -65.735926 32.555734 0.000000 0.000000 0.000000
-4.339470 -65.770540 31.654500 0.000000 0.000000 0.000000
-4.188047 -65.837970 29.478554 0.000000 0.000000 0.000000
-5.313382 -65.782160 28.031400 0.000000 0.000000 0.000000
-3.956487 -64.150910 110.971760 0.000000 0.000000 0.000000
-4.496597 -64.259992 107.815131 0.000000 0.000000 0.000000
-6.689779 -64.422516 107.125663 0.000000 0.000000 0.000000
-6.572772 -64.612512 105.739121 0.000000 0.000000 0.000000
-5.513327 -64.736634 103.743297 0.000000 0.000000 0.000000
-6.747663 -64.736834 101.183269 0.000000 0.000000 0.000000
-6.389097 -64.712396 100.155601 0.000000 0.000000 0.000000
-5.260651 -64.717206 97.654340 0.000000 0.000000 0.000000
-6.334102 -64.736460 96.774389 0.000000 0.000000 0.000000
-6.465762 -64.729834 94.654117 0.000000 0.000000 0.000000
-6.615249 -64.727484 93.071108 0.000000 0.000000 0.000000
-6.237976 -64.712176 91.319505 0.000000 0.000000 0.000000
-5.902405 -64.771924 88.556523 0.000000 0.000000 0.000000
-6.331582 -64.727466 87.748103 0.000000 0.000000 0.000000
-4.532093 -64.763300 85.489299 0.000000 0.000000 0.000000
-4.548617 -64.806900 83.530319 0.000000 0.000000 0.000000
-4.914934 -65.969476 26.685000 0.000000 0.000000 0.000000
-6.885999 -66.152094 24.622466 0.000000 0.000000 0.000000
-6.162205 -66.157514 22.459633 0.000000 0.000000 0.000000
-6.265775 -66.194592 20.291631 0.000000 0.000000 0.000000
-6.035925 -66.230380 19.273015 0.000000 0.000000 0.000000
-5.698266 -66.271766 17.657124 0.000000 0.000000 0.000000
-4.886222 -66.355646 16.388747 0.000000 0.000000 0.000000
-3.927454 -66.369708 13.798929 0.000000 0.000000 0.000000
-4.390439 -66.478388 12.419752 0.000000 0.000000 0.000000
-5.089543 -66.589416 10.372581 0.000000 0.000000 0.000000
-6.739443 -66.848736 9.466515 0.000000 0.000000 0.000000
-5.481644 -64.996630 81.502749 0.000000 0.000000 0.000000
-4.012685 -65.056384 81.020856 0.000000 0.000000 0.000000
-6.315488 -65.072564 79.162262 0.000000 0.000000 0.000000
-4.292835 -65.145190 76.946609 0.000000 0.000000 0.000000
-6.549042 -65.106994 74.615458 0.000000 0.000000 0.000000
-4.709062 -65.094540 73.120389 0.000000 0.000000 0.000000
-4.818413 -65.115564 71.216485 0.000000 0.000000 0.000000
-4.959273 -65.183540 70.683426 0.000000 0.000000 0.000000
-4.942675 -65.154736 68.152484 0.000000 0.000000 0.000000
-4.937721 -65.043820 66.097628 0.000000 0.000000 0.000000
-4.078406 -65.169732 64.934183 0.000000 0.000000 0.000000
-3.654121 -65.302270 62.420713 0.000000 0.000000 0.000000
-3.686590 -65.256260 60.695903 0.000000 0.000000 0.000000
-3.762840 -65.250994 59.529122 0.000000 0.000000 0.000000
-5.895975 -65.289734 57.521562 0.000000 0.000000 0.000000
-5.414860 -65.350812 56.264654 0.000000 0.000000 0.000000
-3.259900 -63.134350 119.590343 0.000000 0.000000 0.000000
-3.118017 -63.885444 113.557250 0.000000 0.000000 0.000000
-6.020173 -64.241500 113.880165 0.000000 0.000000 0.000000
-2.566974 -64.134376 111.455296 0.000000 0.000000 0.000000
-5.032852 -64.222394 112.610140 0.000000 0.000000 0.000000
-7.678777 -64.370068 109.845879 0.000000 0.000000 0.000000
-8.685346 -64.316248 108.034516 0.000000 0.000000 0.000000
-7.479755 -64.349212 106.954827 0.000000 0.000000 0.000000
-9.158396 -64.283880 105.206957 0.000000 0.000000 0.000000
-9.584633 -64.277920 103.103394 0.000000 0.000000 0.000000
-8.594592 -64.273596 101.563347 0.000000 0.000000 0.000000
-8.246294 -64.333428 99.476369 0.000000 0.000000 0.000000
-7.437390 -64.302140 96.280585 0.000000 0.000000 0.000000
-7.146381 -64.352032 94.804944 0.000000 0.000000 0.000000
-7.731349 -64.307110 92.389827 0.000000 0.000000 0.000000
-7.586588 -64.318400 91.097742 0.000000 0.000000 0.000000
-8.373016 -64.335546 84.491014 0.000000 0.000000 0.000000
-7.199159 -64.345220 82.030581 0.000000 0.000000 0.000000
-9.385807 -64.324408 80.442916 0.000000 0.000000 0.000000
-8.498085 -64.395960 79.348354 0.000000 0.000000 0.000000
-7.519699 -64.438280 77.283650 0.000000 0.000000 0.000000
-7.538240 -64.467340 73.629108 0.000000 0.000000 0.000000
-7.373766 -64.482500 72.390290 0.000000 0.000000 0.000000
-7.399133 -64.432708 70.207656 0.000000 0.000000 0.000000
-8.381262 -64.419074 68.361995 0.000000 0.000000 0.000000
-7.211162 -64.504700 66.783026 0.000000 0.000000 0.000000
-8.449886 -64.550372 65.012566 0.000000 0.000000 0.000000
-9.232467 -64.562800 59.086981 0.000000 0.000000 0.000000
-9.619649 -64.603980 57.009246 0.000000 0.000000 0.000000
-9.388233 -64.618740 55.373364 0.000000 0.000000 0.000000
-7.839324 -64.837164 54.454180 0.000000 0.000000 0.000000
-9.029227 -64.722352 52.416340 0.000000 0.000000 0.000000
-9.070914 -64.976280 50.323628 0.000000 0.000000 0.000000
-7.172827 -64.884954 48.830530 0.000000 0.000000 0.000000
-7.366647 -65.004224 47.461441 0.000000 0.000000 0.000000
-7.494567 -65.025620 45.980544 0.000000 0.000000 0.000000
-7.217018 -64.948890 41.977667 0.000000 0.000000 0.000000
-7.982066 -65.041448 40.009911 0.000000 0.000000 0.000000
-7.593371 -65.034124 37.054070 0.000000 0.000000 0.000000
-8.847346 -65.127840 35.550518 0.000000 0.000000 0.000000
-9.121792 -65.293040 33.674472 0.000000 0.000000 0.000000
-9.447968 -65.177288 31.247218 0.000000 0.000000 0.000000
-7.577650 -65.401294 30.408902 0.000000 0.000000 0.000000
-7.484471 -65.149854 27.943999 0.000000 0.000000 0.000000
-7.615637 -64.289448 112.322196 0.000000 0.000000 0.000000
-77.875000 -96.290423 217.000000 0.000000 0.000000 0.000000
-74.375000 -94.956054 213.500000 0.000000 0.000000 0.000000
-72.625000 -94.073114 210.000000 0.000000 0.000000 0.000000
-70.875000 -93.085522 206.500000 0.000000 0.000000 0.000000
-69.125000 -92.225888 203.000000 0.000000 0.000000 0.000000
-63.875000 -90.062930 196.000000 0.000000 0.000000 0.000000
-62.125000 -89.188502 192.500000 0.000000 0.000000 0.000000
-56.875000 -87.187423 185.500000 0.000000 0.000000 0.000000
-55.125000 -86.285666 182.000000 0.000000 0.000000 0.000000
-48.125000 -83.247379 171.500000 0.000000 0.000000 0.000000
-46.375000 -82.503030 168.000000 0.000000 0.000000 0.000000
-41.125000 -80.564988 161.000000 0.000000 0.000000 0.000000
-39.375000 -79.691955 157.500000 0.000000 0.000000 0.000000
-27.125000 -75.111316 140.000000 0.000000 0.000000 0.000000
-20.125000 -72.171202 129.500000 0.000000 0.000000 0.000000
-0.391838 -67.429004 13.844777 0.000000 0.000000 0.000000
-0.183186 -67.375152 12.794236 0.000000 0.000000 0.000000
-0.565731 -67.670056 8.149644 0.000000 0.000000 0.000000
-9.933383 -64.301684 97.804165 0.000000 0.000000 0.000000
-9.858304 -64.326000 89.182087 0.000000 0.000000 0.000000
-9.836958 -64.306176 87.903554 0.000000 0.000000 0.000000
-9.940879 -64.367450 85.746516 0.000000 0.000000 0.000000
-10.360741 -64.399108 74.808165 0.000000 0.000000 0.000000
-10.359027 -64.574346 62.728544 0.000000 0.000000 0.000000
-10.317420 -64.595940 61.132156 0.000000 0.000000 0.000000
-10.119214 -65.005140 43.040052 0.000000 0.000000 0.000000
-10.101566 -65.146740 37.859745 0.000000 0.000000 0.000000
-9.900633 -65.314874 25.775603 0.000000 0.000000 0.000000
# Line 2: n=27 a=(3.305,-61.302,131.804) b=(0.216,0.128,0.968) start=(-1.845,-64.354,108.670) end=(7.641,-58.732,151.278)
# x y z globalTime peakAmplitude integratedCharge
-1.056567 -64.192072 110.422260 0.000000 0.000000 0.000000
-0.925313 -64.452692 108.478305 0.000000 0.000000 0.000000
6.588751 -59.404230 145.806834 0.000000 0.000000 0.000000
3.949124 -59.547950 143.600148 0.000000 0.000000 0.000000
5.811029 -59.710180 141.706519 0.000000 0.000000 0.000000
4.113845 -59.890046 139.645444 0.000000 0.000000 0.000000
4.829882 -60.327026 138.451383 0.000000 0.000000 0.000000
4.161243 -60.526620 136.733724 0.000000 0.000000 0.000000
4.843263 -60.802124 134.647765 0.000000 0.000000 0.000000
1.355293 -60.892700 135.123989 0.000000 0.000000 0.000000
5.323774 -61.004474 133.220997 0.000000 0.000000 0.000000
1.462934 -61.079846 133.581268 0.000000 0.000000 0.000000
5.940787 -61.231916 131.941974 0.000000 0.000000 0.000000
0.135935 -61.301948 131.748629 0.000000 0.000000 0.000000
3.127935 -61.550012 129.387795 0.000000 0.000000 0.000000
1.072539 -61.801086 127.387229 0.000000 0.000000 0.000000
0.476929 -62.055640 125.865394 0.000000 0.000000 0.000000
1.885743 -62.322660 124.242822 0.000000 0.000000 0.000000
1.714696 -62.586600 122.079494 0.000000 0.000000 0.000000
3.420963 -62.810474 120.340047 0.000000 0.000000 0.000000
-0.132763 -63.390960 117.068120 0.000000 0.000000 0.000000
-0.819287 -63.639160 115.787566 0.000000 0.000000 0.000000
9.493559 -59.275970 150.937198 0.000000 0.000000 0.000000
7.409706 -59.404296 149.181035 0.000000 0.000000 0.000000
8.436369 -59.337628 147.702039 0.000000 0.000000 0.000000
10.226921 -59.455994 144.644417 0.000000 0.000000 0.000000
9.996924 -59.446800 142.834055 0.000000 0.000000 0.000000
