# Event 4917
# Params: dx_requested=3.438942 dx_event(vote)=3.438942 rline(inlier)=3.438942 minvotes=4 nstart=2 cover=0.800 nlines=4
# HoughMemory: requested_MB=80.062 allocated_MB=80.062 num_x=128 directions=1281 coarsened=0 maxmem_MB=0.000
# N0=162 assigned=162 remaining_after_force=0
# Line 1: n=78 a=(3.957,-75.167,45.664) b=(0.001,-0.005,-1.000) start=(3.899,-74.969,84.026) end=(4.012,-75.360,8.400)
# x y z globalTime peakAmplitude integratedCharge
3.791260 -74.587756 53.517189 0.000000 0.000000 0.000000
1.604336 -74.977008 53.855297 0.000000 0.000000 0.000000
6.192405 -74.764020 53.048137 0.000000 0.000000 0.000000
2.930085 -74.926880 52.922172 0.000000 0.000000 0.000000
5.609039 -74.551400 51.122957 0.000000 0.000000 0.000000
2.960414 -74.969288 50.775333 0.000000 0.000000 0.000000
5.191543 -74.651226 48.971800 0.000000 0.000000 0.000000
3.752785 -74.727246 47.694165 0.000000 0.000000 0.000000
4.701536 -74.875616 45.506529 0.000000 0.000000 0.000000
1.436088 -74.979230 45.327240 0.000000 0.000000 0.000000
4.686991 -74.743488 43.901061 0.000000 0.000000 0.000000
4.112414 -74.766940 42.465639 0.000000 0.000000 0.000000
2.356319 -75.014728 41.413288 0.000000 0.000000 0.000000
5.558061 -74.796746 40.573382 0.000000 0.000000 0.000000
5.467324 -74.777832 38.964387 0.000000 0.000000 0.000000
1.801464 -75.018030 37.805714 0.000000 0.000000 0.000000
5.099874 -74.855560 36.514764 0.000000 0.000000 0.000000
1.717857 -75.018256 37.305700 0.000000 0.000000 0.000000
4.878394 -74.643804 35.324036 0.000000 0.000000 0.000000
1.170915 -75.074400 34.879340 0.000000 0.000000 0.000000
5.882956 -74.945540 33.459163 0.000000 0.000000 0.000000
6.850955 -74.927124 31.840102 0.000000 0.000000 0.000000
2.668785 -75.086608 31.794371 0.000000 0.000000 0.000000
5.296067 -74.909534 29.732874 0.000000 0.000000 0.000000
2.109329 -75.068820 30.114475 0.000000 0.000000 0.000000
4.287117 -74.975190 28.230725 0.000000 0.000000 0.000000
2.966745 -75.097674 27.573669 0.000000 0.000000 0.000000
2.977268 -75.182800 84.025915 0.000000 0.000000 0.000000
3.052969 -75.395000 26.896133 0.000000 0.000000 0.000000
6.846486 -75.359272 26.133189 0.000000 0.000000 0.000000
3.256974 -75.427288 24.531422 0.000000 0.000000 0.000000
6.114194 -75.250460 25.036595 0.000000 0.000000 0.000000
5.137199 -75.325920 22.445101 0.000000 0.000000 0.000000
5.013300 -75.385474 21.331765 0.000000 0.000000 0.000000
3.104501 -75.517800 19.487384 0.000000 0.000000 0.000000
5.136340 -75.431820 19.159678 0.000000 0.000000 0.000000
0.973539 -75.572608 17.286965 0.000000 0.000000 0.000000
5.066419 -75.476606 18.002798 0.000000 0.000000 0.000000
2.575905 -75.621876 15.856600 0.000000 0.000000 0.000000
4.503541 -75.552814 15.249440 0.000000 0.000000 0.000000
2.993377 -75.681604 13.827120 0.000000 0.000000 0.000000
5.392400 -75.601606 13.741580 0.000000 0.000000 0.000000
3.703314 -75.610444 11.527345 0.000000 0.000000 0.000000
2.905265 -75.784314 11.079161 0.000000 0.000000 0.000000
3.634117 -75.678588 10.011933 0.000000 0.000000 0.000000
1.983919 -75.872424 9.346584 0.000000 0.000000 0.000000
6.159679 -75.740700 8.404964 0.000000 0.000000 0.000000
1.362483 -75.940520 80.801405 0.000000 0.000000 0.000000
5.870691 -74.543900 80.426204 0.000000 0.000000 0.000000
2.860632 -75.917560 78.138629 0.000000 0.000000 0.000000
4.949748 -74.230900 78.530302 0.000000 0.000000 0.000000
2.527980 -75.981250 77.116595 0.000000 0.000000 0.000000
6.215090 -74.579194 77.416351 0.000000 0.000000 0.000000
3.047849 -75.885016 74.561814 0.000000 0.000000 0.000000
6.206450 -74.550506 75.585284 0.000000 0.000000 0.000000
1.586761 -75.767114 73.493217 0.000000 0.000000 0.000000
6.462307 -74.849952 73.181121 0.000000 0.000000 0.000000
4.351182 -74.611872 71.012071 0.000000 0.000000 0.000000
1.327432 -75.608734 70.585804 0.000000 0.000000 0.000000
5.429598 -74.832040 69.778707 0.000000 0.000000 0.000000
1.092955 -75.493548 67.928516 0.000000 0.000000 0.000000
5.808866 -74.749900 67.791077 0.000000 0.000000 0.000000
2.144650 -75.422284 66.816137 0.000000 0.000000 0.000000
5.610087 -75.128448 66.862607 0.000000 0.000000 0.000000
2.824174 -75.345324 64.318346 0.000000 0.000000 0.000000
3.135670 -75.297930 62.993896 0.000000 0.000000 0.000000
4.314790 -75.070264 62.499683 0.000000 0.000000 0.000000
3.083346 -75.276464 61.471260 0.000000 0.000000 0.000000
5.913008 -75.199012 60.549636 0.000000 0.000000 0.000000
2.794744 -75.280786 58.794771 0.000000 0.000000 0.000000
5.965372 -75.023046 59.586588 0.000000 0.000000 0.000000
3.030428 -75.269128 57.313040 0.000000 0.000000 0.000000
5.406443 -75.077796 57.788635 0.000000 0.000000 0.000000
1.786870 -75.263812 55.379374 0.000000 0.000000 0.000000
6.016254 -75.150620 56.063900 0.000000 0.000000 0.000000
0.640380 -75.465440 23.000603 0.000000 0.000000 0.000000
0.905436 -75.447308 21.112674 0.000000 0.000000 0.000000
0.270421 -75.697644 11.712505 0.000000 0.000000 0.000000
# Line 2: n=54 a=(32.933,-69.439,166.446) b=(0.333,0.056,0.941) start=(-1.653,-75.247,68.634) end=(51.983,-66.239,220.321)
# x y z globalTime peakAmplitude integratedCharge
21.875000 -71.121372 129.500000 0.000000 0.000000 0.000000
21.875000 -71.066562 133.000000 0.000000 0.000000 0.000000
23.625000 -70.873264 136.500000 0.000000 0.000000 0.000000
25.375000 -70.507123 140.000000 0.000000 0.000000 0.000000
25.375000 -70.356366 143.500000 0.000000 0.000000 0.000000
27.125000 -70.232033 143.500000 0.000000 0.000000 0.000000
27.125000 -70.151454 147.000000 0.000000 0.000000 0.000000
27.125000 -70.091426 150.500000 0.000000 0.000000 0.000000
28.875000 -69.983306 150.500000 0.000000 0.000000 0.000000
28.875000 -69.899148 154.000000 0.000000 0.000000 0.000000
30.625000 -69.578521 157.500000 0.000000 0.000000 0.000000
30.625000 -69.478528 161.000000 0.000000 0.000000 0.000000
32.375000 -69.162275 164.500000 0.000000 0.000000 0.000000
32.375000 -69.062427 168.000000 0.000000 0.000000 0.000000
34.125000 -69.079513 164.500000 0.000000 0.000000 0.000000
34.125000 -68.979665 168.000000 0.000000 0.000000 0.000000
34.125000 -68.905260 171.500000 0.000000 0.000000 0.000000
35.875000 -68.773416 171.500000 0.000000 0.000000 0.000000
35.875000 -68.675286 175.000000 0.000000 0.000000 0.000000
37.625000 -68.543187 175.000000 0.000000 0.000000 0.000000
37.625000 -68.459265 178.500000 0.000000 0.000000 0.000000
37.625000 -68.363012 182.000000 0.000000 0.000000 0.000000
39.375000 -67.920460 189.000000 0.000000 0.000000 0.000000
39.375000 -67.993770 192.500000 0.000000 0.000000 0.000000
41.125000 -67.838854 189.000000 0.000000 0.000000 0.000000
41.125000 -67.912164 192.500000 0.000000 0.000000 0.000000
41.125000 -67.851852 196.000000 0.000000 0.000000 0.000000
42.875000 -67.777282 196.000000 0.000000 0.000000 0.000000
42.875000 -67.703567 199.500000 0.000000 0.000000 0.000000
44.625000 -67.339077 203.000000 0.000000 0.000000 0.000000
44.625000 -67.439067 206.500000 0.000000 0.000000 0.000000
46.375000 -67.272662 203.000000 0.000000 0.000000 0.000000
46.375000 -67.372652 206.500000 0.000000 0.000000 0.000000
48.125000 -67.232250 203.000000 0.000000 0.000000 0.000000
48.125000 -67.312310 210.000000 0.000000 0.000000 0.000000
49.875000 -67.157448 213.500000 0.000000 0.000000 0.000000
49.875000 -67.103712 217.000000 0.000000 0.000000 0.000000
51.625000 -67.185148 213.500000 0.000000 0.000000 0.000000
51.625000 -67.131412 217.000000 0.000000 0.000000 0.000000
51.625000 -67.120807 220.500000 0.000000 0.000000 0.000000
-0.675607 -75.939856 74.768918 0.000000 0.000000 0.000000
-3.428881 -75.740020 71.693550 0.000000 0.000000 0.000000
0.400646 -75.736988 71.599015 0.000000 0.000000 0.000000
-3.273047 -75.671136 70.189272 0.000000 0.000000 0.000000
-2.055874 -75.637976 68.799182 0.000000 0.000000 0.000000
14.875000 -72.523392 108.500000 0.000000 0.000000 0.000000
18.375000 -71.861376 112.000000 0.000000 0.000000 0.000000
18.375000 -71.854710 115.500000 0.000000 0.000000 0.000000
20.125000 -71.357385 119.000000 0.000000 0.000000 0.000000
20.125000 -71.506641 122.500000 0.000000 0.000000 0.000000
21.875000 -70.988422 126.000000 0.000000 0.000000 0.000000
23.625000 -70.916724 126.000000 0.000000 0.000000 0.000000
23.625000 -70.994864 133.000000 0.000000 0.000000 0.000000
28.875000 -70.043334 147.000000 0.000000 0.000000 0.000000
# Line 3: n=30 a=(-3.251,-76.718,89.994) b=(0.118,0.062,-0.991) start=(-5.407,-77.860,108.163) end=(3.368,-73.211,34.212)
# x y z globalTime peakAmplitude integratedCharge
0.697636 -74.949760 49.117349 0.000000 0.000000 0.000000
-4.526295 -79.069812 108.191197 0.000000 0.000000 0.000000
-4.020036 -78.603220 106.033311 0.000000 0.000000 0.000000
-5.807388 -78.184650 105.693801 0.000000 0.000000 0.000000
-4.978811 -77.736364 103.549762 0.000000 0.000000 0.000000
-5.475011 -77.416168 101.057871 0.000000 0.000000 0.000000
-3.957438 -77.146894 99.000424 0.000000 0.000000 0.000000
-5.511272 -76.924286 98.431108 0.000000 0.000000 0.000000
-5.399920 -76.797864 95.962327 0.000000 0.000000 0.000000
-1.632190 -76.613874 93.751895 0.000000 0.000000 0.000000
-4.922678 -76.682654 95.066169 0.000000 0.000000 0.000000
-3.303336 -76.614900 93.224605 0.000000 0.000000 0.000000
-5.782336 -76.606312 92.698464 0.000000 0.000000 0.000000
-1.579417 -76.501840 90.290688 0.000000 0.000000 0.000000
-5.934743 -76.488934 90.526633 0.000000 0.000000 0.000000
-2.959285 -76.416236 89.267983 0.000000 0.000000 0.000000
-4.411337 -76.369000 89.167363 0.000000 0.000000 0.000000
-1.746673 -76.347590 88.010043 0.000000 0.000000 0.000000
-3.814967 -76.230414 87.774865 0.000000 0.000000 0.000000
-0.635071 -76.291174 85.934275 0.000000 0.000000 0.000000
-1.191644 -76.215936 84.210369 0.000000 0.000000 0.000000
-1.345408 -76.290800 82.583828 0.000000 0.000000 0.000000
-0.994854 -76.202930 79.826456 0.000000 0.000000 0.000000
-1.039941 -76.121612 79.129496 0.000000 0.000000 0.000000
-1.237979 -75.997486 77.508035 0.000000 0.000000 0.000000
-3.020488 -75.842860 73.835116 0.000000 0.000000 0.000000
0.349043 -74.968200 47.961574 0.000000 0.000000 0.000000
0.941822 -75.009280 44.031863 0.000000 0.000000 0.000000
0.224017 -75.034240 39.878446 0.000000 0.000000 0.000000
0.075882 -75.062120 33.704963 0.000000 0.000000 0.000000
